,string,x,y
0,"allez de quarante-quatre à gauche , puis montez de trente-neuf",-44,39
1,"allez de quatre-vingt-un à gauche , puis montez de quatre-vingt-quatre",-81,84
2,"allez de soixante-trois à gauche , puis montez de quatre-vingt-un",-63,81
3,"allez de cinquante-sept à gauche , puis montez de cinquante et un",-57,51
4,"allez de quarante à gauche , puis montez de dix-neuf",-40,19
5,"allez de huit à gauche , puis montez de cinquante-huit",-8,58
6,"allez de cinquante-huit à gauche , puis montez de soixante-six",-58,66
7,"allez de soixante-seize à gauche , puis montez de quarante-six",-76,46
8,"allez de vingt-huit à gauche , puis montez de soixante-seize",-28,76
9,"allez de trois à gauche , puis montez de sept",-3,7
10,"allez de soixante-douze à gauche , puis montez de cinquante-six",-72,56
11,"allez de vingt-quatre à gauche , puis montez de quatre-vingt-onze",-24,91
12,"allez de soixante-seize à gauche , puis montez de cent",-76,100
13,"allez de cinquante-trois à gauche , puis montez de quatre-vingt-seize",-53,96
14,"allez de quatre-vingt-neuf à gauche , puis montez de vingt",-89,20
15,"allez de dix-neuf à gauche , puis montez de soixante-huit",-19,68
16,"allez de quatre-vingt-quatorze à gauche , puis montez de trois",-94,3
17,"allez de soixante-dix à gauche , puis montez de neuf",-70,9
18,"allez de vingt-huit à gauche , puis montez de quarante-sept",-28,47
19,"allez de quatre-vingt-seize à gauche , puis montez de quatre-vingt-neuf",-96,89
20,"allez de vingt à gauche , puis montez de trente-deux",-20,32
21,"allez de vingt-sept à gauche , puis montez de soixante",-27,60
22,"allez de vingt-huit à gauche , puis montez de onze",-28,11
23,"allez de cinquante-six à gauche , puis montez de vingt et un",-56,21
24,"allez de vingt-huit à gauche , puis montez de soixante-cinq",-28,65
25,"allez de quatre-vingt-douze à gauche , puis montez de soixante-quatre",-92,64
26,"allez de cinquante et un à gauche , puis montez de vingt-quatre",-51,24
27,"allez de huit à gauche , puis montez de soixante-six",-8,66
28,"allez de soixante-quatre à gauche , puis montez de cinquante et un",-64,51
29,"allez de quarante-trois à gauche , puis montez de soixante-deux",-43,62
30,"allez de vingt-deux à gauche , puis montez de cinquante-trois",-22,53
31,"allez de soixante à gauche , puis montez de six",-60,6
32,"allez de deux à gauche , puis montez de cinquante-huit",-2,58
33,"allez de quatre-vingt-sept à gauche , puis montez de soixante",-87,60
34,"allez de douze à gauche , puis montez de cinquante et un",-12,51
35,"allez de cinquante-cinq à gauche , puis montez de soixante-dix-neuf",-55,79
36,"allez de quatre à gauche , puis montez de cinquante-neuf",-4,59
37,"allez de cinquante-sept à gauche , puis montez de sept",-57,7
38,"allez de dix-neuf à gauche , puis montez de cinquante-quatre",-19,54
39,"allez de soixante-neuf à gauche , puis montez de quatre-vingt-quinze",-69,95
40,"allez de quatre-vingt-trois à gauche , puis montez de quarante-six",-83,46
41,"allez de soixante-deux à gauche , puis montez de trente-cinq",-62,35
42,"allez de trente-huit à gauche , puis montez de trente-six",-38,36
43,"allez de soixante-dix-sept à gauche , puis montez de vingt-six",-77,26
44,"allez de trente-neuf à gauche , puis montez de quarante-quatre",-39,44
45,"allez de soixante-seize à gauche , puis montez de vingt-six",-76,26
46,"allez de quarante-neuf à gauche , puis montez de quatre-vingt-deux",-49,82
47,"allez de soixante-dix à gauche , puis montez de soixante-dix",-70,70
48,"allez de quatre-vingt-douze à gauche , puis montez de vingt-trois",-92,23
49,"allez de quatre-vingt-dix-neuf à gauche , puis montez de dix-huit",-99,18
50,"allez de quarante-neuf à gauche , puis montez de quatre-vingts",-49,80
51,"allez de quatre-vingt-trois à gauche , puis montez de quatre-vingt-un",-83,81
52,"allez de trente à gauche , puis montez de cinquante et un",-30,51
53,"allez de cinquante et un à gauche , puis montez de vingt-six",-51,26
54,"allez de soixante-treize à gauche , puis montez de trente et un",-73,31
55,"allez de quatre-vingt-sept à gauche , puis montez de soixante",-87,60
56,"allez de trente-neuf à gauche , puis montez de quatre-vingt-dix",-39,90
57,"allez de vingt-neuf à gauche , puis montez de quatre-vingt-huit",-29,88
58,"allez de cinquante-deux à gauche , puis montez de cinquante-neuf",-52,59
59,"allez de trente-trois à gauche , puis montez de quarante-sept",-33,47
60,"allez de treize à gauche , puis montez de soixante-trois",-13,63
61,"allez de trente-six à gauche , puis montez de quatre-vingt-deux",-36,82
62,"allez de dix à gauche , puis montez de cinquante-cinq",-10,55
63,"allez de un à gauche , puis montez de cinquante-sept",-1,57
64,"allez de soixante-quatorze à gauche , puis montez de vingt-cinq",-74,25
65,"allez de dix à gauche , puis montez de soixante-cinq",-10,65
66,"allez de soixante-six à gauche , puis montez de vingt et un",-66,21
67,"allez de quatre-vingts à gauche , puis montez de soixante-quatre",-80,64
68,"allez de quarante à gauche , puis montez de soixante-six",-40,66
69,"allez de trente-huit à gauche , puis montez de quatorze",-38,14
70,"allez de quatre-vingt-quatre à gauche , puis montez de quatre-vingt-quatorze",-84,94
71,"allez de cinquante-neuf à gauche , puis montez de quatre-vingt-dix-huit",-59,98
72,"allez de trente-six à gauche , puis montez de quatre-vingt-neuf",-36,89
73,"allez de soixante-cinq à gauche , puis montez de seize",-65,16
74,"allez de quatre-vingt-seize à gauche , puis montez de quarante-sept",-96,47
75,"allez de vingt-sept à gauche , puis montez de soixante-dix-sept",-27,77
76,"allez de douze à gauche , puis montez de trente-cinq",-12,35
77,"allez de huit à gauche , puis montez de un",-8,1
78,"allez de quarante-deux à gauche , puis montez de douze",-42,12
79,"allez de cent à gauche , puis montez de vingt-neuf",-100,29
80,"allez de trente-trois à gauche , puis montez de soixante",-33,60
81,"allez de dix à gauche , puis montez de trente-trois",-10,33
82,"allez de quatre-vingt-quatorze à gauche , puis montez de sept",-94,7
83,"allez de quatre-vingt-huit à gauche , puis montez de soixante-quatre",-88,64
84,"allez de quatre-vingt-dix à gauche , puis montez de quarante-neuf",-90,49
85,"allez de soixante-douze à gauche , puis montez de quatre-vingt-quinze",-72,95
86,"allez de soixante-deux à gauche , puis montez de soixante-quatorze",-62,74
87,"allez de soixante-quatre à gauche , puis montez de quatre-vingt-quatorze",-64,94
88,"allez de quatre-vingt-sept à gauche , puis montez de quatre-vingt-deux",-87,82
89,"allez de quarante-deux à gauche , puis montez de trente-sept",-42,37
90,"allez de quarante-six à gauche , puis montez de soixante-dix-huit",-46,78
91,"allez de soixante-dix-sept à gauche , puis montez de quatre-vingt-trois",-77,83
92,"allez de onze à gauche , puis montez de vingt-neuf",-11,29
93,"allez de dix-neuf à gauche , puis montez de onze",-19,11
94,"allez de un à gauche , puis montez de quarante-huit",-1,48
95,"allez de trente à gauche , puis montez de cinquante-trois",-30,53
96,"allez de vingt et un à gauche , puis montez de vingt-cinq",-21,25
97,"allez de cinq à gauche , puis montez de douze",-5,12
98,"allez de soixante-sept à gauche , puis montez de quarante-huit",-67,48
99,"allez de quatre-vingt-dix-sept à gauche , puis montez de quatre-vingt-un",-97,81
100,"allez de quatre-vingts à gauche , puis montez de quarante-sept",-80,47
101,"allez de quatre à gauche , puis montez de soixante et onze",-4,71
102,"allez de quatre-vingt-dix-neuf à gauche , puis montez de vingt-cinq",-99,25
103,"allez de vingt-sept à gauche , puis montez de cinq",-27,5
104,"allez de soixante-sept à gauche , puis montez de quatre-vingt-dix-neuf",-67,99
105,"allez de soixante-trois à gauche , puis montez de soixante-dix-huit",-63,78
106,"allez de soixante-douze à gauche , puis montez de soixante-trois",-72,63
107,"allez de treize à gauche , puis montez de vingt-cinq",-13,25
108,"allez de quatre-vingt-seize à gauche , puis montez de cinq",-96,5
109,"allez de trente-deux à gauche , puis montez de soixante-dix",-32,70
110,"allez de soixante-six à gauche , puis montez de soixante-dix-sept",-66,77
111,"allez de soixante-dix-huit à gauche , puis montez de quatre-vingt-treize",-78,93
112,"allez de six à gauche , puis montez de douze",-6,12
113,"allez de vingt à gauche , puis montez de douze",-20,12
114,"allez de trente-neuf à gauche , puis montez de huit",-39,8
115,"allez de soixante-quinze à gauche , puis montez de soixante-quatre",-75,64
116,"allez de soixante-dix-neuf à gauche , puis montez de vingt-deux",-79,22
117,"allez de cinquante-neuf à gauche , puis montez de soixante-dix-neuf",-59,79
118,"allez de quatre à gauche , puis montez de quatre-vingt-quatre",-4,84
119,"allez de quarante-sept à gauche , puis montez de soixante-quatorze",-47,74
120,"allez de seize à gauche , puis montez de trois",-16,3
121,"allez de trente-neuf à gauche , puis montez de vingt-cinq",-39,25
122,"allez de trente-trois à gauche , puis montez de quatre-vingt-treize",-33,93
123,"allez de soixante-neuf à gauche , puis montez de soixante et un",-69,61
124,"allez de trente-neuf à gauche , puis montez de soixante-seize",-39,76
125,"allez de quarante-sept à gauche , puis montez de quarante-six",-47,46
126,"allez de soixante-dix-neuf à gauche , puis montez de soixante-sept",-79,67
127,"allez de quatorze à gauche , puis montez de cinquante",-14,50
128,"allez de vingt et un à gauche , puis montez de trente-six",-21,36
129,"allez de cinquante-huit à gauche , puis montez de vingt-sept",-58,27
130,"allez de quatre à gauche , puis montez de quatre-vingt-seize",-4,96
131,"allez de onze à gauche , puis montez de cinquante",-11,50
132,"allez de vingt-cinq à gauche , puis montez de quatre-vingt-seize",-25,96
133,"allez de dix à gauche , puis montez de sept",-10,7
134,"allez de un à gauche , puis montez de quatre-vingt-six",-1,86
135,"allez de trente-sept à gauche , puis montez de cinquante",-37,50
136,"allez de vingt à gauche , puis montez de quatre-vingt-trois",-20,83
137,"allez de soixante-trois à gauche , puis montez de trois",-63,3
138,"allez de seize à gauche , puis montez de deux",-16,2
139,"allez de neuf à gauche , puis montez de quatre-vingt-un",-9,81
140,"allez de vingt-cinq à gauche , puis montez de neuf",-25,9
141,"allez de cinquante-neuf à gauche , puis montez de soixante et onze",-59,71
142,"allez de quatre-vingt-cinq à gauche , puis montez de trente-six",-85,36
143,"allez de trente-six à gauche , puis montez de quatre-vingt-quatre",-36,84
144,"allez de trente-trois à gauche , puis montez de quarante-trois",-33,43
145,"allez de quatre-vingt-dix à gauche , puis montez de quatre",-90,4
146,"allez de soixante-sept à gauche , puis montez de vingt-neuf",-67,29
147,"allez de vingt-deux à gauche , puis montez de soixante-quinze",-22,75
148,"allez de cinquante-huit à gauche , puis montez de soixante et un",-58,61
149,"allez de cinq à gauche , puis montez de trente-neuf",-5,39
150,"allez de quatre-vingt-trois à gauche , puis montez de soixante-dix-huit",-83,78
151,"allez de soixante-dix-sept à gauche , puis montez de cinquante-quatre",-77,54
152,"allez de trente-neuf à gauche , puis montez de vingt-cinq",-39,25
153,"allez de dix-huit à gauche , puis montez de soixante et un",-18,61
154,"allez de vingt-deux à gauche , puis montez de seize",-22,16
155,"allez de quatre-vingt-quatorze à gauche , puis montez de quatre-vingt-quatorze",-94,94
156,"allez de cent à gauche , puis montez de cinq",-100,5
157,"allez de soixante-cinq à gauche , puis montez de vingt-neuf",-65,29
158,"allez de quatre-vingt-sept à gauche , puis montez de quatre-vingt-quinze",-87,95
159,"allez de quatre-vingt-dix à gauche , puis montez de soixante et onze",-90,71
160,"allez de dix-neuf à gauche , puis montez de cinquante-sept",-19,57
161,"allez de quarante-cinq à gauche , puis montez de trente et un",-45,31
162,"allez de soixante-quinze à gauche , puis montez de quatre-vingt-un",-75,81
163,"allez de dix-sept à gauche , puis montez de quatre-vingt-seize",-17,96
164,"allez de trois à gauche , puis montez de dix-sept",-3,17
165,"allez de quarante-sept à gauche , puis montez de quinze",-47,15
166,"allez de sept à gauche , puis montez de quatre-vingt-quatre",-7,84
167,"allez de trente-cinq à gauche , puis montez de quatre-vingt-dix-huit",-35,98
168,"allez de vingt et un à gauche , puis montez de quarante-cinq",-21,45
169,"allez de dix-neuf à gauche , puis montez de deux",-19,2
170,"allez de soixante-huit à gauche , puis montez de quatre-vingt-treize",-68,93
171,"allez de quatre-vingts à gauche , puis montez de quarante-deux",-80,42
172,"allez de cinquante et un à gauche , puis montez de quatre-vingt-quatre",-51,84
173,"allez de onze à gauche , puis montez de quatre-vingt-quatorze",-11,94
174,"allez de vingt et un à gauche , puis montez de cinquante-trois",-21,53
175,"allez de cinquante-neuf à gauche , puis montez de vingt-neuf",-59,29
176,"allez de seize à gauche , puis montez de quatre-vingt-dix-neuf",-16,99
177,"allez de soixante-seize à gauche , puis montez de soixante-huit",-76,68
178,"allez de soixante-trois à gauche , puis montez de vingt-cinq",-63,25
179,"allez de quatre-vingt-sept à gauche , puis montez de quarante-quatre",-87,44
180,"allez de treize à gauche , puis montez de quatre-vingt-dix-neuf",-13,99
181,"allez de soixante-neuf à gauche , puis montez de soixante-seize",-69,76
182,"allez de soixante-douze à gauche , puis montez de quatre-vingts",-72,80
183,"allez de quatre-vingt-dix-sept à gauche , puis montez de cinquante-deux",-97,52
184,"allez de trente-sept à gauche , puis montez de quatre-vingt-dix-sept",-37,97
185,"allez de vingt-sept à gauche , puis montez de trente-trois",-27,33
186,"allez de quatre-vingt-quinze à gauche , puis montez de vingt et un",-95,21
187,"allez de trente-six à gauche , puis montez de quatre-vingt-seize",-36,96
188,"allez de quarante-sept à gauche , puis montez de trente-deux",-47,32
189,"allez de vingt-six à gauche , puis montez de neuf",-26,9
190,"allez de trente-cinq à gauche , puis montez de quatre-vingt-cinq",-35,85
191,"allez de cinquante à gauche , puis montez de vingt-neuf",-50,29
192,"allez de vingt-cinq à gauche , puis montez de neuf",-25,9
193,"allez de quatre-vingt-dix à gauche , puis montez de treize",-90,13
194,"allez de vingt à gauche , puis montez de soixante-six",-20,66
195,"allez de quarante-six à gauche , puis montez de trente-sept",-46,37
196,"allez de cinquante-cinq à gauche , puis montez de cent",-55,100
197,"allez de cent à gauche , puis montez de soixante-neuf",-100,69
198,"allez de trente et un à gauche , puis montez de treize",-31,13
199,"allez de quarante et un à gauche , puis montez de quatre-vingt-quatre",-41,84
200,"allez de dix à gauche , puis montez de soixante-trois",-10,63
201,"allez de cinquante-sept à gauche , puis montez de trente-quatre",-57,34
202,"allez de trente-six à gauche , puis montez de soixante-neuf",-36,69
203,"allez de trente-cinq à gauche , puis montez de quatre-vingt-six",-35,86
204,"allez de cinq à gauche , puis montez de quatre-vingt-six",-5,86
205,"allez de douze à gauche , puis montez de trente-quatre",-12,34
206,"allez de quarante-six à gauche , puis montez de quatre-vingt-cinq",-46,85
207,"allez de quatre-vingt-quinze à gauche , puis montez de quatre-vingt-quatre",-95,84
208,"allez de trente-trois à gauche , puis montez de cinquante-huit",-33,58
209,"allez de quarante-trois à gauche , puis montez de soixante-treize",-43,73
210,"allez de cinquante et un à gauche , puis montez de quatorze",-51,14
211,"allez de vingt-deux à gauche , puis montez de soixante-neuf",-22,69
212,"allez de trente et un à gauche , puis montez de trente-huit",-31,38
213,"allez de quarante-quatre à gauche , puis montez de quatre-vingt-neuf",-44,89
214,"allez de vingt-six à gauche , puis montez de quatre-vingt-trois",-26,83
215,"allez de quatre-vingt-treize à gauche , puis montez de cinquante-trois",-93,53
216,"allez de quatre-vingt-dix-sept à gauche , puis montez de un",-97,1
217,"allez de trente-huit à gauche , puis montez de quarante-sept",-38,47
218,"allez de dix à gauche , puis montez de cinquante",-10,50
219,"allez de cinquante et un à gauche , puis montez de cinquante-cinq",-51,55
220,"allez de quatre-vingt-dix-sept à gauche , puis montez de quatre-vingt-un",-97,81
221,"allez de quatre-vingt-douze à gauche , puis montez de vingt-quatre",-92,24
222,"allez de soixante-trois à gauche , puis montez de soixante-douze",-63,72
223,"allez de sept à gauche , puis montez de quarante-trois",-7,43
224,"allez de cinquante-neuf à gauche , puis montez de soixante-trois",-59,63
225,"allez de quatre-vingt-trois à gauche , puis montez de quarante-deux",-83,42
226,"allez de quatre-vingt-quatre à gauche , puis montez de soixante-quinze",-84,75
227,"allez de cinquante-trois à gauche , puis montez de quatre-vingt-seize",-53,96
228,"allez de dix-huit à gauche , puis montez de soixante-neuf",-18,69
229,"allez de soixante-huit à gauche , puis montez de soixante-neuf",-68,69
230,"allez de quatre-vingt-six à gauche , puis montez de cinquante-neuf",-86,59
231,"allez de quarante-huit à gauche , puis montez de soixante-sept",-48,67
232,"allez de douze à gauche , puis montez de quarante-cinq",-12,45
233,"allez de treize à gauche , puis montez de quatre-vingt-un",-13,81
234,"allez de quinze à gauche , puis montez de soixante-trois",-15,63
235,"allez de soixante-huit à gauche , puis montez de soixante-dix-huit",-68,78
236,"allez de soixante-seize à gauche , puis montez de trente-six",-76,36
237,"allez de cinquante-neuf à gauche , puis montez de cinquante-neuf",-59,59
238,"allez de cinquante-huit à gauche , puis montez de cinquante-cinq",-58,55
239,"allez de quatre-vingt-dix à gauche , puis montez de vingt-cinq",-90,25
240,"allez de trente-deux à gauche , puis montez de six",-32,6
241,"allez de soixante-quinze à gauche , puis montez de quatre-vingt-un",-75,81
242,"allez de quatre-vingt-huit à gauche , puis montez de soixante et onze",-88,71
243,"allez de soixante-trois à gauche , puis montez de dix-neuf",-63,19
244,"allez de quarante-six à gauche , puis montez de soixante et un",-46,61
245,"allez de vingt-neuf à gauche , puis montez de quatre-vingt-quinze",-29,95
246,"allez de quinze à gauche , puis montez de soixante-dix-sept",-15,77
247,"allez de neuf à gauche , puis montez de dix-sept",-9,17
248,"allez de soixante-huit à gauche , puis montez de trente-sept",-68,37
249,"allez de soixante-deux à gauche , puis montez de quatre-vingt-quatorze",-62,94
250,"allez de quatre-vingt-sept à gauche , puis montez de quatre-vingt-quinze",-87,95
251,"allez de quarante-neuf à gauche , puis montez de soixante-quinze",-49,75
252,"allez de quatre-vingt-treize à gauche , puis montez de quatre-vingt-six",-93,86
253,"allez de cinquante-cinq à gauche , puis montez de quarante-huit",-55,48
254,"allez de soixante-trois à gauche , puis montez de quatorze",-63,14
255,"allez de trente-trois à gauche , puis montez de un",-33,1
256,"allez de soixante-huit à gauche , puis montez de quatre-vingt-onze",-68,91
257,"allez de trente à gauche , puis montez de dix-neuf",-30,19
258,"allez de quatre-vingt-treize à gauche , puis montez de sept",-93,7
259,"allez de trente-quatre à gauche , puis montez de quatre-vingt-cinq",-34,85
260,"allez de quarante-sept à gauche , puis montez de cinquante et un",-47,51
261,"allez de vingt-neuf à gauche , puis montez de quatre-vingt-treize",-29,93
262,"allez de soixante-quatorze à gauche , puis montez de neuf",-74,9
263,"allez de cinquante-cinq à gauche , puis montez de cinquante-sept",-55,57
264,"allez de quatre-vingt-dix-sept à gauche , puis montez de dix-sept",-97,17
265,"allez de cinquante-sept à gauche , puis montez de trente et un",-57,31
266,"allez de cinq à gauche , puis montez de quatre-vingt-quinze",-5,95
267,"allez de sept à gauche , puis montez de cinq",-7,5
268,"allez de cinquante-quatre à gauche , puis montez de quatre-vingt-dix-huit",-54,98
269,"allez de quinze à gauche , puis montez de quatre-vingt-neuf",-15,89
270,"allez de vingt-cinq à gauche , puis montez de quatre-vingt-trois",-25,83
271,"allez de soixante-dix-huit à gauche , puis montez de huit",-78,8
272,"allez de quatre-vingt-quinze à gauche , puis montez de vingt-cinq",-95,25
273,"allez de soixante-cinq à gauche , puis montez de quatre-vingt-six",-65,86
274,"allez de vingt à gauche , puis montez de vingt-neuf",-20,29
275,"allez de quatre-vingts à gauche , puis montez de quarante-quatre",-80,44
276,"allez de quatre-vingt-neuf à gauche , puis montez de quatre-vingt-neuf",-89,89
277,"allez de cinquante-deux à gauche , puis montez de soixante-sept",-52,67
278,"allez de vingt-quatre à gauche , puis montez de soixante-dix",-24,70
279,"allez de dix à gauche , puis montez de quarante-huit",-10,48
280,"allez de vingt-sept à gauche , puis montez de quatre-vingt-deux",-27,82
281,"allez de vingt à gauche , puis montez de soixante-dix-huit",-20,78
282,"allez de vingt-neuf à gauche , puis montez de quatre-vingt-dix",-29,90
283,"allez de vingt-huit à gauche , puis montez de soixante-cinq",-28,65
284,"allez de quarante-six à gauche , puis montez de soixante-six",-46,66
285,"allez de soixante-sept à gauche , puis montez de quarante-trois",-67,43
286,"allez de sept à gauche , puis montez de quatre-vingt-un",-7,81
287,"allez de soixante-dix à gauche , puis montez de quatre-vingt-quatre",-70,84
288,"allez de quatre-vingt-dix à gauche , puis montez de quinze",-90,15
289,"allez de quarante à gauche , puis montez de cinquante-huit",-40,58
290,"allez de cinquante et un à gauche , puis montez de cinquante-trois",-51,53
291,"allez de quatre-vingt-treize à gauche , puis montez de cinquante-deux",-93,52
292,"allez de quatre-vingt-dix-huit à gauche , puis montez de quatre-vingt-quinze",-98,95
293,"allez de trois à gauche , puis montez de trente-sept",-3,37
294,"allez de vingt-sept à gauche , puis montez de quarante et un",-27,41
295,"allez de quatre-vingt-neuf à gauche , puis montez de cinquante-deux",-89,52
296,"allez de trente-cinq à gauche , puis montez de vingt-quatre",-35,24
297,"allez de cinquante à gauche , puis montez de dix-neuf",-50,19
298,"allez de vingt-deux à gauche , puis montez de soixante-sept",-22,67
299,"allez de quatre-vingt-sept à gauche , puis montez de quatre-vingt-trois",-87,83
300,"allez de huit à gauche , puis montez de quarante et un",-8,41
301,"allez de dix à gauche , puis montez de quatre-vingt-quatre",-10,84
302,"allez de trente-quatre à gauche , puis montez de soixante-seize",-34,76
303,"allez de quatre à gauche , puis montez de soixante et un",-4,61
304,"allez de soixante-douze à gauche , puis montez de vingt et un",-72,21
305,"allez de cinquante et un à gauche , puis montez de quarante-huit",-51,48
306,"allez de cinquante et un à gauche , puis montez de quatre-vingt-seize",-51,96
307,"allez de quatre-vingt-sept à gauche , puis montez de cinquante-deux",-87,52
308,"allez de dix-sept à gauche , puis montez de vingt-deux",-17,22
309,"allez de soixante-dix-huit à gauche , puis montez de quatre-vingt-neuf",-78,89
310,"allez de vingt à gauche , puis montez de trente-deux",-20,32
311,"allez de cinquante-deux à gauche , puis montez de quatre-vingt-onze",-52,91
312,"allez de soixante à gauche , puis montez de quarante-neuf",-60,49
313,"allez de vingt-huit à gauche , puis montez de cinquante-six",-28,56
314,"allez de soixante-douze à gauche , puis montez de cinquante-neuf",-72,59
315,"allez de trois à gauche , puis montez de vingt-cinq",-3,25
316,"allez de soixante-neuf à gauche , puis montez de cinquante-neuf",-69,59
317,"allez de soixante-quinze à gauche , puis montez de vingt et un",-75,21
318,"allez de quatre-vingt-onze à gauche , puis montez de seize",-91,16
319,"allez de vingt à gauche , puis montez de soixante-dix-sept",-20,77
320,"allez de huit à gauche , puis montez de quatre-vingt-quatorze",-8,94
321,"allez de cinquante à gauche , puis montez de quarante-deux",-50,42
322,"allez de cinquante-cinq à gauche , puis montez de quatre-vingt-huit",-55,88
323,"allez de soixante et onze à gauche , puis montez de quarante-quatre",-71,44
324,"allez de soixante-sept à gauche , puis montez de trente et un",-67,31
325,"allez de soixante-trois à gauche , puis montez de un",-63,1
326,"allez de treize à gauche , puis montez de trente-huit",-13,38
327,"allez de soixante et onze à gauche , puis montez de quatre-vingt-dix-neuf",-71,99
328,"allez de quarante-trois à gauche , puis montez de trente-six",-43,36
329,"allez de treize à gauche , puis montez de soixante-huit",-13,68
330,"allez de soixante-cinq à gauche , puis montez de soixante-neuf",-65,69
331,"allez de trente-neuf à gauche , puis montez de quatre-vingt-neuf",-39,89
332,"allez de quatre-vingt-douze à gauche , puis montez de deux",-92,2
333,"allez de six à gauche , puis montez de soixante-deux",-6,62
334,"allez de quatre-vingt-deux à gauche , puis montez de quarante-quatre",-82,44
335,"allez de soixante-douze à gauche , puis montez de trente-quatre",-72,34
336,"allez de soixante à gauche , puis montez de quatre-vingt-dix-neuf",-60,99
337,"allez de quatre-vingt-trois à gauche , puis montez de quatre-vingt-douze",-83,92
338,"allez de vingt-sept à gauche , puis montez de trente-neuf",-27,39
339,"allez de vingt à gauche , puis montez de soixante et un",-20,61
340,"allez de vingt-deux à gauche , puis montez de quatre-vingt-douze",-22,92
341,"allez de soixante-deux à gauche , puis montez de soixante et onze",-62,71
342,"allez de quarante à gauche , puis montez de trente-sept",-40,37
343,"allez de vingt-neuf à gauche , puis montez de trente et un",-29,31
344,"allez de dix à gauche , puis montez de quatre",-10,4
345,"allez de vingt à gauche , puis montez de trente et un",-20,31
346,"allez de soixante et un à gauche , puis montez de trente et un",-61,31
347,"allez de soixante-huit à gauche , puis montez de soixante-quatre",-68,64
348,"allez de vingt-cinq à gauche , puis montez de quatre-vingt-quatre",-25,84
349,"allez de soixante et onze à gauche , puis montez de neuf",-71,9
350,"allez de quatre à gauche , puis montez de quarante",-4,40
351,"allez de trente et un à gauche , puis montez de trente et un",-31,31
352,"allez de cinquante-neuf à gauche , puis montez de quatre-vingt-deux",-59,82
353,"allez de trente-neuf à gauche , puis montez de dix-huit",-39,18
354,"allez de huit à gauche , puis montez de vingt-neuf",-8,29
355,"allez de quatre-vingts à gauche , puis montez de soixante-dix-neuf",-80,79
356,"allez de quatre-vingt-dix à gauche , puis montez de trente-cinq",-90,35
357,"allez de vingt-neuf à gauche , puis montez de soixante-huit",-29,68
358,"allez de quatre-vingts à gauche , puis montez de soixante et onze",-80,71
359,"allez de quatre-vingt-cinq à gauche , puis montez de trente-six",-85,36
360,"allez de trente-trois à gauche , puis montez de vingt-cinq",-33,25
361,"allez de quatre-vingt-cinq à gauche , puis montez de quarante-quatre",-85,44
362,"allez de neuf à gauche , puis montez de trente",-9,30
363,"allez de six à gauche , puis montez de quatre-vingt-dix-neuf",-6,99
364,"allez de quarante-sept à gauche , puis montez de trente et un",-47,31
365,"allez de huit à gauche , puis montez de quatre-vingt-trois",-8,83
366,"allez de cinquante-quatre à gauche , puis montez de quatre-vingt-cinq",-54,85
367,"allez de vingt à gauche , puis montez de vingt-cinq",-20,25
368,"allez de soixante-trois à gauche , puis montez de quatre-vingt-deux",-63,82
369,"allez de soixante-sept à gauche , puis montez de soixante-cinq",-67,65
370,"allez de quatre-vingt-huit à gauche , puis montez de quarante-trois",-88,43
371,"allez de cinq à gauche , puis montez de trente-neuf",-5,39
372,"allez de soixante-sept à gauche , puis montez de treize",-67,13
373,"allez de soixante et onze à gauche , puis montez de cinquante-sept",-71,57
374,"allez de quatre-vingt-six à gauche , puis montez de douze",-86,12
375,"allez de quarante à gauche , puis montez de soixante-dix-neuf",-40,79
376,"allez de soixante-dix-sept à gauche , puis montez de quatre-vingt-huit",-77,88
377,"allez de dix-neuf à gauche , puis montez de quatre-vingt-neuf",-19,89
378,"allez de quatre-vingt-douze à gauche , puis montez de un",-92,1
379,"allez de trente et un à gauche , puis montez de quatorze",-31,14
380,"allez de dix-neuf à gauche , puis montez de quatre-vingt-dix",-19,90
381,"allez de quatre-vingt-huit à gauche , puis montez de soixante-sept",-88,67
382,"allez de quatre-vingt-seize à gauche , puis montez de vingt-cinq",-96,25
383,"allez de trente et un à gauche , puis montez de neuf",-31,9
384,"allez de soixante-sept à gauche , puis montez de six",-67,6
385,"allez de cinquante-huit à gauche , puis montez de quatre-vingt-quatre",-58,84
386,"allez de soixante-sept à gauche , puis montez de quatre-vingt-six",-67,86
387,"allez de douze à gauche , puis montez de quatre-vingt-deux",-12,82
388,"allez de trente à gauche , puis montez de quatre-vingt-sept",-30,87
389,"allez de trente-huit à gauche , puis montez de seize",-38,16
390,"allez de soixante-seize à gauche , puis montez de dix-neuf",-76,19
391,"allez de un à gauche , puis montez de six",-1,6
392,"allez de soixante-dix à gauche , puis montez de trente et un",-70,31
393,"allez de quatre-vingt-neuf à gauche , puis montez de quatre-vingt-trois",-89,83
394,"allez de soixante-douze à gauche , puis montez de soixante-douze",-72,72
395,"allez de soixante-dix à gauche , puis montez de trois",-70,3
396,"allez de quatre-vingt-neuf à gauche , puis montez de cinq",-89,5
397,"allez de soixante-neuf à gauche , puis montez de quarante-sept",-69,47
398,"allez de dix-sept à gauche , puis montez de quatre-vingt-onze",-17,91
399,"allez de soixante-douze à gauche , puis montez de trois",-72,3
400,"allez de soixante-huit à gauche , puis montez de vingt-neuf",-68,29
401,"allez de douze à gauche , puis montez de cinquante-neuf",-12,59
402,"allez de soixante à gauche , puis montez de quarante-sept",-60,47
403,"allez de quarante-neuf à gauche , puis montez de dix",-49,10
404,"allez de quatre-vingts à gauche , puis montez de trente-cinq",-80,35
405,"allez de quatre-vingt-dix-huit à gauche , puis montez de vingt-huit",-98,28
406,"allez de soixante et onze à gauche , puis montez de cinquante-six",-71,56
407,"allez de quatre-vingt-quatre à gauche , puis montez de quatre-vingt-seize",-84,96
408,"allez de soixante-treize à gauche , puis montez de quarante-quatre",-73,44
409,"allez de soixante-dix-huit à gauche , puis montez de quarante et un",-78,41
410,"allez de huit à gauche , puis montez de vingt-neuf",-8,29
411,"allez de cinquante-huit à gauche , puis montez de quatorze",-58,14
412,"allez de quatre-vingt-seize à gauche , puis montez de sept",-96,7
413,"allez de soixante-dix-neuf à gauche , puis montez de quatre-vingt-douze",-79,92
414,"allez de quatre-vingt-sept à gauche , puis montez de soixante-huit",-87,68
415,"allez de cinquante-sept à gauche , puis montez de cinquante-six",-57,56
416,"allez de huit à gauche , puis montez de quatre-vingt-dix-huit",-8,98
417,"allez de cinquante-quatre à gauche , puis montez de trois",-54,3
418,"allez de quatre-vingt-douze à gauche , puis montez de soixante-huit",-92,68
419,"allez de cent à gauche , puis montez de cinquante-six",-100,56
420,"allez de soixante-dix-huit à gauche , puis montez de soixante-dix-neuf",-78,79
421,"allez de soixante-dix-huit à gauche , puis montez de soixante-sept",-78,67
422,"allez de vingt-neuf à gauche , puis montez de soixante-dix",-29,70
423,"allez de dix-neuf à gauche , puis montez de quatre",-19,4
424,"allez de quatre-vingt-douze à gauche , puis montez de quatre-vingt-neuf",-92,89
425,"allez de vingt-sept à gauche , puis montez de soixante et onze",-27,71
426,"allez de vingt-quatre à gauche , puis montez de soixante-dix-sept",-24,77
427,"allez de vingt-six à gauche , puis montez de soixante-dix",-26,70
428,"allez de soixante-quatorze à gauche , puis montez de cinquante-quatre",-74,54
429,"allez de cinquante-deux à gauche , puis montez de quarante-trois",-52,43
430,"allez de vingt-cinq à gauche , puis montez de quatre-vingt-trois",-25,83
431,"allez de soixante-dix à gauche , puis montez de quatre-vingt-cinq",-70,85
432,"allez de quatre-vingt-douze à gauche , puis montez de dix-neuf",-92,19
433,"allez de seize à gauche , puis montez de quarante-neuf",-16,49
434,"allez de cinquante à gauche , puis montez de quatre-vingt-neuf",-50,89
435,"allez de soixante-dix-huit à gauche , puis montez de soixante-sept",-78,67
436,"allez de soixante-quinze à gauche , puis montez de quarante-quatre",-75,44
437,"allez de cinquante-cinq à gauche , puis montez de soixante-quatre",-55,64
438,"allez de quarante-quatre à gauche , puis montez de quatre-vingt-dix-neuf",-44,99
439,"allez de quatre-vingt-quatre à gauche , puis montez de trente",-84,30
440,"allez de quarante-trois à gauche , puis montez de quarante-huit",-43,48
441,"allez de quarante et un à gauche , puis montez de soixante-quinze",-41,75
442,"allez de quatre-vingt-douze à gauche , puis montez de soixante-quatre",-92,64
443,"allez de quatre-vingt-huit à gauche , puis montez de soixante-huit",-88,68
444,"allez de quatre-vingt-deux à gauche , puis montez de quatre-vingt-quatre",-82,84
445,"allez de quatre-vingt-deux à gauche , puis montez de soixante et un",-82,61
446,"allez de soixante-quinze à gauche , puis montez de dix-neuf",-75,19
447,"allez de soixante-quatre à gauche , puis montez de trente",-64,30
448,"allez de quarante-quatre à gauche , puis montez de treize",-44,13
449,"allez de neuf à gauche , puis montez de vingt-six",-9,26
450,"allez de un à gauche , puis montez de trente-six",-1,36
451,"allez de soixante-dix-sept à gauche , puis montez de quatre-vingt-quinze",-77,95
452,"allez de cinquante-quatre à gauche , puis montez de soixante-sept",-54,67
453,"allez de quarante à gauche , puis montez de trente et un",-40,31
454,"allez de vingt et un à gauche , puis montez de quarante-deux",-21,42
455,"allez de quarante-six à gauche , puis montez de soixante-neuf",-46,69
456,"allez de soixante-huit à gauche , puis montez de quatre-vingt-quatorze",-68,94
457,"allez de neuf à gauche , puis montez de vingt et un",-9,21
458,"allez de neuf à gauche , puis montez de soixante-douze",-9,72
459,"allez de quatre-vingt-onze à gauche , puis montez de quarante-cinq",-91,45
460,"allez de soixante-dix-neuf à gauche , puis montez de quatre-vingts",-79,80
461,"allez de trente-cinq à gauche , puis montez de cinquante-neuf",-35,59
462,"allez de quatre-vingt-quatorze à gauche , puis montez de trente-trois",-94,33
463,"allez de quatre-vingt-douze à gauche , puis montez de un",-92,1
464,"allez de trente-sept à gauche , puis montez de quarante-quatre",-37,44
465,"allez de deux à gauche , puis montez de dix",-2,10
466,"allez de trente et un à gauche , puis montez de trente-sept",-31,37
467,"allez de quatre-vingt-trois à gauche , puis montez de quarante",-83,40
468,"allez de quinze à gauche , puis montez de quatre-vingt-trois",-15,83
469,"allez de quarante et un à gauche , puis montez de trois",-41,3
470,"allez de quatre-vingts à gauche , puis montez de quarante",-80,40
471,"allez de cinquante-neuf à gauche , puis montez de vingt-trois",-59,23
472,"allez de quatre-vingt-six à gauche , puis montez de quarante-neuf",-86,49
473,"allez de trente et un à gauche , puis montez de trente-huit",-31,38
474,"allez de trente-quatre à gauche , puis montez de quatre-vingt-onze",-34,91
475,"allez de soixante et un à gauche , puis montez de trente-deux",-61,32
476,"allez de vingt-quatre à gauche , puis montez de soixante et onze",-24,71
477,"allez de cinquante et un à gauche , puis montez de quarante-quatre",-51,44
478,"allez de trois à gauche , puis montez de dix-neuf",-3,19
479,"allez de huit à gauche , puis montez de quatre-vingt-trois",-8,83
480,"allez de quinze à gauche , puis montez de cinquante-sept",-15,57
481,"allez de quarante-sept à gauche , puis montez de quinze",-47,15
482,"allez de quatre-vingt-deux à gauche , puis montez de soixante-dix-sept",-82,77
483,"allez de quatre-vingt-deux à gauche , puis montez de soixante-treize",-82,73
484,"allez de soixante-huit à gauche , puis montez de trente-sept",-68,37
485,"allez de cinquante-huit à gauche , puis montez de cinq",-58,5
486,"allez de quatre-vingt-quatorze à gauche , puis montez de quarante-quatre",-94,44
487,"allez de trente à gauche , puis montez de quatre-vingt-quatre",-30,84
488,"allez de quatre-vingt-cinq à gauche , puis montez de quatre-vingt-sept",-85,87
489,"allez de vingt-quatre à gauche , puis montez de quatre",-24,4
490,"allez de quatre-vingt-un à gauche , puis montez de cinquante-trois",-81,53
491,"allez de quarante à gauche , puis montez de cinquante-six",-40,56
492,"allez de vingt et un à gauche , puis montez de vingt-huit",-21,28
493,"allez de soixante-treize à gauche , puis montez de trente-cinq",-73,35
494,"allez de trente-deux à gauche , puis montez de quatre-vingt-sept",-32,87
495,"allez de soixante-cinq à gauche , puis montez de quarante",-65,40
496,"allez de douze à gauche , puis montez de cinquante",-12,50
497,"allez de quarante et un à gauche , puis montez de quarante-huit",-41,48
498,"allez de cinquante-deux à gauche , puis montez de trente et un",-52,31
499,"allez de dix-sept à gauche , puis montez de quatre-vingt-six",-17,86
500,"allez de trente-neuf à gauche , puis montez de quatre-vingt-onze",-39,91
501,"allez de quatre-vingt-quatre à gauche , puis montez de quarante-deux",-84,42
502,"allez de douze à gauche , puis montez de quatre-vingt-onze",-12,91
503,"allez de treize à gauche , puis montez de soixante-douze",-13,72
504,"allez de quatre-vingt-trois à gauche , puis montez de vingt-sept",-83,27
505,"allez de cinquante-deux à gauche , puis montez de quatre-vingt-neuf",-52,89
506,"allez de neuf à gauche , puis montez de deux",-9,2
507,"allez de dix-sept à gauche , puis montez de trente",-17,30
508,"allez de vingt-huit à gauche , puis montez de quatre-vingt-neuf",-28,89
509,"allez de soixante-seize à gauche , puis montez de quatre-vingt-quatorze",-76,94
510,"allez de trente-sept à gauche , puis montez de cinquante-six",-37,56
511,"allez de soixante-dix-neuf à gauche , puis montez de quatre-vingt-dix-huit",-79,98
512,"allez de vingt à gauche , puis montez de soixante-neuf",-20,69
513,"allez de trente-sept à gauche , puis montez de quatre-vingt-dix",-37,90
514,"allez de douze à gauche , puis montez de trois",-12,3
515,"allez de quatre-vingt-huit à gauche , puis montez de quarante-cinq",-88,45
516,"allez de trente-deux à gauche , puis montez de sept",-32,7
517,"allez de cinquante à gauche , puis montez de soixante-dix-sept",-50,77
518,"allez de soixante-seize à gauche , puis montez de quatre-vingt-sept",-76,87
519,"allez de trente et un à gauche , puis montez de soixante-dix-sept",-31,77
520,"allez de soixante-seize à gauche , puis montez de trente-six",-76,36
521,"allez de douze à gauche , puis montez de soixante-douze",-12,72
522,"allez de soixante-quinze à gauche , puis montez de deux",-75,2
523,"allez de cinquante-trois à gauche , puis montez de dix",-53,10
524,"allez de quatre-vingt-treize à gauche , puis montez de cinquante-quatre",-93,54
525,"allez de quatre-vingt-neuf à gauche , puis montez de soixante-neuf",-89,69
526,"allez de soixante-dix à gauche , puis montez de trente-sept",-70,37
527,"allez de vingt-huit à gauche , puis montez de trente et un",-28,31
528,"allez de quatre-vingt-sept à gauche , puis montez de soixante-deux",-87,62
529,"allez de quatre-vingt-huit à gauche , puis montez de soixante-sept",-88,67
530,"allez de quatre-vingt-dix-huit à gauche , puis montez de quarante-deux",-98,42
531,"allez de quarante-six à gauche , puis montez de soixante-dix-sept",-46,77
532,"allez de vingt-trois à gauche , puis montez de quatre-vingt-dix-huit",-23,98
533,"allez de quarante-huit à gauche , puis montez de soixante-dix-huit",-48,78
534,"allez de quarante-quatre à gauche , puis montez de cinquante-quatre",-44,54
535,"allez de vingt à gauche , puis montez de quatre-vingt-douze",-20,92
536,"allez de trente et un à gauche , puis montez de soixante-quatre",-31,64
537,"allez de trente et un à gauche , puis montez de trente-deux",-31,32
538,"allez de soixante à gauche , puis montez de vingt-quatre",-60,24
539,"allez de quarante-quatre à gauche , puis montez de vingt-trois",-44,23
540,"allez de quatre-vingt-deux à gauche , puis montez de quatre-vingts",-82,80
541,"allez de vingt-cinq à gauche , puis montez de quatre-vingt-dix-huit",-25,98
542,"allez de quatre-vingts à gauche , puis montez de soixante et onze",-80,71
543,"allez de quatre-vingt-quinze à gauche , puis montez de quatre-vingts",-95,80
544,"allez de soixante à gauche , puis montez de quarante-deux",-60,42
545,"allez de quarante à gauche , puis montez de trente-cinq",-40,35
546,"allez de soixante-treize à gauche , puis montez de quatre-vingt-dix-sept",-73,97
547,"allez de trente et un à gauche , puis montez de soixante",-31,60
548,"allez de quarante-huit à gauche , puis montez de quarante-deux",-48,42
549,"allez de quatre-vingt-neuf à gauche , puis montez de trente-sept",-89,37
550,"allez de quatre-vingt-quatre à gauche , puis montez de trente-cinq",-84,35
551,"allez de neuf à gauche , puis montez de cinquante-six",-9,56
552,"allez de cinquante-deux à gauche , puis montez de soixante et un",-52,61
553,"allez de trente-quatre à gauche , puis montez de soixante-neuf",-34,69
554,"allez de soixante-quatre à gauche , puis montez de quarante et un",-64,41
555,"allez de soixante-douze à gauche , puis montez de cinquante et un",-72,51
556,"allez de soixante et onze à gauche , puis montez de trois",-71,3
557,"allez de soixante-huit à gauche , puis montez de vingt-huit",-68,28
558,"allez de onze à gauche , puis montez de vingt",-11,20
559,"allez de quatre-vingt-cinq à gauche , puis montez de quatre-vingt-dix-neuf",-85,99
560,"allez de quatre-vingt-seize à gauche , puis montez de quatre-vingt-quatorze",-96,94
561,"allez de douze à gauche , puis montez de trente-six",-12,36
562,"allez de seize à gauche , puis montez de soixante-trois",-16,63
563,"allez de soixante à gauche , puis montez de trente",-60,30
564,"allez de soixante-quatorze à gauche , puis montez de quatre-vingt-seize",-74,96
565,"allez de quinze à gauche , puis montez de soixante-huit",-15,68
566,"allez de soixante et onze à gauche , puis montez de cent",-71,100
567,"allez de soixante-trois à gauche , puis montez de quarante-sept",-63,47
568,"allez de quatre-vingts à gauche , puis montez de quarante-deux",-80,42
569,"allez de quatre-vingt-six à gauche , puis montez de onze",-86,11
570,"allez de vingt-trois à gauche , puis montez de quatre-vingt-huit",-23,88
571,"allez de soixante et onze à gauche , puis montez de quatre-vingt-neuf",-71,89
572,"allez de trente à gauche , puis montez de douze",-30,12
573,"allez de quinze à gauche , puis montez de soixante-quinze",-15,75
574,"allez de trente-quatre à gauche , puis montez de quatre-vingt-dix-huit",-34,98
575,"allez de quatre-vingt-sept à gauche , puis montez de cinquante-six",-87,56
576,"allez de quatre-vingt-dix-sept à gauche , puis montez de quatre-vingt-dix-sept",-97,97
577,"allez de cinquante-cinq à gauche , puis montez de quatre-vingt-deux",-55,82
578,"allez de quatre-vingt-neuf à gauche , puis montez de quarante et un",-89,41
579,"allez de quatre-vingt-quinze à gauche , puis montez de quatre-vingt-treize",-95,93
580,"allez de cinquante-cinq à gauche , puis montez de trente-huit",-55,38
581,"allez de soixante et onze à gauche , puis montez de un",-71,1
582,"allez de dix-huit à gauche , puis montez de quarante-quatre",-18,44
583,"allez de dix-neuf à gauche , puis montez de trente-six",-19,36
584,"allez de quatre-vingt-treize à gauche , puis montez de soixante-neuf",-93,69
585,"allez de un à gauche , puis montez de treize",-1,13
586,"allez de vingt-trois à gauche , puis montez de trente-sept",-23,37
587,"allez de soixante-dix-sept à gauche , puis montez de trente-neuf",-77,39
588,"allez de quatre-vingts à gauche , puis montez de cinquante-quatre",-80,54
589,"allez de dix-neuf à gauche , puis montez de quatre-vingt-sept",-19,87
590,"allez de treize à gauche , puis montez de quarante-quatre",-13,44
591,"allez de trente-deux à gauche , puis montez de quarante-six",-32,46
592,"allez de quatre-vingt-quatre à gauche , puis montez de soixante-six",-84,66
593,"allez de trente-six à gauche , puis montez de quatre",-36,4
594,"allez de trente à gauche , puis montez de quatre-vingt-sept",-30,87
595,"allez de sept à gauche , puis montez de quatre-vingt-deux",-7,82
596,"allez de soixante-trois à gauche , puis montez de quatre-vingt-cinq",-63,85
597,"allez de quatre-vingt-un à gauche , puis montez de vingt-deux",-81,22
598,"allez de quarante et un à gauche , puis montez de trente-six",-41,36
599,"allez de trente-quatre à gauche , puis montez de dix-neuf",-34,19
600,"allez de quatre-vingt-onze à gauche , puis montez de quatre-vingt-quatorze",-91,94
601,"allez de huit à gauche , puis montez de trente-cinq",-8,35
602,"allez de vingt à gauche , puis montez de trois",-20,3
603,"allez de deux à gauche , puis montez de soixante-dix",-2,70
604,"allez de trente-sept à gauche , puis montez de quatre",-37,4
605,"allez de soixante-cinq à gauche , puis montez de dix-neuf",-65,19
606,"allez de vingt-quatre à gauche , puis montez de cinquante-deux",-24,52
607,"allez de deux à gauche , puis montez de trente-sept",-2,37
608,"allez de quarante et un à gauche , puis montez de dix-huit",-41,18
609,"allez de trente-trois à gauche , puis montez de soixante-trois",-33,63
610,"allez de cinquante-cinq à gauche , puis montez de vingt-six",-55,26
611,"allez de sept à gauche , puis montez de neuf",-7,9
612,"allez de dix à gauche , puis montez de trente-trois",-10,33
613,"allez de quatre à gauche , puis montez de quarante-neuf",-4,49
614,"allez de quatre-vingt-douze à gauche , puis montez de trente-quatre",-92,34
615,"allez de huit à gauche , puis montez de vingt-sept",-8,27
616,"allez de quatre-vingt-dix-sept à gauche , puis montez de cinquante-neuf",-97,59
617,"allez de quatre-vingt-dix-neuf à gauche , puis montez de soixante-huit",-99,68
618,"allez de quatre-vingt-six à gauche , puis montez de dix",-86,10
619,"allez de soixante-neuf à gauche , puis montez de dix-sept",-69,17
620,"allez de quatre-vingt-six à gauche , puis montez de quatre-vingt-sept",-86,87
621,"allez de vingt et un à gauche , puis montez de quatre-vingt-douze",-21,92
622,"allez de trente à gauche , puis montez de vingt-sept",-30,27
623,"allez de quarante-six à gauche , puis montez de quatre-vingt-six",-46,86
624,"allez de vingt-huit à gauche , puis montez de quatre-vingt-onze",-28,91
625,"allez de quatre-vingt-sept à gauche , puis montez de soixante-seize",-87,76
626,"allez de quatre-vingt-cinq à gauche , puis montez de quatre-vingt-six",-85,86
627,"allez de soixante-trois à gauche , puis montez de huit",-63,8
628,"allez de quatre-vingt-un à gauche , puis montez de quarante-huit",-81,48
629,"allez de quatre-vingt-dix-huit à gauche , puis montez de vingt et un",-98,21
630,"allez de cinquante et un à gauche , puis montez de soixante-seize",-51,76
631,"allez de soixante-deux à gauche , puis montez de quatre-vingt-dix-neuf",-62,99
632,"allez de quatre-vingt-seize à gauche , puis montez de quarante-deux",-96,42
633,"allez de quatre-vingts à gauche , puis montez de vingt-sept",-80,27
634,"allez de dix-sept à gauche , puis montez de neuf",-17,9
635,"allez de dix-huit à gauche , puis montez de soixante-cinq",-18,65
636,"allez de dix à gauche , puis montez de quarante-deux",-10,42
637,"allez de vingt-quatre à gauche , puis montez de cinquante-deux",-24,52
638,"allez de trois à gauche , puis montez de quatre",-3,4
639,"allez de cinquante-cinq à gauche , puis montez de quatre-vingt-sept",-55,87
640,"allez de vingt à gauche , puis montez de quatre-vingts",-20,80
641,"allez de soixante-dix-neuf à gauche , puis montez de vingt",-79,20
642,"allez de quatre-vingt-huit à gauche , puis montez de quatre-vingt-douze",-88,92
643,"allez de quatorze à gauche , puis montez de soixante-dix-neuf",-14,79
644,"allez de soixante-dix-huit à gauche , puis montez de quarante et un",-78,41
645,"allez de sept à gauche , puis montez de un",-7,1
646,"allez de vingt-cinq à gauche , puis montez de deux",-25,2
647,"allez de trente-quatre à gauche , puis montez de vingt-sept",-34,27
648,"allez de quatre-vingt-huit à gauche , puis montez de trente-trois",-88,33
649,"allez de soixante-deux à gauche , puis montez de vingt-trois",-62,23
650,"allez de quatre-vingt-dix-neuf à gauche , puis montez de dix-neuf",-99,19
651,"allez de vingt-neuf à gauche , puis montez de soixante et onze",-29,71
652,"allez de quatre-vingt-seize à gauche , puis montez de vingt-trois",-96,23
653,"allez de trente-huit à gauche , puis montez de cinquante-quatre",-38,54
654,"allez de quarante-trois à gauche , puis montez de trente-cinq",-43,35
655,"allez de quatre-vingt-dix-neuf à gauche , puis montez de un",-99,1
656,"allez de quatorze à gauche , puis montez de deux",-14,2
657,"allez de trente-sept à gauche , puis montez de soixante-quatorze",-37,74
658,"allez de quatre-vingt-treize à gauche , puis montez de huit",-93,8
659,"allez de neuf à gauche , puis montez de trente et un",-9,31
660,"allez de cinquante-neuf à gauche , puis montez de trente-six",-59,36
661,"allez de dix-sept à gauche , puis montez de vingt-six",-17,26
662,"allez de trois à gauche , puis montez de soixante et onze",-3,71
663,"allez de vingt-quatre à gauche , puis montez de soixante-deux",-24,62
664,"allez de quatre-vingt-cinq à gauche , puis montez de quarante-sept",-85,47
665,"allez de vingt-huit à gauche , puis montez de quarante-neuf",-28,49
666,"allez de quatre-vingt-neuf à gauche , puis montez de trente-trois",-89,33
667,"allez de cinquante-sept à gauche , puis montez de trente et un",-57,31
668,"allez de six à gauche , puis montez de soixante-six",-6,66
669,"allez de quatre-vingt-dix-neuf à gauche , puis montez de soixante et onze",-99,71
670,"allez de cinquante-deux à gauche , puis montez de vingt-quatre",-52,24
671,"allez de cinquante-trois à gauche , puis montez de vingt-huit",-53,28
672,"allez de dix-huit à gauche , puis montez de quatre-vingt-six",-18,86
673,"allez de trente-deux à gauche , puis montez de deux",-32,2
674,"allez de quinze à gauche , puis montez de soixante-huit",-15,68
675,"allez de quatre-vingt-deux à gauche , puis montez de cinquante-quatre",-82,54
676,"allez de soixante-dix-neuf à gauche , puis montez de soixante-quatorze",-79,74
677,"allez de cinq à gauche , puis montez de cinquante-huit",-5,58
678,"allez de quarante-huit à gauche , puis montez de soixante-douze",-48,72
679,"allez de soixante-seize à gauche , puis montez de quatorze",-76,14
680,"allez de cinquante-sept à gauche , puis montez de soixante-cinq",-57,65
681,"allez de quatre-vingt-douze à gauche , puis montez de quarante-deux",-92,42
682,"allez de quatre-vingt-six à gauche , puis montez de soixante-dix-neuf",-86,79
683,"allez de soixante-sept à gauche , puis montez de soixante-cinq",-67,65
684,"allez de quatre-vingt-quinze à gauche , puis montez de quatre-vingt-quinze",-95,95
685,"allez de trente à gauche , puis montez de treize",-30,13
686,"allez de trente-neuf à gauche , puis montez de quatre-vingt-dix-neuf",-39,99
687,"allez de quarante-cinq à gauche , puis montez de cinquante-trois",-45,53
688,"allez de cinquante-cinq à gauche , puis montez de vingt",-55,20
689,"allez de soixante-sept à gauche , puis montez de soixante-douze",-67,72
690,"allez de dix-huit à gauche , puis montez de cinquante-trois",-18,53
691,"allez de quatre-vingt-quatre à gauche , puis montez de quatre",-84,4
692,"allez de douze à gauche , puis montez de vingt-deux",-12,22
693,"allez de quatre-vingt-dix-huit à gauche , puis montez de seize",-98,16
694,"allez de dix à gauche , puis montez de trente-quatre",-10,34
695,"allez de trente-trois à gauche , puis montez de soixante-quinze",-33,75
696,"allez de cinquante-six à gauche , puis montez de cinquante-neuf",-56,59
697,"allez de quatre-vingt-deux à gauche , puis montez de quatre-vingt-dix-huit",-82,98
698,"allez de quatre-vingt-quatre à gauche , puis montez de quatre-vingts",-84,80
699,"allez de quarante et un à gauche , puis montez de quatorze",-41,14
700,"allez de vingt-six à gauche , puis montez de soixante et un",-26,61
701,"allez de quatre-vingt-dix-neuf à gauche , puis montez de quarante et un",-99,41
702,"allez de seize à gauche , puis montez de soixante et un",-16,61
703,"allez de trente-deux à gauche , puis montez de soixante-dix-sept",-32,77
704,"allez de soixante-quatre à gauche , puis montez de soixante-trois",-64,63
705,"allez de soixante-sept à gauche , puis montez de quatre-vingt-trois",-67,83
706,"allez de trente-neuf à gauche , puis montez de quatre-vingt-un",-39,81
707,"allez de cinquante-trois à gauche , puis montez de vingt-huit",-53,28
708,"allez de quatre-vingt-dix à gauche , puis montez de vingt-trois",-90,23
709,"allez de vingt-neuf à gauche , puis montez de quatre-vingt-dix-huit",-29,98
710,"allez de soixante-six à gauche , puis montez de quarante et un",-66,41
711,"allez de cent à gauche , puis montez de vingt-quatre",-100,24
712,"allez de soixante-dix-neuf à gauche , puis montez de soixante",-79,60
713,"allez de quatre-vingt-dix-sept à gauche , puis montez de cinquante-deux",-97,52
714,"allez de soixante et onze à gauche , puis montez de quarante et un",-71,41
715,"allez de cinq à gauche , puis montez de vingt-deux",-5,22
716,"allez de quarante-neuf à gauche , puis montez de cinquante",-49,50
717,"allez de quatre à gauche , puis montez de soixante-dix-neuf",-4,79
718,"allez de soixante-dix-sept à gauche , puis montez de vingt-huit",-77,28
719,"allez de soixante-neuf à gauche , puis montez de dix-sept",-69,17
720,"allez de quarante-huit à gauche , puis montez de quarante-deux",-48,42
721,"allez de seize à gauche , puis montez de quatorze",-16,14
722,"allez de quarante à gauche , puis montez de vingt",-40,20
723,"allez de quatre-vingt-six à gauche , puis montez de cinq",-86,5
724,"allez de trente-deux à gauche , puis montez de soixante-douze",-32,72
725,"allez de quarante et un à gauche , puis montez de soixante-neuf",-41,69
726,"allez de soixante-huit à gauche , puis montez de onze",-68,11
727,"allez de soixante-dix-sept à gauche , puis montez de quatorze",-77,14
728,"allez de quatre-vingt-sept à gauche , puis montez de dix-neuf",-87,19
729,"allez de quarante-quatre à gauche , puis montez de soixante-deux",-44,62
730,"allez de quatre à gauche , puis montez de deux",-4,2
731,"allez de quatre-vingt-sept à gauche , puis montez de cinquante-cinq",-87,55
732,"allez de trente à gauche , puis montez de vingt-huit",-30,28
733,"allez de vingt-cinq à gauche , puis montez de cinquante-quatre",-25,54
734,"allez de cinquante-sept à gauche , puis montez de cinquante-quatre",-57,54
735,"allez de soixante-sept à gauche , puis montez de trente-huit",-67,38
736,"allez de quarante-quatre à gauche , puis montez de treize",-44,13
737,"allez de trente-deux à gauche , puis montez de soixante et un",-32,61
738,"allez de soixante-cinq à gauche , puis montez de vingt-deux",-65,22
739,"allez de vingt et un à gauche , puis montez de sept",-21,7
740,"allez de vingt à gauche , puis montez de vingt-trois",-20,23
741,"allez de quatre-vingt-seize à gauche , puis montez de cinquante-cinq",-96,55
742,"allez de soixante-treize à gauche , puis montez de cinquante-huit",-73,58
743,"allez de soixante-dix-neuf à gauche , puis montez de vingt et un",-79,21
744,"allez de vingt à gauche , puis montez de soixante et onze",-20,71
745,"allez de quarante et un à gauche , puis montez de vingt-quatre",-41,24
746,"allez de quarante-quatre à gauche , puis montez de quinze",-44,15
747,"allez de deux à gauche , puis montez de trente-quatre",-2,34
748,"allez de soixante-huit à gauche , puis montez de quatre-vingt-dix-neuf",-68,99
749,"allez de quarante-six à gauche , puis montez de vingt-quatre",-46,24
750,"allez de quarante-trois à gauche , puis montez de soixante-cinq",-43,65
751,"allez de soixante-treize à gauche , puis montez de quatre-vingt-quatorze",-73,94
752,"allez de soixante-sept à gauche , puis montez de huit",-67,8
753,"allez de soixante-dix-sept à gauche , puis montez de trente-cinq",-77,35
754,"allez de douze à gauche , puis montez de trente",-12,30
755,"allez de cinq à gauche , puis montez de quatre-vingt-dix-neuf",-5,99
756,"allez de quarante à gauche , puis montez de soixante-seize",-40,76
757,"allez de cinquante-quatre à gauche , puis montez de vingt et un",-54,21
758,"allez de quatre-vingts à gauche , puis montez de quatre-vingt-dix-neuf",-80,99
759,"allez de soixante-dix-huit à gauche , puis montez de vingt-neuf",-78,29
760,"allez de soixante-dix-neuf à gauche , puis montez de douze",-79,12
761,"allez de quatre-vingt-quinze à gauche , puis montez de quarante et un",-95,41
762,"allez de soixante-quinze à gauche , puis montez de cinquante-six",-75,56
763,"allez de soixante-trois à gauche , puis montez de trente",-63,30
764,"allez de trente-huit à gauche , puis montez de dix",-38,10
765,"allez de cinq à gauche , puis montez de quatre-vingt-dix",-5,90
766,"allez de trente-huit à gauche , puis montez de trois",-38,3
767,"allez de trente-quatre à gauche , puis montez de onze",-34,11
768,"allez de quarante et un à gauche , puis montez de quarante et un",-41,41
769,"allez de quatre-vingt-neuf à gauche , puis montez de quarante-sept",-89,47
770,"allez de quatre-vingt-neuf à gauche , puis montez de soixante-dix",-89,70
771,"allez de vingt-sept à gauche , puis montez de quarante et un",-27,41
772,"allez de quatre-vingt-douze à gauche , puis montez de soixante-sept",-92,67
773,"allez de quatre-vingt-dix-neuf à gauche , puis montez de dix-huit",-99,18
774,"allez de treize à gauche , puis montez de soixante-dix-neuf",-13,79
775,"allez de seize à gauche , puis montez de vingt-cinq",-16,25
776,"allez de dix-neuf à gauche , puis montez de quarante-trois",-19,43
777,"allez de quarante-deux à gauche , puis montez de quarante-six",-42,46
778,"allez de vingt-trois à gauche , puis montez de vingt-trois",-23,23
779,"allez de soixante et un à gauche , puis montez de quatre-vingt-quatorze",-61,94
780,"allez de soixante-cinq à gauche , puis montez de soixante-dix-huit",-65,78
781,"allez de quatre-vingt-cinq à gauche , puis montez de vingt-sept",-85,27
782,"allez de cinquante-sept à gauche , puis montez de quatre-vingt-seize",-57,96
783,"allez de trente-six à gauche , puis montez de quatre-vingt-dix",-36,90
784,"allez de soixante et onze à gauche , puis montez de cinquante-quatre",-71,54
785,"allez de quatre-vingt-sept à gauche , puis montez de quinze",-87,15
786,"allez de quarante-huit à gauche , puis montez de quarante-trois",-48,43
787,"allez de soixante-trois à gauche , puis montez de vingt-cinq",-63,25
788,"allez de trente-trois à gauche , puis montez de soixante-trois",-33,63
789,"allez de trente-neuf à gauche , puis montez de soixante-deux",-39,62
790,"allez de vingt-huit à gauche , puis montez de cent",-28,100
791,"allez de trente et un à gauche , puis montez de douze",-31,12
792,"allez de dix-neuf à gauche , puis montez de seize",-19,16
793,"allez de sept à gauche , puis montez de quatre-vingt-onze",-7,91
794,"allez de trente et un à gauche , puis montez de cent",-31,100
795,"allez de dix-sept à gauche , puis montez de trente-deux",-17,32
796,"allez de vingt à gauche , puis montez de quatre-vingt-sept",-20,87
797,"allez de quatre-vingt-douze à gauche , puis montez de quarante-six",-92,46
798,"allez de trente et un à gauche , puis montez de treize",-31,13
799,"allez de quatre-vingts à gauche , puis montez de quarante-sept",-80,47
800,"allez de cinq à gauche , puis montez de vingt-cinq",-5,25
801,"allez de vingt-six à gauche , puis montez de quatre-vingt-neuf",-26,89
802,"allez de quatre-vingt-sept à gauche , puis montez de vingt-deux",-87,22
803,"allez de quatre-vingt-quatre à gauche , puis montez de soixante-trois",-84,63
804,"allez de quarante à gauche , puis montez de soixante-quatre",-40,64
805,"allez de quatorze à gauche , puis montez de quatre-vingt-un",-14,81
806,"allez de trois à gauche , puis montez de quatre-vingt-seize",-3,96
807,"allez de vingt-sept à gauche , puis montez de neuf",-27,9
808,"allez de vingt-trois à gauche , puis montez de quinze",-23,15
809,"allez de quatre-vingt-cinq à gauche , puis montez de vingt-sept",-85,27
810,"allez de soixante-douze à gauche , puis montez de vingt et un",-72,21
811,"allez de cinquante et un à gauche , puis montez de trente-deux",-51,32
812,"allez de trente à gauche , puis montez de soixante-douze",-30,72
813,"allez de trente et un à gauche , puis montez de cinquante",-31,50
814,"allez de cinquante et un à gauche , puis montez de vingt",-51,20
815,"allez de vingt-quatre à gauche , puis montez de douze",-24,12
816,"allez de vingt-cinq à gauche , puis montez de soixante-dix-sept",-25,77
817,"allez de quatre-vingt-dix-huit à gauche , puis montez de trente-sept",-98,37
818,"allez de soixante-quinze à gauche , puis montez de soixante-quinze",-75,75
819,"allez de quatre-vingt-neuf à gauche , puis montez de quatre-vingt-onze",-89,91
820,"allez de cinquante-six à gauche , puis montez de trois",-56,3
821,"allez de quatre-vingt-dix-sept à gauche , puis montez de quatre-vingt-quinze",-97,95
822,"allez de cinquante-neuf à gauche , puis montez de trente-trois",-59,33
823,"allez de soixante-huit à gauche , puis montez de quarante",-68,40
824,"allez de quatre-vingt-trois à gauche , puis montez de soixante-douze",-83,72
825,"allez de quatre-vingt-cinq à gauche , puis montez de vingt-neuf",-85,29
826,"allez de quatre-vingt-un à gauche , puis montez de un",-81,1
827,"allez de soixante-dix-huit à gauche , puis montez de cinquante-cinq",-78,55
828,"allez de treize à gauche , puis montez de dix-huit",-13,18
829,"allez de six à gauche , puis montez de quarante-cinq",-6,45
830,"allez de cinquante-cinq à gauche , puis montez de sept",-55,7
831,"allez de quatre-vingt-cinq à gauche , puis montez de soixante-dix-neuf",-85,79
832,"allez de quatre-vingt-seize à gauche , puis montez de trente-quatre",-96,34
833,"allez de onze à gauche , puis montez de onze",-11,11
834,"allez de quatre-vingt-deux à gauche , puis montez de vingt-sept",-82,27
835,"allez de cinquante à gauche , puis montez de trente et un",-50,31
836,"allez de vingt-cinq à gauche , puis montez de sept",-25,7
837,"allez de soixante-treize à gauche , puis montez de quatre",-73,4
838,"allez de soixante-huit à gauche , puis montez de quatre-vingt-quinze",-68,95
839,"allez de vingt-huit à gauche , puis montez de soixante-dix-neuf",-28,79
840,"allez de cinquante-cinq à gauche , puis montez de cent",-55,100
841,"allez de quarante-sept à gauche , puis montez de cinquante",-47,50
842,"allez de quatre-vingt-onze à gauche , puis montez de quatre-vingt-deux",-91,82
843,"allez de vingt-quatre à gauche , puis montez de soixante-neuf",-24,69
844,"allez de soixante-dix-neuf à gauche , puis montez de quatre-vingt-quatorze",-79,94
845,"allez de quatre-vingt-dix-neuf à gauche , puis montez de onze",-99,11
846,"allez de trois à gauche , puis montez de onze",-3,11
847,"allez de vingt-sept à gauche , puis montez de quatre-vingt-quinze",-27,95
848,"allez de quatre-vingt-sept à gauche , puis montez de soixante-douze",-87,72
849,"allez de trente-deux à gauche , puis montez de soixante-quatre",-32,64
850,"allez de vingt-six à gauche , puis montez de huit",-26,8
851,"allez de quatre-vingt-dix à gauche , puis montez de trente et un",-90,31
852,"allez de soixante et un à gauche , puis montez de cinquante et un",-61,51
853,"allez de dix-sept à gauche , puis montez de vingt-cinq",-17,25
854,"allez de soixante-dix à gauche , puis montez de neuf",-70,9
855,"allez de quarante-cinq à gauche , puis montez de quatre-vingt-huit",-45,88
856,"allez de cinquante et un à gauche , puis montez de vingt-deux",-51,22
857,"allez de quatre-vingt-sept à gauche , puis montez de quatre-vingt-dix",-87,90
858,"allez de soixante-deux à gauche , puis montez de vingt-huit",-62,28
859,"allez de quatre-vingt-dix à gauche , puis montez de cinq",-90,5
860,"allez de cinquante-cinq à gauche , puis montez de cinq",-55,5
861,"allez de cinquante-cinq à gauche , puis montez de trente-deux",-55,32
862,"allez de quatre-vingts à gauche , puis montez de trente-deux",-80,32
863,"allez de quatre-vingt-douze à gauche , puis montez de cinquante-quatre",-92,54
864,"allez de soixante-quinze à gauche , puis montez de quatre-vingt-cinq",-75,85
865,"allez de soixante-six à gauche , puis montez de neuf",-66,9
866,"allez de soixante à gauche , puis montez de cinquante-six",-60,56
867,"allez de douze à gauche , puis montez de quatre",-12,4
868,"allez de soixante-dix-sept à gauche , puis montez de cinquante-sept",-77,57
869,"allez de cent à gauche , puis montez de cinquante-quatre",-100,54
870,"allez de deux à gauche , puis montez de trente",-2,30
871,"allez de cinquante-deux à gauche , puis montez de trente",-52,30
872,"allez de cent à gauche , puis montez de quatre-vingt-quinze",-100,95
873,"allez de quarante-trois à gauche , puis montez de quatre-vingt-dix-huit",-43,98
874,"allez de soixante et onze à gauche , puis montez de douze",-71,12
875,"allez de quatre-vingt-seize à gauche , puis montez de soixante-dix-neuf",-96,79
876,"allez de cinquante-six à gauche , puis montez de quatre-vingt-cinq",-56,85
877,"allez de cinquante-deux à gauche , puis montez de quatre-vingt-cinq",-52,85
878,"allez de vingt-deux à gauche , puis montez de quarante-huit",-22,48
879,"allez de quatre-vingt-deux à gauche , puis montez de quatre-vingt-deux",-82,82
880,"allez de soixante-sept à gauche , puis montez de six",-67,6
881,"allez de soixante-quinze à gauche , puis montez de quarante-sept",-75,47
882,"allez de dix-huit à gauche , puis montez de trente-huit",-18,38
883,"allez de trente-sept à gauche , puis montez de vingt-cinq",-37,25
884,"allez de trente-deux à gauche , puis montez de vingt-trois",-32,23
885,"allez de cinquante à gauche , puis montez de soixante-sept",-50,67
886,"allez de trente-huit à gauche , puis montez de quatre-vingt-sept",-38,87
887,"allez de sept à gauche , puis montez de quatre-vingt-seize",-7,96
888,"allez de trente-deux à gauche , puis montez de vingt-deux",-32,22
889,"allez de trente-sept à gauche , puis montez de quatre-vingt-sept",-37,87
890,"allez de quarante-deux à gauche , puis montez de quatre-vingt-cinq",-42,85
891,"allez de vingt-trois à gauche , puis montez de sept",-23,7
892,"allez de vingt-quatre à gauche , puis montez de cinq",-24,5
893,"allez de vingt-six à gauche , puis montez de quarante-quatre",-26,44
894,"allez de vingt-huit à gauche , puis montez de soixante-dix-sept",-28,77
895,"allez de seize à gauche , puis montez de cinquante-six",-16,56
896,"allez de sept à gauche , puis montez de quatorze",-7,14
897,"allez de trois à gauche , puis montez de trente-neuf",-3,39
898,"allez de quatre-vingt-dix à gauche , puis montez de sept",-90,7
899,"allez de quarante-deux à gauche , puis montez de soixante-sept",-42,67
900,"allez de vingt-trois à gauche , puis montez de cinquante-quatre",-23,54
901,"allez de quatre-vingt-seize à gauche , puis montez de trente-cinq",-96,35
902,"allez de dix-huit à gauche , puis montez de vingt-sept",-18,27
903,"allez de cinquante-six à gauche , puis montez de quatre-vingt-treize",-56,93
904,"allez de quatre-vingt-trois à gauche , puis montez de vingt-cinq",-83,25
905,"allez de quatre-vingt-trois à gauche , puis montez de soixante et un",-83,61
906,"allez de quatre-vingt-treize à gauche , puis montez de soixante-dix-sept",-93,77
907,"allez de soixante-quinze à gauche , puis montez de soixante et onze",-75,71
908,"allez de vingt-trois à gauche , puis montez de soixante et onze",-23,71
909,"allez de quarante et un à gauche , puis montez de cent",-41,100
910,"allez de cinquante à gauche , puis montez de quarante-six",-50,46
911,"allez de trente-sept à gauche , puis montez de vingt-cinq",-37,25
912,"allez de quarante-quatre à gauche , puis montez de quarante-trois",-44,43
913,"allez de soixante-quatorze à gauche , puis montez de quatre-vingt-quatre",-74,84
914,"allez de cinquante-cinq à gauche , puis montez de cinq",-55,5
915,"allez de quarante-sept à gauche , puis montez de trente-six",-47,36
916,"allez de vingt-six à gauche , puis montez de treize",-26,13
917,"allez de deux à gauche , puis montez de six",-2,6
918,"allez de vingt-six à gauche , puis montez de quatre",-26,4
919,"allez de quatre-vingt-quinze à gauche , puis montez de quarante-quatre",-95,44
920,"allez de soixante-deux à gauche , puis montez de soixante-dix-huit",-62,78
921,"allez de six à gauche , puis montez de quatre-vingt-dix-sept",-6,97
922,"allez de quatre-vingt-quinze à gauche , puis montez de vingt-neuf",-95,29
923,"allez de cinq à gauche , puis montez de soixante-quinze",-5,75
924,"allez de quatre-vingt-dix-neuf à gauche , puis montez de cinquante-neuf",-99,59
925,"allez de onze à gauche , puis montez de quarante-deux",-11,42
926,"allez de soixante-treize à gauche , puis montez de soixante-sept",-73,67
927,"allez de quatre-vingt-dix-neuf à gauche , puis montez de quatre-vingt-cinq",-99,85
928,"allez de treize à gauche , puis montez de quarante-quatre",-13,44
929,"allez de quinze à gauche , puis montez de cinquante-quatre",-15,54
930,"allez de quatre-vingt-neuf à gauche , puis montez de soixante-six",-89,66
931,"allez de quatorze à gauche , puis montez de quatre-vingt-dix",-14,90
932,"allez de dix à gauche , puis montez de quatre",-10,4
933,"allez de quarante-quatre à gauche , puis montez de neuf",-44,9
934,"allez de quarante et un à gauche , puis montez de soixante-douze",-41,72
935,"allez de quatre-vingts à gauche , puis montez de soixante-quinze",-80,75
936,"allez de quarante-huit à gauche , puis montez de cinquante-neuf",-48,59
937,"allez de quatre-vingt-onze à gauche , puis montez de six",-91,6
938,"allez de deux à gauche , puis montez de cinquante-huit",-2,58
939,"allez de quarante à gauche , puis montez de trois",-40,3
940,"allez de vingt-sept à gauche , puis montez de deux",-27,2
941,"allez de soixante-quatorze à gauche , puis montez de quatre-vingt-six",-74,86
942,"allez de quatre-vingt-six à gauche , puis montez de vingt-deux",-86,22
943,"allez de quatre-vingt-un à gauche , puis montez de vingt",-81,20
944,"allez de quarante-cinq à gauche , puis montez de cinquante-cinq",-45,55
945,"allez de soixante-six à gauche , puis montez de un",-66,1
946,"allez de seize à gauche , puis montez de vingt-deux",-16,22
947,"allez de soixante-huit à gauche , puis montez de dix-huit",-68,18
948,"allez de quatre-vingt-sept à gauche , puis montez de quatre-vingt-onze",-87,91
949,"allez de soixante-huit à gauche , puis montez de vingt-deux",-68,22
950,"allez de cinquante-six à gauche , puis montez de soixante-dix",-56,70
951,"allez de quarante-trois à gauche , puis montez de soixante-sept",-43,67
952,"allez de trente-trois à gauche , puis montez de douze",-33,12
953,"allez de cinquante-huit à gauche , puis montez de un",-58,1
954,"allez de quarante et un à gauche , puis montez de soixante-quinze",-41,75
955,"allez de vingt-six à gauche , puis montez de soixante et un",-26,61
956,"allez de soixante-quatorze à gauche , puis montez de trente-cinq",-74,35
957,"allez de quatre-vingt-treize à gauche , puis montez de quatre-vingt-treize",-93,93
958,"allez de quarante-trois à gauche , puis montez de quatre-vingt-deux",-43,82
959,"allez de cinquante-six à gauche , puis montez de vingt",-56,20
960,"allez de quatre-vingt-deux à gauche , puis montez de vingt-sept",-82,27
961,"allez de soixante à gauche , puis montez de vingt-sept",-60,27
962,"allez de soixante-dix-sept à gauche , puis montez de soixante",-77,60
963,"allez de trente à gauche , puis montez de quarante-six",-30,46
964,"allez de quatre-vingt-quatorze à gauche , puis montez de quatre-vingt-dix",-94,90
965,"allez de quatre-vingt-trois à gauche , puis montez de six",-83,6
966,"allez de quarante-cinq à gauche , puis montez de trente-deux",-45,32
967,"allez de quatre-vingt-seize à gauche , puis montez de vingt-quatre",-96,24
968,"allez de quatre-vingt-six à gauche , puis montez de soixante-deux",-86,62
969,"allez de quatre-vingt-dix à gauche , puis montez de quatre-vingt-deux",-90,82
970,"allez de sept à gauche , puis montez de vingt-huit",-7,28
971,"allez de soixante-quatorze à gauche , puis montez de vingt-deux",-74,22
972,"allez de trente-neuf à gauche , puis montez de quatre-vingt-dix-neuf",-39,99
973,"allez de trente-sept à gauche , puis montez de quatre-vingt-dix-sept",-37,97
974,"allez de dix-neuf à gauche , puis montez de quatre-vingt-onze",-19,91
975,"allez de quarante-quatre à gauche , puis montez de quarante-sept",-44,47
976,"allez de quatre-vingt-quinze à gauche , puis montez de vingt-huit",-95,28
977,"allez de trente-huit à gauche , puis montez de vingt-six",-38,26
978,"allez de quarante-trois à gauche , puis montez de quatre-vingt-huit",-43,88
979,"allez de quatre-vingt-quatorze à gauche , puis montez de soixante-dix",-94,70
980,"allez de soixante-sept à gauche , puis montez de vingt-huit",-67,28
981,"allez de quarante-huit à gauche , puis montez de quatre-vingt-six",-48,86
982,"allez de cinquante-sept à gauche , puis montez de six",-57,6
983,"allez de quinze à gauche , puis montez de quatre-vingt-quinze",-15,95
984,"allez de dix à gauche , puis montez de cinquante-deux",-10,52
985,"allez de cinquante-neuf à gauche , puis montez de quatre-vingt-treize",-59,93
986,"allez de soixante-quatorze à gauche , puis montez de quarante et un",-74,41
987,"allez de soixante-douze à gauche , puis montez de onze",-72,11
988,"allez de quatre-vingts à gauche , puis montez de quatre",-80,4
989,"allez de soixante-dix-neuf à gauche , puis montez de cinquante-sept",-79,57
990,"allez de soixante-quinze à gauche , puis montez de quatre-vingts",-75,80
991,"allez de soixante-dix-neuf à gauche , puis montez de soixante-dix-neuf",-79,79
992,"allez de vingt-quatre à gauche , puis montez de vingt-deux",-24,22
993,"allez de huit à gauche , puis montez de trente-huit",-8,38
994,"allez de soixante-huit à gauche , puis montez de dix-sept",-68,17
995,"allez de quarante-sept à gauche , puis montez de quatre-vingt-dix-neuf",-47,99
996,"allez de cinquante-deux à gauche , puis montez de soixante et un",-52,61
997,"allez de cinquante-six à gauche , puis montez de quatre-vingt-huit",-56,88
998,"allez de quatre-vingt-quinze à gauche , puis montez de sept",-95,7
999,"allez de quatre-vingt-un à gauche , puis montez de quarante-deux",-81,42
1000,"allez de soixante et onze à gauche , puis descendez de soixante-sept",-71,-67
1001,"allez de quatre-vingt-dix-huit à gauche , puis descendez de deux",-98,-2
1002,"allez de quatorze à gauche , puis descendez de cinquante-sept",-14,-57
1003,"allez de soixante-sept à gauche , puis descendez de quatre",-67,-4
1004,"allez de cent à gauche , puis descendez de soixante-dix",-100,-70
1005,"allez de soixante et onze à gauche , puis descendez de cinq",-71,-5
1006,"allez de vingt-sept à gauche , puis descendez de vingt",-27,-20
1007,"allez de quinze à gauche , puis descendez de quatre-vingt-huit",-15,-88
1008,"allez de quarante-trois à gauche , puis descendez de quatre-vingt-deux",-43,-82
1009,"allez de quatre-vingt-trois à gauche , puis descendez de soixante-neuf",-83,-69
1010,"allez de quatre-vingt-six à gauche , puis descendez de cinquante-six",-86,-56
1011,"allez de quatre-vingt-quatre à gauche , puis descendez de quatre-vingt-cinq",-84,-85
1012,"allez de vingt-six à gauche , puis descendez de vingt-neuf",-26,-29
1013,"allez de neuf à gauche , puis descendez de quatre-vingt-six",-9,-86
1014,"allez de treize à gauche , puis descendez de quatre-vingts",-13,-80
1015,"allez de quatre-vingt-dix à gauche , puis descendez de seize",-90,-16
1016,"allez de trente à gauche , puis descendez de quatre-vingt-douze",-30,-92
1017,"allez de soixante-deux à gauche , puis descendez de quatre-vingt-dix-sept",-62,-97
1018,"allez de cinquante-deux à gauche , puis descendez de vingt et un",-52,-21
1019,"allez de quarante et un à gauche , puis descendez de seize",-41,-16
1020,"allez de cinquante-neuf à gauche , puis descendez de quatre-vingt-seize",-59,-96
1021,"allez de soixante-trois à gauche , puis descendez de soixante-seize",-63,-76
1022,"allez de quatre-vingt-douze à gauche , puis descendez de quatre-vingt-dix",-92,-90
1023,"allez de quarante-cinq à gauche , puis descendez de vingt-trois",-45,-23
1024,"allez de dix-neuf à gauche , puis descendez de soixante-dix-neuf",-19,-79
1025,"allez de dix-neuf à gauche , puis descendez de cinquante-huit",-19,-58
1026,"allez de quatre-vingt-six à gauche , puis descendez de cinquante-six",-86,-56
1027,"allez de trente-quatre à gauche , puis descendez de quatre-vingt-onze",-34,-91
1028,"allez de cinquante-neuf à gauche , puis descendez de quatre-vingt-quinze",-59,-95
1029,"allez de vingt-sept à gauche , puis descendez de sept",-27,-7
1030,"allez de soixante-quatorze à gauche , puis descendez de soixante-dix-neuf",-74,-79
1031,"allez de soixante-quatre à gauche , puis descendez de soixante",-64,-60
1032,"allez de treize à gauche , puis descendez de quatre-vingt-neuf",-13,-89
1033,"allez de vingt-neuf à gauche , puis descendez de trente-cinq",-29,-35
1034,"allez de neuf à gauche , puis descendez de trente",-9,-30
1035,"allez de quatre-vingts à gauche , puis descendez de soixante et un",-80,-61
1036,"allez de quarante-neuf à gauche , puis descendez de vingt",-49,-20
1037,"allez de quatre-vingt-sept à gauche , puis descendez de seize",-87,-16
1038,"allez de neuf à gauche , puis descendez de quatre-vingt-dix-sept",-9,-97
1039,"allez de quatorze à gauche , puis descendez de cinquante-huit",-14,-58
1040,"allez de soixante-dix-sept à gauche , puis descendez de quatre-vingt-dix",-77,-90
1041,"allez de cinquante-six à gauche , puis descendez de vingt-six",-56,-26
1042,"allez de treize à gauche , puis descendez de soixante-quinze",-13,-75
1043,"allez de soixante-sept à gauche , puis descendez de quatre-vingt-quatre",-67,-84
1044,"allez de quatre-vingts à gauche , puis descendez de deux",-80,-2
1045,"allez de quatre-vingt-onze à gauche , puis descendez de quarante-quatre",-91,-44
1046,"allez de quatre-vingt-huit à gauche , puis descendez de vingt-neuf",-88,-29
1047,"allez de douze à gauche , puis descendez de cinquante-cinq",-12,-55
1048,"allez de cinq à gauche , puis descendez de soixante-dix-sept",-5,-77
1049,"allez de cinquante à gauche , puis descendez de quatre-vingt-quatorze",-50,-94
1050,"allez de dix-huit à gauche , puis descendez de vingt-deux",-18,-22
1051,"allez de vingt et un à gauche , puis descendez de soixante-dix-sept",-21,-77
1052,"allez de vingt-cinq à gauche , puis descendez de cinquante-trois",-25,-53
1053,"allez de quinze à gauche , puis descendez de soixante-huit",-15,-68
1054,"allez de cinquante-six à gauche , puis descendez de soixante-trois",-56,-63
1055,"allez de cinquante-six à gauche , puis descendez de quatre-vingt-six",-56,-86
1056,"allez de cinquante-deux à gauche , puis descendez de soixante",-52,-60
1057,"allez de trente-huit à gauche , puis descendez de soixante-dix",-38,-70
1058,"allez de quatre-vingt-six à gauche , puis descendez de quatre-vingt-dix",-86,-90
1059,"allez de vingt et un à gauche , puis descendez de soixante-seize",-21,-76
1060,"allez de cinquante-huit à gauche , puis descendez de soixante-deux",-58,-62
1061,"allez de quatre-vingt-quinze à gauche , puis descendez de soixante-sept",-95,-67
1062,"allez de soixante-neuf à gauche , puis descendez de quatre-vingt-un",-69,-81
1063,"allez de dix-sept à gauche , puis descendez de vingt-neuf",-17,-29
1064,"allez de vingt-cinq à gauche , puis descendez de neuf",-25,-9
1065,"allez de quatre-vingt-dix-huit à gauche , puis descendez de quarante-neuf",-98,-49
1066,"allez de cinquante-sept à gauche , puis descendez de dix-neuf",-57,-19
1067,"allez de soixante-dix-sept à gauche , puis descendez de cent",-77,-100
1068,"allez de trente-sept à gauche , puis descendez de cinquante-cinq",-37,-55
1069,"allez de soixante-six à gauche , puis descendez de vingt-neuf",-66,-29
1070,"allez de trente-sept à gauche , puis descendez de soixante-dix",-37,-70
1071,"allez de quarante-six à gauche , puis descendez de quatre-vingt-sept",-46,-87
1072,"allez de quarante-cinq à gauche , puis descendez de vingt et un",-45,-21
1073,"allez de soixante-dix à gauche , puis descendez de soixante-huit",-70,-68
1074,"allez de cinquante-sept à gauche , puis descendez de soixante-dix-huit",-57,-78
1075,"allez de huit à gauche , puis descendez de quarante",-8,-40
1076,"allez de trente-neuf à gauche , puis descendez de six",-39,-6
1077,"allez de soixante-neuf à gauche , puis descendez de soixante",-69,-60
1078,"allez de quatorze à gauche , puis descendez de quatre-vingts",-14,-80
1079,"allez de soixante-seize à gauche , puis descendez de trente-trois",-76,-33
1080,"allez de cinquante-deux à gauche , puis descendez de quatre-vingt-neuf",-52,-89
1081,"allez de quatre-vingt-cinq à gauche , puis descendez de quatre-vingt-trois",-85,-83
1082,"allez de soixante-neuf à gauche , puis descendez de cinquante-quatre",-69,-54
1083,"allez de dix-huit à gauche , puis descendez de trente-quatre",-18,-34
1084,"allez de cinquante-neuf à gauche , puis descendez de quatre-vingt-treize",-59,-93
1085,"allez de quatre-vingt-quatorze à gauche , puis descendez de cinquante-quatre",-94,-54
1086,"allez de quarante-neuf à gauche , puis descendez de cinquante-cinq",-49,-55
1087,"allez de soixante à gauche , puis descendez de soixante-sept",-60,-67
1088,"allez de quatre-vingt-cinq à gauche , puis descendez de cinquante-sept",-85,-57
1089,"allez de trente à gauche , puis descendez de vingt et un",-30,-21
1090,"allez de soixante-douze à gauche , puis descendez de quatre-vingt-douze",-72,-92
1091,"allez de quarante et un à gauche , puis descendez de huit",-41,-8
1092,"allez de quatre-vingts à gauche , puis descendez de soixante et un",-80,-61
1093,"allez de vingt-neuf à gauche , puis descendez de quarante-sept",-29,-47
1094,"allez de soixante-treize à gauche , puis descendez de quarante-cinq",-73,-45
1095,"allez de vingt à gauche , puis descendez de vingt-neuf",-20,-29
1096,"allez de quatre-vingt-dix-neuf à gauche , puis descendez de cinquante-six",-99,-56
1097,"allez de trente-huit à gauche , puis descendez de trente",-38,-30
1098,"allez de trente-sept à gauche , puis descendez de quarante",-37,-40
1099,"allez de soixante-sept à gauche , puis descendez de onze",-67,-11
1100,"allez de trente-cinq à gauche , puis descendez de quarante-sept",-35,-47
1101,"allez de cinquante-huit à gauche , puis descendez de soixante-dix",-58,-70
1102,"allez de dix-sept à gauche , puis descendez de soixante-dix-huit",-17,-78
1103,"allez de quatre-vingt-quatorze à gauche , puis descendez de quatre",-94,-4
1104,"allez de trente et un à gauche , puis descendez de dix-neuf",-31,-19
1105,"allez de quinze à gauche , puis descendez de quarante-deux",-15,-42
1106,"allez de quarante-sept à gauche , puis descendez de soixante-deux",-47,-62
1107,"allez de vingt-quatre à gauche , puis descendez de cinquante-sept",-24,-57
1108,"allez de quarante-quatre à gauche , puis descendez de cinquante-quatre",-44,-54
1109,"allez de quinze à gauche , puis descendez de soixante-trois",-15,-63
1110,"allez de vingt-six à gauche , puis descendez de quatre-vingt-dix",-26,-90
1111,"allez de trente-sept à gauche , puis descendez de soixante-cinq",-37,-65
1112,"allez de onze à gauche , puis descendez de trente-neuf",-11,-39
1113,"allez de quatre-vingt-seize à gauche , puis descendez de quatre-vingt-cinq",-96,-85
1114,"allez de quatre-vingt-deux à gauche , puis descendez de vingt-quatre",-82,-24
1115,"allez de deux à gauche , puis descendez de quatre-vingt-cinq",-2,-85
1116,"allez de neuf à gauche , puis descendez de quatre-vingt-dix-sept",-9,-97
1117,"allez de quatre-vingt-trois à gauche , puis descendez de cent",-83,-100
1118,"allez de soixante-seize à gauche , puis descendez de quarante",-76,-40
1119,"allez de quatre-vingt-sept à gauche , puis descendez de soixante-dix",-87,-70
1120,"allez de quatre-vingt-dix à gauche , puis descendez de cinquante-trois",-90,-53
1121,"allez de soixante-dix-huit à gauche , puis descendez de dix",-78,-10
1122,"allez de soixante-trois à gauche , puis descendez de cinquante-cinq",-63,-55
1123,"allez de cinquante à gauche , puis descendez de soixante-deux",-50,-62
1124,"allez de quatre-vingt-neuf à gauche , puis descendez de soixante-seize",-89,-76
1125,"allez de vingt-cinq à gauche , puis descendez de vingt-cinq",-25,-25
1126,"allez de quatre-vingt-onze à gauche , puis descendez de cinq",-91,-5
1127,"allez de huit à gauche , puis descendez de trente-huit",-8,-38
1128,"allez de soixante-dix à gauche , puis descendez de quarante-huit",-70,-48
1129,"allez de trois à gauche , puis descendez de vingt-neuf",-3,-29
1130,"allez de quatre-vingt-trois à gauche , puis descendez de cinquante-huit",-83,-58
1131,"allez de soixante-dix-neuf à gauche , puis descendez de soixante-trois",-79,-63
1132,"allez de treize à gauche , puis descendez de cinquante-deux",-13,-52
1133,"allez de quatre à gauche , puis descendez de douze",-4,-12
1134,"allez de soixante à gauche , puis descendez de quarante-sept",-60,-47
1135,"allez de sept à gauche , puis descendez de vingt-neuf",-7,-29
1136,"allez de vingt-deux à gauche , puis descendez de quatre-vingt-quatorze",-22,-94
1137,"allez de quatre à gauche , puis descendez de trente-deux",-4,-32
1138,"allez de vingt-deux à gauche , puis descendez de quatre-vingt-six",-22,-86
1139,"allez de vingt-sept à gauche , puis descendez de un",-27,-1
1140,"allez de quatre-vingt-treize à gauche , puis descendez de quarante-trois",-93,-43
1141,"allez de soixante-huit à gauche , puis descendez de soixante-dix-sept",-68,-77
1142,"allez de quatre-vingt-quatre à gauche , puis descendez de quatre-vingt-un",-84,-81
1143,"allez de quarante-six à gauche , puis descendez de quatre-vingt-cinq",-46,-85
1144,"allez de soixante-dix-huit à gauche , puis descendez de quarante",-78,-40
1145,"allez de soixante et un à gauche , puis descendez de quarante-deux",-61,-42
1146,"allez de quatre-vingt-sept à gauche , puis descendez de soixante-quatorze",-87,-74
1147,"allez de quatorze à gauche , puis descendez de quatre-vingt-six",-14,-86
1148,"allez de cinquante-six à gauche , puis descendez de quarante-cinq",-56,-45
1149,"allez de soixante-quatorze à gauche , puis descendez de soixante-six",-74,-66
1150,"allez de trente-trois à gauche , puis descendez de quarante-quatre",-33,-44
1151,"allez de quarante-cinq à gauche , puis descendez de deux",-45,-2
1152,"allez de soixante à gauche , puis descendez de trente-neuf",-60,-39
1153,"allez de cinquante-quatre à gauche , puis descendez de quarante-cinq",-54,-45
1154,"allez de soixante-treize à gauche , puis descendez de quatre-vingt-huit",-73,-88
1155,"allez de quatre-vingt-quatre à gauche , puis descendez de soixante-dix",-84,-70
1156,"allez de dix-sept à gauche , puis descendez de trente-huit",-17,-38
1157,"allez de trente-quatre à gauche , puis descendez de quarante-cinq",-34,-45
1158,"allez de cinquante-cinq à gauche , puis descendez de quatre-vingt-onze",-55,-91
1159,"allez de quarante-cinq à gauche , puis descendez de trente et un",-45,-31
1160,"allez de huit à gauche , puis descendez de treize",-8,-13
1161,"allez de quarante-sept à gauche , puis descendez de vingt-deux",-47,-22
1162,"allez de neuf à gauche , puis descendez de quatre-vingt-neuf",-9,-89
1163,"allez de cinquante-deux à gauche , puis descendez de cinquante",-52,-50
1164,"allez de soixante-dix-neuf à gauche , puis descendez de quatre",-79,-4
1165,"allez de soixante-deux à gauche , puis descendez de soixante-quatorze",-62,-74
1166,"allez de vingt-quatre à gauche , puis descendez de vingt et un",-24,-21
1167,"allez de neuf à gauche , puis descendez de soixante-douze",-9,-72
1168,"allez de cent à gauche , puis descendez de cinquante-deux",-100,-52
1169,"allez de soixante-trois à gauche , puis descendez de quatre-vingt-sept",-63,-87
1170,"allez de huit à gauche , puis descendez de sept",-8,-7
1171,"allez de quatre à gauche , puis descendez de quatre-vingt-douze",-4,-92
1172,"allez de quatre-vingt-dix-huit à gauche , puis descendez de cinq",-98,-5
1173,"allez de quatre-vingt-dix-neuf à gauche , puis descendez de quatre-vingt-quatorze",-99,-94
1174,"allez de soixante-deux à gauche , puis descendez de seize",-62,-16
1175,"allez de sept à gauche , puis descendez de dix",-7,-10
1176,"allez de soixante-douze à gauche , puis descendez de sept",-72,-7
1177,"allez de soixante-quatorze à gauche , puis descendez de quarante",-74,-40
1178,"allez de cinquante-neuf à gauche , puis descendez de quinze",-59,-15
1179,"allez de cinquante-six à gauche , puis descendez de quarante-neuf",-56,-49
1180,"allez de soixante et un à gauche , puis descendez de soixante-trois",-61,-63
1181,"allez de quatre-vingt-treize à gauche , puis descendez de trente",-93,-30
1182,"allez de vingt-neuf à gauche , puis descendez de dix",-29,-10
1183,"allez de trente-trois à gauche , puis descendez de treize",-33,-13
1184,"allez de soixante-quinze à gauche , puis descendez de vingt-cinq",-75,-25
1185,"allez de cinquante-neuf à gauche , puis descendez de quatre-vingt-six",-59,-86
1186,"allez de trente-deux à gauche , puis descendez de deux",-32,-2
1187,"allez de quatre à gauche , puis descendez de quarante-sept",-4,-47
1188,"allez de vingt à gauche , puis descendez de quarante-deux",-20,-42
1189,"allez de douze à gauche , puis descendez de quarante-trois",-12,-43
1190,"allez de quarante-huit à gauche , puis descendez de trois",-48,-3
1191,"allez de six à gauche , puis descendez de cinquante et un",-6,-51
1192,"allez de trente-neuf à gauche , puis descendez de trente-huit",-39,-38
1193,"allez de vingt à gauche , puis descendez de quarante-deux",-20,-42
1194,"allez de soixante et onze à gauche , puis descendez de quatre-vingt-dix-neuf",-71,-99
1195,"allez de quatre-vingt-dix-neuf à gauche , puis descendez de onze",-99,-11
1196,"allez de soixante-douze à gauche , puis descendez de cinquante-six",-72,-56
1197,"allez de quatre-vingt-onze à gauche , puis descendez de quarante",-91,-40
1198,"allez de treize à gauche , puis descendez de trente-cinq",-13,-35
1199,"allez de trente-six à gauche , puis descendez de quatre-vingt-dix-neuf",-36,-99
1200,"allez de quatre-vingt-un à gauche , puis descendez de soixante-deux",-81,-62
1201,"allez de quatre-vingts à gauche , puis descendez de cinquante-neuf",-80,-59
1202,"allez de quatre-vingt-dix à gauche , puis descendez de trente et un",-90,-31
1203,"allez de trente-quatre à gauche , puis descendez de quatre-vingt-quatre",-34,-84
1204,"allez de soixante-dix-huit à gauche , puis descendez de trente-quatre",-78,-34
1205,"allez de soixante-sept à gauche , puis descendez de quatre-vingt-dix",-67,-90
1206,"allez de quatre-vingt-seize à gauche , puis descendez de vingt-quatre",-96,-24
1207,"allez de vingt-huit à gauche , puis descendez de cinquante-neuf",-28,-59
1208,"allez de cinquante-neuf à gauche , puis descendez de quatre-vingt-dix-sept",-59,-97
1209,"allez de quatre-vingt-cinq à gauche , puis descendez de trois",-85,-3
1210,"allez de soixante-dix à gauche , puis descendez de trente",-70,-30
1211,"allez de trente et un à gauche , puis descendez de quatre-vingt-un",-31,-81
1212,"allez de trente-sept à gauche , puis descendez de quarante-cinq",-37,-45
1213,"allez de trente-cinq à gauche , puis descendez de cinq",-35,-5
1214,"allez de vingt-trois à gauche , puis descendez de dix-sept",-23,-17
1215,"allez de trente-trois à gauche , puis descendez de soixante",-33,-60
1216,"allez de soixante-quatre à gauche , puis descendez de quinze",-64,-15
1217,"allez de trente et un à gauche , puis descendez de cinquante-cinq",-31,-55
1218,"allez de quatre-vingt-douze à gauche , puis descendez de quatre-vingt-quatre",-92,-84
1219,"allez de dix-huit à gauche , puis descendez de quatre-vingt-deux",-18,-82
1220,"allez de soixante-quatre à gauche , puis descendez de trente-deux",-64,-32
1221,"allez de quatre-vingt-quatre à gauche , puis descendez de quarante-trois",-84,-43
1222,"allez de vingt-deux à gauche , puis descendez de quatre-vingts",-22,-80
1223,"allez de soixante-neuf à gauche , puis descendez de soixante-quinze",-69,-75
1224,"allez de quatre-vingt-douze à gauche , puis descendez de cinquante",-92,-50
1225,"allez de soixante-quatorze à gauche , puis descendez de huit",-74,-8
1226,"allez de quatre-vingt-dix-huit à gauche , puis descendez de trente-trois",-98,-33
1227,"allez de cinquante-trois à gauche , puis descendez de dix",-53,-10
1228,"allez de quatre-vingt-treize à gauche , puis descendez de quatre",-93,-4
1229,"allez de six à gauche , puis descendez de cinquante-sept",-6,-57
1230,"allez de quatre-vingt-sept à gauche , puis descendez de douze",-87,-12
1231,"allez de quarante-sept à gauche , puis descendez de quatre-vingt-douze",-47,-92
1232,"allez de quatorze à gauche , puis descendez de cinquante-cinq",-14,-55
1233,"allez de quarante-huit à gauche , puis descendez de soixante et un",-48,-61
1234,"allez de soixante-neuf à gauche , puis descendez de soixante-neuf",-69,-69
1235,"allez de soixante-dix-neuf à gauche , puis descendez de soixante",-79,-60
1236,"allez de dix-huit à gauche , puis descendez de soixante et onze",-18,-71
1237,"allez de soixante-quatre à gauche , puis descendez de quatorze",-64,-14
1238,"allez de cinquante-trois à gauche , puis descendez de trente-six",-53,-36
1239,"allez de neuf à gauche , puis descendez de quatre-vingt-seize",-9,-96
1240,"allez de quinze à gauche , puis descendez de soixante et onze",-15,-71
1241,"allez de quatre-vingt-quatorze à gauche , puis descendez de quatre-vingt-six",-94,-86
1242,"allez de quatre-vingt-sept à gauche , puis descendez de six",-87,-6
1243,"allez de vingt et un à gauche , puis descendez de quatre-vingt-dix",-21,-90
1244,"allez de trente-quatre à gauche , puis descendez de soixante-huit",-34,-68
1245,"allez de quatre-vingt-onze à gauche , puis descendez de trois",-91,-3
1246,"allez de soixante-six à gauche , puis descendez de dix-huit",-66,-18
1247,"allez de soixante-cinq à gauche , puis descendez de quatre-vingt-dix-sept",-65,-97
1248,"allez de quatre-vingt-treize à gauche , puis descendez de quarante-sept",-93,-47
1249,"allez de quatre-vingt-quatre à gauche , puis descendez de vingt-sept",-84,-27
1250,"allez de quatre-vingt-dix à gauche , puis descendez de quatre-vingt-treize",-90,-93
1251,"allez de quatre-vingt-six à gauche , puis descendez de quatre-vingt-quatorze",-86,-94
1252,"allez de quatre-vingt-neuf à gauche , puis descendez de quatre-vingt-un",-89,-81
1253,"allez de quarante-sept à gauche , puis descendez de quatre-vingts",-47,-80
1254,"allez de soixante-six à gauche , puis descendez de quatre-vingt-sept",-66,-87
1255,"allez de vingt-neuf à gauche , puis descendez de vingt-six",-29,-26
1256,"allez de quatre-vingt-seize à gauche , puis descendez de soixante-quatre",-96,-64
1257,"allez de quarante-six à gauche , puis descendez de quatre-vingt-dix",-46,-90
1258,"allez de cinquante-sept à gauche , puis descendez de six",-57,-6
1259,"allez de vingt-deux à gauche , puis descendez de vingt-deux",-22,-22
1260,"allez de quatre-vingt-quatre à gauche , puis descendez de quarante-huit",-84,-48
1261,"allez de soixante-dix-huit à gauche , puis descendez de quarante-huit",-78,-48
1262,"allez de soixante-trois à gauche , puis descendez de trente-sept",-63,-37
1263,"allez de dix-huit à gauche , puis descendez de trente-trois",-18,-33
1264,"allez de vingt-sept à gauche , puis descendez de soixante-neuf",-27,-69
1265,"allez de quarante-cinq à gauche , puis descendez de vingt-trois",-45,-23
1266,"allez de quatre-vingt-douze à gauche , puis descendez de vingt-cinq",-92,-25
1267,"allez de quatre-vingt-sept à gauche , puis descendez de cinquante-deux",-87,-52
1268,"allez de soixante-neuf à gauche , puis descendez de quatre-vingt-neuf",-69,-89
1269,"allez de trente-cinq à gauche , puis descendez de quarante",-35,-40
1270,"allez de dix à gauche , puis descendez de quarante-huit",-10,-48
1271,"allez de quarante-cinq à gauche , puis descendez de quatre-vingt-quatre",-45,-84
1272,"allez de cinquante-deux à gauche , puis descendez de cinquante-trois",-52,-53
1273,"allez de trente et un à gauche , puis descendez de cinquante-quatre",-31,-54
1274,"allez de trente-huit à gauche , puis descendez de quatre-vingt-deux",-38,-82
1275,"allez de deux à gauche , puis descendez de quatre-vingt-huit",-2,-88
1276,"allez de trente-quatre à gauche , puis descendez de quarante-deux",-34,-42
1277,"allez de vingt-quatre à gauche , puis descendez de cinquante",-24,-50
1278,"allez de quatre-vingt-dix-sept à gauche , puis descendez de vingt-huit",-97,-28
1279,"allez de quarante et un à gauche , puis descendez de cinquante-six",-41,-56
1280,"allez de soixante et onze à gauche , puis descendez de soixante-sept",-71,-67
1281,"allez de cinquante-sept à gauche , puis descendez de quatre",-57,-4
1282,"allez de soixante-douze à gauche , puis descendez de dix-sept",-72,-17
1283,"allez de sept à gauche , puis descendez de cinquante-deux",-7,-52
1284,"allez de soixante-dix-sept à gauche , puis descendez de quatre-vingt-huit",-77,-88
1285,"allez de quatre-vingt-trois à gauche , puis descendez de quatre-vingt-huit",-83,-88
1286,"allez de soixante et un à gauche , puis descendez de cinquante et un",-61,-51
1287,"allez de soixante-trois à gauche , puis descendez de dix-sept",-63,-17
1288,"allez de quatorze à gauche , puis descendez de soixante-treize",-14,-73
1289,"allez de quarante-quatre à gauche , puis descendez de cinquante-cinq",-44,-55
1290,"allez de trente à gauche , puis descendez de quatre-vingt-treize",-30,-93
1291,"allez de quatre-vingt-quatre à gauche , puis descendez de soixante-trois",-84,-63
1292,"allez de quarante-cinq à gauche , puis descendez de soixante-six",-45,-66
1293,"allez de quarante-trois à gauche , puis descendez de soixante-trois",-43,-63
1294,"allez de trente-six à gauche , puis descendez de soixante et un",-36,-61
1295,"allez de quatre-vingt-quatorze à gauche , puis descendez de cinquante-deux",-94,-52
1296,"allez de trente-quatre à gauche , puis descendez de quarante-six",-34,-46
1297,"allez de dix-huit à gauche , puis descendez de quarante-six",-18,-46
1298,"allez de quarante-quatre à gauche , puis descendez de deux",-44,-2
1299,"allez de trente-sept à gauche , puis descendez de quarante-six",-37,-46
1300,"allez de quatre-vingts à gauche , puis descendez de quatre",-80,-4
1301,"allez de quarante-deux à gauche , puis descendez de trente-sept",-42,-37
1302,"allez de quarante-trois à gauche , puis descendez de soixante-neuf",-43,-69
1303,"allez de trente-trois à gauche , puis descendez de soixante-seize",-33,-76
1304,"allez de quatre-vingt-deux à gauche , puis descendez de soixante-neuf",-82,-69
1305,"allez de soixante-quatorze à gauche , puis descendez de cinquante-cinq",-74,-55
1306,"allez de soixante-huit à gauche , puis descendez de soixante-trois",-68,-63
1307,"allez de quarante-cinq à gauche , puis descendez de quatre-vingt-douze",-45,-92
1308,"allez de neuf à gauche , puis descendez de soixante-dix-huit",-9,-78
1309,"allez de quatre-vingt-deux à gauche , puis descendez de quatre-vingt-quatorze",-82,-94
1310,"allez de quatre-vingt-treize à gauche , puis descendez de dix-sept",-93,-17
1311,"allez de vingt-cinq à gauche , puis descendez de quatre-vingt-trois",-25,-83
1312,"allez de cinquante-sept à gauche , puis descendez de seize",-57,-16
1313,"allez de quinze à gauche , puis descendez de soixante",-15,-60
1314,"allez de quatre-vingt-seize à gauche , puis descendez de trente-six",-96,-36
1315,"allez de cinquante-neuf à gauche , puis descendez de dix",-59,-10
1316,"allez de quarante-quatre à gauche , puis descendez de quatre-vingt-neuf",-44,-89
1317,"allez de vingt et un à gauche , puis descendez de vingt-sept",-21,-27
1318,"allez de vingt-six à gauche , puis descendez de cinquante-cinq",-26,-55
1319,"allez de un à gauche , puis descendez de quarante",-1,-40
1320,"allez de quatre-vingt-douze à gauche , puis descendez de trente",-92,-30
1321,"allez de trente et un à gauche , puis descendez de soixante-huit",-31,-68
1322,"allez de six à gauche , puis descendez de soixante-douze",-6,-72
1323,"allez de quatre-vingt-dix-huit à gauche , puis descendez de vingt-cinq",-98,-25
1324,"allez de quatre-vingt-onze à gauche , puis descendez de trente",-91,-30
1325,"allez de cinquante-cinq à gauche , puis descendez de vingt-sept",-55,-27
1326,"allez de trente-huit à gauche , puis descendez de vingt et un",-38,-21
1327,"allez de soixante-dix-sept à gauche , puis descendez de dix-huit",-77,-18
1328,"allez de vingt-quatre à gauche , puis descendez de quatre-vingt-dix",-24,-90
1329,"allez de sept à gauche , puis descendez de treize",-7,-13
1330,"allez de cinquante-sept à gauche , puis descendez de trente-sept",-57,-37
1331,"allez de quatre-vingt-huit à gauche , puis descendez de douze",-88,-12
1332,"allez de douze à gauche , puis descendez de vingt-quatre",-12,-24
1333,"allez de cinquante-trois à gauche , puis descendez de cinquante-six",-53,-56
1334,"allez de soixante-quinze à gauche , puis descendez de vingt-cinq",-75,-25
1335,"allez de vingt-trois à gauche , puis descendez de trente-cinq",-23,-35
1336,"allez de soixante-six à gauche , puis descendez de quatre-vingt-douze",-66,-92
1337,"allez de soixante-deux à gauche , puis descendez de dix-huit",-62,-18
1338,"allez de quatre-vingt-treize à gauche , puis descendez de soixante-neuf",-93,-69
1339,"allez de soixante-treize à gauche , puis descendez de soixante-quatorze",-73,-74
1340,"allez de quatre-vingt-dix-huit à gauche , puis descendez de quatre-vingt-six",-98,-86
1341,"allez de quatre-vingt-treize à gauche , puis descendez de quatre-vingt-un",-93,-81
1342,"allez de sept à gauche , puis descendez de dix-huit",-7,-18
1343,"allez de soixante-trois à gauche , puis descendez de cinquante et un",-63,-51
1344,"allez de soixante-deux à gauche , puis descendez de vingt",-62,-20
1345,"allez de vingt-neuf à gauche , puis descendez de quatre-vingt-treize",-29,-93
1346,"allez de onze à gauche , puis descendez de deux",-11,-2
1347,"allez de quatre-vingt-neuf à gauche , puis descendez de dix",-89,-10
1348,"allez de soixante et un à gauche , puis descendez de treize",-61,-13
1349,"allez de quarante-cinq à gauche , puis descendez de vingt",-45,-20
1350,"allez de soixante-deux à gauche , puis descendez de trente-quatre",-62,-34
1351,"allez de vingt et un à gauche , puis descendez de trente-six",-21,-36
1352,"allez de huit à gauche , puis descendez de trente-trois",-8,-33
1353,"allez de quatre-vingt-dix-sept à gauche , puis descendez de sept",-97,-7
1354,"allez de quatre-vingt-six à gauche , puis descendez de quatre-vingt-seize",-86,-96
1355,"allez de vingt-cinq à gauche , puis descendez de trente et un",-25,-31
1356,"allez de soixante-quinze à gauche , puis descendez de soixante-seize",-75,-76
1357,"allez de quarante-deux à gauche , puis descendez de soixante-quatorze",-42,-74
1358,"allez de trente-sept à gauche , puis descendez de trente-deux",-37,-32
1359,"allez de soixante à gauche , puis descendez de quatre-vingt-dix-huit",-60,-98
1360,"allez de cinquante-sept à gauche , puis descendez de douze",-57,-12
1361,"allez de soixante-deux à gauche , puis descendez de soixante-quatre",-62,-64
1362,"allez de quatre-vingt-seize à gauche , puis descendez de six",-96,-6
1363,"allez de soixante-cinq à gauche , puis descendez de quarante-cinq",-65,-45
1364,"allez de treize à gauche , puis descendez de trente-quatre",-13,-34
1365,"allez de dix à gauche , puis descendez de soixante-seize",-10,-76
1366,"allez de vingt-neuf à gauche , puis descendez de vingt-huit",-29,-28
1367,"allez de quatre-vingt-dix-sept à gauche , puis descendez de dix-sept",-97,-17
1368,"allez de cinq à gauche , puis descendez de quatre-vingt-quatre",-5,-84
1369,"allez de soixante-quatorze à gauche , puis descendez de quarante-deux",-74,-42
1370,"allez de vingt-trois à gauche , puis descendez de huit",-23,-8
1371,"allez de quarante-sept à gauche , puis descendez de quinze",-47,-15
1372,"allez de quatre-vingt-onze à gauche , puis descendez de quatre-vingt-huit",-91,-88
1373,"allez de vingt-cinq à gauche , puis descendez de onze",-25,-11
1374,"allez de dix-sept à gauche , puis descendez de soixante-quatorze",-17,-74
1375,"allez de dix à gauche , puis descendez de soixante-huit",-10,-68
1376,"allez de vingt-six à gauche , puis descendez de trente",-26,-30
1377,"allez de dix-huit à gauche , puis descendez de trente-six",-18,-36
1378,"allez de soixante et onze à gauche , puis descendez de quatre-vingt-deux",-71,-82
1379,"allez de soixante-cinq à gauche , puis descendez de sept",-65,-7
1380,"allez de quatre-vingt-dix-sept à gauche , puis descendez de neuf",-97,-9
1381,"allez de vingt-quatre à gauche , puis descendez de dix-sept",-24,-17
1382,"allez de quatre-vingt-un à gauche , puis descendez de soixante-douze",-81,-72
1383,"allez de soixante-dix-neuf à gauche , puis descendez de soixante-seize",-79,-76
1384,"allez de cinquante-cinq à gauche , puis descendez de cinquante-deux",-55,-52
1385,"allez de quatre-vingt-sept à gauche , puis descendez de quarante et un",-87,-41
1386,"allez de cinquante et un à gauche , puis descendez de quatre-vingt-six",-51,-86
1387,"allez de quatre-vingt-seize à gauche , puis descendez de quarante",-96,-40
1388,"allez de trente-sept à gauche , puis descendez de quatorze",-37,-14
1389,"allez de vingt-huit à gauche , puis descendez de cinquante",-28,-50
1390,"allez de vingt-sept à gauche , puis descendez de quatre-vingt-quinze",-27,-95
1391,"allez de soixante-sept à gauche , puis descendez de cinquante-trois",-67,-53
1392,"allez de seize à gauche , puis descendez de quatre-vingt-quinze",-16,-95
1393,"allez de soixante-quatre à gauche , puis descendez de vingt-cinq",-64,-25
1394,"allez de soixante-quatre à gauche , puis descendez de trente-huit",-64,-38
1395,"allez de sept à gauche , puis descendez de cinquante",-7,-50
1396,"allez de cinq à gauche , puis descendez de deux",-5,-2
1397,"allez de quatre-vingt-quatre à gauche , puis descendez de trente-six",-84,-36
1398,"allez de quarante-cinq à gauche , puis descendez de cinquante-huit",-45,-58
1399,"allez de vingt-six à gauche , puis descendez de quatre-vingt-treize",-26,-93
1400,"allez de cinquante-deux à gauche , puis descendez de dix-sept",-52,-17
1401,"allez de trente à gauche , puis descendez de trente-sept",-30,-37
1402,"allez de soixante-huit à gauche , puis descendez de quatre-vingt-huit",-68,-88
1403,"allez de soixante-neuf à gauche , puis descendez de quarante",-69,-40
1404,"allez de quatorze à gauche , puis descendez de trente-trois",-14,-33
1405,"allez de un à gauche , puis descendez de quatre-vingt-dix-sept",-1,-97
1406,"allez de quatre-vingt-quinze à gauche , puis descendez de quatre-vingt-quatre",-95,-84
1407,"allez de quatre-vingt-neuf à gauche , puis descendez de vingt-trois",-89,-23
1408,"allez de soixante-trois à gauche , puis descendez de soixante-sept",-63,-67
1409,"allez de vingt-sept à gauche , puis descendez de soixante-huit",-27,-68
1410,"allez de cinquante-sept à gauche , puis descendez de vingt-neuf",-57,-29
1411,"allez de quatre-vingt-quatre à gauche , puis descendez de soixante-dix",-84,-70
1412,"allez de quatre-vingt-onze à gauche , puis descendez de quarante-sept",-91,-47
1413,"allez de quatre-vingt-quatre à gauche , puis descendez de quatre-vingt-cinq",-84,-85
1414,"allez de soixante-dix à gauche , puis descendez de cinquante et un",-70,-51
1415,"allez de neuf à gauche , puis descendez de trente-sept",-9,-37
1416,"allez de vingt à gauche , puis descendez de quatre-vingt-neuf",-20,-89
1417,"allez de cinquante-trois à gauche , puis descendez de trois",-53,-3
1418,"allez de huit à gauche , puis descendez de soixante-seize",-8,-76
1419,"allez de soixante-treize à gauche , puis descendez de quatre-vingt-un",-73,-81
1420,"allez de quatre-vingt-huit à gauche , puis descendez de quatre-vingt-neuf",-88,-89
1421,"allez de quarante-quatre à gauche , puis descendez de dix-sept",-44,-17
1422,"allez de quatre-vingt-dix à gauche , puis descendez de cinquante-cinq",-90,-55
1423,"allez de trente et un à gauche , puis descendez de quarante-trois",-31,-43
1424,"allez de quarante à gauche , puis descendez de soixante-deux",-40,-62
1425,"allez de trente-cinq à gauche , puis descendez de dix-huit",-35,-18
1426,"allez de vingt à gauche , puis descendez de vingt-neuf",-20,-29
1427,"allez de quarante-quatre à gauche , puis descendez de quatre-vingt-huit",-44,-88
1428,"allez de quatre-vingt-huit à gauche , puis descendez de soixante-treize",-88,-73
1429,"allez de vingt-cinq à gauche , puis descendez de quatre-vingts",-25,-80
1430,"allez de quatre-vingt-dix-neuf à gauche , puis descendez de vingt-quatre",-99,-24
1431,"allez de quatre-vingt-dix-sept à gauche , puis descendez de cinq",-97,-5
1432,"allez de soixante-douze à gauche , puis descendez de quatre-vingt-dix",-72,-90
1433,"allez de dix à gauche , puis descendez de quatre-vingt-treize",-10,-93
1434,"allez de soixante-quatre à gauche , puis descendez de vingt-trois",-64,-23
1435,"allez de vingt-huit à gauche , puis descendez de quarante-huit",-28,-48
1436,"allez de quatre-vingt-trois à gauche , puis descendez de un",-83,-1
1437,"allez de soixante à gauche , puis descendez de cinquante",-60,-50
1438,"allez de quatre-vingts à gauche , puis descendez de quatre-vingt-quinze",-80,-95
1439,"allez de neuf à gauche , puis descendez de sept",-9,-7
1440,"allez de quatorze à gauche , puis descendez de cinquante-sept",-14,-57
1441,"allez de trente à gauche , puis descendez de quatre-vingts",-30,-80
1442,"allez de quarante et un à gauche , puis descendez de cinquante et un",-41,-51
1443,"allez de quatre-vingt-un à gauche , puis descendez de quarante-neuf",-81,-49
1444,"allez de trente-cinq à gauche , puis descendez de trente et un",-35,-31
1445,"allez de huit à gauche , puis descendez de dix-neuf",-8,-19
1446,"allez de soixante-dix à gauche , puis descendez de vingt-sept",-70,-27
1447,"allez de soixante-six à gauche , puis descendez de vingt et un",-66,-21
1448,"allez de quatre-vingt-neuf à gauche , puis descendez de quatre-vingt-trois",-89,-83
1449,"allez de quatre-vingt-dix-sept à gauche , puis descendez de soixante-seize",-97,-76
1450,"allez de quatre-vingt-sept à gauche , puis descendez de cinq",-87,-5
1451,"allez de neuf à gauche , puis descendez de quatre-vingt-quatorze",-9,-94
1452,"allez de quatre à gauche , puis descendez de trente-trois",-4,-33
1453,"allez de onze à gauche , puis descendez de quarante et un",-11,-41
1454,"allez de un à gauche , puis descendez de soixante-dix-huit",-1,-78
1455,"allez de vingt-neuf à gauche , puis descendez de quatre-vingt-cinq",-29,-85
1456,"allez de soixante-quinze à gauche , puis descendez de soixante-douze",-75,-72
1457,"allez de quarante-six à gauche , puis descendez de quatre-vingt-quinze",-46,-95
1458,"allez de cinquante-six à gauche , puis descendez de trente-neuf",-56,-39
1459,"allez de quarante-sept à gauche , puis descendez de cinquante et un",-47,-51
1460,"allez de soixante-treize à gauche , puis descendez de cinquante-huit",-73,-58
1461,"allez de trente-quatre à gauche , puis descendez de trente-trois",-34,-33
1462,"allez de dix-huit à gauche , puis descendez de vingt-cinq",-18,-25
1463,"allez de trois à gauche , puis descendez de quarante-sept",-3,-47
1464,"allez de quarante à gauche , puis descendez de dix-huit",-40,-18
1465,"allez de soixante-trois à gauche , puis descendez de soixante-dix-huit",-63,-78
1466,"allez de vingt-neuf à gauche , puis descendez de vingt-quatre",-29,-24
1467,"allez de quatre-vingt-dix-huit à gauche , puis descendez de quarante-trois",-98,-43
1468,"allez de quarante-huit à gauche , puis descendez de quatre-vingt-quinze",-48,-95
1469,"allez de quatre-vingt-seize à gauche , puis descendez de cinquante-huit",-96,-58
1470,"allez de soixante-dix-huit à gauche , puis descendez de seize",-78,-16
1471,"allez de soixante-quinze à gauche , puis descendez de trente-sept",-75,-37
1472,"allez de quatre-vingt-dix-huit à gauche , puis descendez de soixante-trois",-98,-63
1473,"allez de quatre-vingt-treize à gauche , puis descendez de quatre-vingt-trois",-93,-83
1474,"allez de quarante-cinq à gauche , puis descendez de cinquante-sept",-45,-57
1475,"allez de sept à gauche , puis descendez de dix-huit",-7,-18
1476,"allez de vingt et un à gauche , puis descendez de cinquante-deux",-21,-52
1477,"allez de soixante-sept à gauche , puis descendez de trente-sept",-67,-37
1478,"allez de vingt à gauche , puis descendez de trente-deux",-20,-32
1479,"allez de quatre-vingt-onze à gauche , puis descendez de soixante-trois",-91,-63
1480,"allez de treize à gauche , puis descendez de quatre-vingt-onze",-13,-91
1481,"allez de quarante-quatre à gauche , puis descendez de quatre-vingt-quatre",-44,-84
1482,"allez de cinquante et un à gauche , puis descendez de quatre-vingt-onze",-51,-91
1483,"allez de quarante à gauche , puis descendez de trente-quatre",-40,-34
1484,"allez de quatre-vingt-neuf à gauche , puis descendez de six",-89,-6
1485,"allez de quatre-vingt-treize à gauche , puis descendez de soixante-quatre",-93,-64
1486,"allez de cinquante-deux à gauche , puis descendez de soixante-treize",-52,-73
1487,"allez de dix à gauche , puis descendez de vingt-deux",-10,-22
1488,"allez de cinquante-six à gauche , puis descendez de vingt",-56,-20
1489,"allez de quinze à gauche , puis descendez de cinquante-sept",-15,-57
1490,"allez de douze à gauche , puis descendez de cinquante-sept",-12,-57
1491,"allez de dix à gauche , puis descendez de trente-deux",-10,-32
1492,"allez de vingt-trois à gauche , puis descendez de quarante-neuf",-23,-49
1493,"allez de quatre-vingt-sept à gauche , puis descendez de soixante-dix-huit",-87,-78
1494,"allez de quatre-vingt-onze à gauche , puis descendez de cinq",-91,-5
1495,"allez de quarante-huit à gauche , puis descendez de seize",-48,-16
1496,"allez de soixante-trois à gauche , puis descendez de soixante",-63,-60
1497,"allez de soixante-cinq à gauche , puis descendez de quarante-huit",-65,-48
1498,"allez de vingt-sept à gauche , puis descendez de vingt-cinq",-27,-25
1499,"allez de soixante-seize à gauche , puis descendez de trente-deux",-76,-32
1500,"allez de quatre-vingt-dix à gauche , puis descendez de deux",-90,-2
1501,"allez de trente-neuf à gauche , puis descendez de quarante-quatre",-39,-44
1502,"allez de cinquante-quatre à gauche , puis descendez de quinze",-54,-15
1503,"allez de soixante-quinze à gauche , puis descendez de vingt-six",-75,-26
1504,"allez de soixante-dix à gauche , puis descendez de quatre-vingt-treize",-70,-93
1505,"allez de seize à gauche , puis descendez de soixante-neuf",-16,-69
1506,"allez de quatre-vingt-neuf à gauche , puis descendez de soixante-quatre",-89,-64
1507,"allez de quatre-vingt-cinq à gauche , puis descendez de quatre-vingt-six",-85,-86
1508,"allez de quarante-neuf à gauche , puis descendez de quarante-sept",-49,-47
1509,"allez de quatre-vingt-treize à gauche , puis descendez de quatre-vingt-dix-neuf",-93,-99
1510,"allez de cinquante-trois à gauche , puis descendez de cinquante-neuf",-53,-59
1511,"allez de quarante-sept à gauche , puis descendez de quatre-vingt-seize",-47,-96
1512,"allez de quarante-neuf à gauche , puis descendez de vingt-deux",-49,-22
1513,"allez de quarante-cinq à gauche , puis descendez de cinquante-six",-45,-56
1514,"allez de dix à gauche , puis descendez de dix-huit",-10,-18
1515,"allez de soixante-dix-sept à gauche , puis descendez de vingt-sept",-77,-27
1516,"allez de soixante-huit à gauche , puis descendez de quatre-vingt-quatorze",-68,-94
1517,"allez de soixante-quatre à gauche , puis descendez de quatre-vingts",-64,-80
1518,"allez de six à gauche , puis descendez de soixante-dix-sept",-6,-77
1519,"allez de cinquante-huit à gauche , puis descendez de quarante et un",-58,-41
1520,"allez de trente-sept à gauche , puis descendez de quatre-vingt-quatorze",-37,-94
1521,"allez de cinquante-neuf à gauche , puis descendez de trente",-59,-30
1522,"allez de trente-cinq à gauche , puis descendez de quatre-vingt-treize",-35,-93
1523,"allez de trente-quatre à gauche , puis descendez de cinquante-trois",-34,-53
1524,"allez de soixante et onze à gauche , puis descendez de onze",-71,-11
1525,"allez de seize à gauche , puis descendez de quatre-vingt-dix",-16,-90
1526,"allez de soixante à gauche , puis descendez de vingt-sept",-60,-27
1527,"allez de quatre-vingt-un à gauche , puis descendez de soixante-quatorze",-81,-74
1528,"allez de quarante-deux à gauche , puis descendez de cinquante-quatre",-42,-54
1529,"allez de soixante-quatorze à gauche , puis descendez de sept",-74,-7
1530,"allez de cinquante-cinq à gauche , puis descendez de quarante-cinq",-55,-45
1531,"allez de neuf à gauche , puis descendez de quatre-vingt-dix",-9,-90
1532,"allez de vingt-cinq à gauche , puis descendez de vingt-neuf",-25,-29
1533,"allez de quarante-huit à gauche , puis descendez de cinquante-six",-48,-56
1534,"allez de deux à gauche , puis descendez de soixante et onze",-2,-71
1535,"allez de soixante-quatre à gauche , puis descendez de soixante-sept",-64,-67
1536,"allez de onze à gauche , puis descendez de quatre-vingt-six",-11,-86
1537,"allez de quatre à gauche , puis descendez de quatre-vingt-deux",-4,-82
1538,"allez de trente-neuf à gauche , puis descendez de vingt-trois",-39,-23
1539,"allez de quatre-vingt-dix-neuf à gauche , puis descendez de soixante-dix-neuf",-99,-79
1540,"allez de sept à gauche , puis descendez de vingt et un",-7,-21
1541,"allez de quatre-vingt-seize à gauche , puis descendez de dix",-96,-10
1542,"allez de quatre-vingt-neuf à gauche , puis descendez de quatre-vingt-onze",-89,-91
1543,"allez de douze à gauche , puis descendez de quatre-vingts",-12,-80
1544,"allez de vingt-quatre à gauche , puis descendez de soixante-seize",-24,-76
1545,"allez de soixante-treize à gauche , puis descendez de quatre-vingt-deux",-73,-82
1546,"allez de onze à gauche , puis descendez de cinquante",-11,-50
1547,"allez de quatre-vingt-quinze à gauche , puis descendez de cinquante-sept",-95,-57
1548,"allez de cinquante-neuf à gauche , puis descendez de dix",-59,-10
1549,"allez de vingt-cinq à gauche , puis descendez de un",-25,-1
1550,"allez de soixante-trois à gauche , puis descendez de vingt-six",-63,-26
1551,"allez de quatre à gauche , puis descendez de neuf",-4,-9
1552,"allez de soixante-douze à gauche , puis descendez de seize",-72,-16
1553,"allez de dix-neuf à gauche , puis descendez de sept",-19,-7
1554,"allez de quarante et un à gauche , puis descendez de cinquante-neuf",-41,-59
1555,"allez de soixante-dix à gauche , puis descendez de soixante-deux",-70,-62
1556,"allez de quinze à gauche , puis descendez de soixante-cinq",-15,-65
1557,"allez de dix-huit à gauche , puis descendez de cinquante-deux",-18,-52
1558,"allez de neuf à gauche , puis descendez de quatre-vingt-un",-9,-81
1559,"allez de trente-quatre à gauche , puis descendez de quatre-vingt-treize",-34,-93
1560,"allez de quatre-vingt-dix-neuf à gauche , puis descendez de quatre-vingt-onze",-99,-91
1561,"allez de trente-six à gauche , puis descendez de sept",-36,-7
1562,"allez de soixante-dix à gauche , puis descendez de quarante-sept",-70,-47
1563,"allez de cinquante-cinq à gauche , puis descendez de soixante-dix-sept",-55,-77
1564,"allez de sept à gauche , puis descendez de soixante et onze",-7,-71
1565,"allez de dix-sept à gauche , puis descendez de deux",-17,-2
1566,"allez de cent à gauche , puis descendez de quatre-vingt-dix-huit",-100,-98
1567,"allez de soixante-sept à gauche , puis descendez de soixante-huit",-67,-68
1568,"allez de trente à gauche , puis descendez de cinquante et un",-30,-51
1569,"allez de cinquante à gauche , puis descendez de quatre-vingt-huit",-50,-88
1570,"allez de quatre-vingt-onze à gauche , puis descendez de quarante-neuf",-91,-49
1571,"allez de vingt-huit à gauche , puis descendez de quarante et un",-28,-41
1572,"allez de quatre-vingt-seize à gauche , puis descendez de quatre-vingt-neuf",-96,-89
1573,"allez de soixante-douze à gauche , puis descendez de quatre-vingt-seize",-72,-96
1574,"allez de dix-huit à gauche , puis descendez de dix",-18,-10
1575,"allez de onze à gauche , puis descendez de cinquante et un",-11,-51
1576,"allez de onze à gauche , puis descendez de un",-11,-1
1577,"allez de quatre-vingt-treize à gauche , puis descendez de treize",-93,-13
1578,"allez de trente-sept à gauche , puis descendez de trente",-37,-30
1579,"allez de quatorze à gauche , puis descendez de quarante-deux",-14,-42
1580,"allez de quarante-cinq à gauche , puis descendez de quatre-vingt-treize",-45,-93
1581,"allez de quatorze à gauche , puis descendez de quatre-vingt-quatre",-14,-84
1582,"allez de vingt-deux à gauche , puis descendez de vingt-cinq",-22,-25
1583,"allez de cinquante-quatre à gauche , puis descendez de seize",-54,-16
1584,"allez de quarante-huit à gauche , puis descendez de vingt-cinq",-48,-25
1585,"allez de cinquante-sept à gauche , puis descendez de soixante-seize",-57,-76
1586,"allez de cent à gauche , puis descendez de vingt-huit",-100,-28
1587,"allez de dix-neuf à gauche , puis descendez de cinquante-sept",-19,-57
1588,"allez de dix-sept à gauche , puis descendez de quatre-vingt-six",-17,-86
1589,"allez de quatre à gauche , puis descendez de onze",-4,-11
1590,"allez de soixante-deux à gauche , puis descendez de soixante-six",-62,-66
1591,"allez de neuf à gauche , puis descendez de quarante",-9,-40
1592,"allez de dix-neuf à gauche , puis descendez de quatre-vingt-neuf",-19,-89
1593,"allez de vingt-trois à gauche , puis descendez de quarante-trois",-23,-43
1594,"allez de soixante-treize à gauche , puis descendez de quatre-vingts",-73,-80
1595,"allez de quatre-vingt-neuf à gauche , puis descendez de cinquante",-89,-50
1596,"allez de soixante et un à gauche , puis descendez de cinquante-trois",-61,-53
1597,"allez de soixante-dix-neuf à gauche , puis descendez de vingt-cinq",-79,-25
1598,"allez de quatre-vingt-onze à gauche , puis descendez de quarante-sept",-91,-47
1599,"allez de quatre-vingt-trois à gauche , puis descendez de soixante-dix",-83,-70
1600,"allez de quatre-vingt-treize à gauche , puis descendez de vingt-quatre",-93,-24
1601,"allez de quatre-vingt-trois à gauche , puis descendez de dix-sept",-83,-17
1602,"allez de cinquante-trois à gauche , puis descendez de vingt et un",-53,-21
1603,"allez de soixante-dix-huit à gauche , puis descendez de cinquante-deux",-78,-52
1604,"allez de quatre-vingt-deux à gauche , puis descendez de soixante",-82,-60
1605,"allez de vingt-neuf à gauche , puis descendez de quatre-vingt-cinq",-29,-85
1606,"allez de vingt-huit à gauche , puis descendez de quatre-vingt-trois",-28,-83
1607,"allez de quarante-six à gauche , puis descendez de trente-sept",-46,-37
1608,"allez de vingt-sept à gauche , puis descendez de six",-27,-6
1609,"allez de trente-cinq à gauche , puis descendez de vingt",-35,-20
1610,"allez de douze à gauche , puis descendez de quatre-vingt-onze",-12,-91
1611,"allez de trente-deux à gauche , puis descendez de quatre-vingt-sept",-32,-87
1612,"allez de quarante et un à gauche , puis descendez de soixante-deux",-41,-62
1613,"allez de vingt et un à gauche , puis descendez de soixante-seize",-21,-76
1614,"allez de cinquante à gauche , puis descendez de vingt-deux",-50,-22
1615,"allez de quinze à gauche , puis descendez de quatre-vingt-quatorze",-15,-94
1616,"allez de quatre-vingt-six à gauche , puis descendez de quatre-vingt-seize",-86,-96
1617,"allez de quatre-vingt-seize à gauche , puis descendez de quatre-vingt-quatorze",-96,-94
1618,"allez de trente-cinq à gauche , puis descendez de quatre-vingt-quatorze",-35,-94
1619,"allez de quinze à gauche , puis descendez de soixante-dix-neuf",-15,-79
1620,"allez de trente-cinq à gauche , puis descendez de seize",-35,-16
1621,"allez de quatre-vingt-douze à gauche , puis descendez de cent",-92,-100
1622,"allez de soixante-cinq à gauche , puis descendez de trente-quatre",-65,-34
1623,"allez de trente-huit à gauche , puis descendez de quatre-vingt-dix-huit",-38,-98
1624,"allez de vingt-six à gauche , puis descendez de vingt-huit",-26,-28
1625,"allez de quatre à gauche , puis descendez de quatre-vingt-quatorze",-4,-94
1626,"allez de vingt-cinq à gauche , puis descendez de soixante-deux",-25,-62
1627,"allez de soixante-dix-huit à gauche , puis descendez de quarante et un",-78,-41
1628,"allez de soixante-neuf à gauche , puis descendez de soixante",-69,-60
1629,"allez de quatre-vingts à gauche , puis descendez de seize",-80,-16
1630,"allez de soixante et onze à gauche , puis descendez de cinq",-71,-5
1631,"allez de vingt et un à gauche , puis descendez de quatre-vingt-deux",-21,-82
1632,"allez de dix-sept à gauche , puis descendez de vingt-cinq",-17,-25
1633,"allez de cinquante-deux à gauche , puis descendez de seize",-52,-16
1634,"allez de soixante-quatorze à gauche , puis descendez de trente et un",-74,-31
1635,"allez de six à gauche , puis descendez de soixante-douze",-6,-72
1636,"allez de onze à gauche , puis descendez de quarante-deux",-11,-42
1637,"allez de seize à gauche , puis descendez de cinquante-sept",-16,-57
1638,"allez de vingt-six à gauche , puis descendez de dix-neuf",-26,-19
1639,"allez de quatre-vingt-deux à gauche , puis descendez de quatre-vingt-deux",-82,-82
1640,"allez de quatre-vingt-six à gauche , puis descendez de trente",-86,-30
1641,"allez de vingt et un à gauche , puis descendez de douze",-21,-12
1642,"allez de trente à gauche , puis descendez de cinquante-trois",-30,-53
1643,"allez de huit à gauche , puis descendez de quatre-vingt-dix-neuf",-8,-99
1644,"allez de trente à gauche , puis descendez de quatre-vingt-dix-huit",-30,-98
1645,"allez de quatre-vingt-huit à gauche , puis descendez de trente-trois",-88,-33
1646,"allez de soixante-dix-huit à gauche , puis descendez de quatre-vingt-dix",-78,-90
1647,"allez de quarante et un à gauche , puis descendez de cinquante et un",-41,-51
1648,"allez de quatre-vingts à gauche , puis descendez de quatre-vingt-quatorze",-80,-94
1649,"allez de cinquante-deux à gauche , puis descendez de soixante-six",-52,-66
1650,"allez de cinquante-cinq à gauche , puis descendez de vingt-cinq",-55,-25
1651,"allez de quatre-vingt-neuf à gauche , puis descendez de trente et un",-89,-31
1652,"allez de quatre-vingt-treize à gauche , puis descendez de soixante et onze",-93,-71
1653,"allez de vingt à gauche , puis descendez de quatre-vingt-quinze",-20,-95
1654,"allez de quatre-vingt-dix-huit à gauche , puis descendez de cinq",-98,-5
1655,"allez de quatre-vingt-six à gauche , puis descendez de soixante-dix",-86,-70
1656,"allez de quatre-vingt-neuf à gauche , puis descendez de quatre-vingt-un",-89,-81
1657,"allez de soixante à gauche , puis descendez de soixante-dix-sept",-60,-77
1658,"allez de soixante-six à gauche , puis descendez de soixante-deux",-66,-62
1659,"allez de cinquante-neuf à gauche , puis descendez de quatre-vingt-quatorze",-59,-94
1660,"allez de trente-huit à gauche , puis descendez de vingt-neuf",-38,-29
1661,"allez de soixante-deux à gauche , puis descendez de dix-huit",-62,-18
1662,"allez de vingt-cinq à gauche , puis descendez de quatre-vingt-dix-neuf",-25,-99
1663,"allez de dix-neuf à gauche , puis descendez de six",-19,-6
1664,"allez de huit à gauche , puis descendez de neuf",-8,-9
1665,"allez de dix-sept à gauche , puis descendez de douze",-17,-12
1666,"allez de cinq à gauche , puis descendez de vingt",-5,-20
1667,"allez de quarante-sept à gauche , puis descendez de soixante-quatorze",-47,-74
1668,"allez de cinq à gauche , puis descendez de quarante-sept",-5,-47
1669,"allez de soixante-huit à gauche , puis descendez de cinquante-cinq",-68,-55
1670,"allez de quatre-vingt-onze à gauche , puis descendez de trente-sept",-91,-37
1671,"allez de vingt-quatre à gauche , puis descendez de quatre-vingt-onze",-24,-91
1672,"allez de dix-huit à gauche , puis descendez de soixante-quatre",-18,-64
1673,"allez de quatre-vingt-quatorze à gauche , puis descendez de quatre-vingt-deux",-94,-82
1674,"allez de vingt à gauche , puis descendez de quarante-trois",-20,-43
1675,"allez de cinquante-quatre à gauche , puis descendez de soixante-quatorze",-54,-74
1676,"allez de treize à gauche , puis descendez de cinquante",-13,-50
1677,"allez de quarante-trois à gauche , puis descendez de vingt",-43,-20
1678,"allez de quarante-quatre à gauche , puis descendez de trente",-44,-30
1679,"allez de dix-huit à gauche , puis descendez de cinquante-deux",-18,-52
1680,"allez de huit à gauche , puis descendez de vingt-quatre",-8,-24
1681,"allez de soixante-quinze à gauche , puis descendez de soixante-deux",-75,-62
1682,"allez de soixante-huit à gauche , puis descendez de quatre-vingt-dix",-68,-90
1683,"allez de soixante-quinze à gauche , puis descendez de vingt-deux",-75,-22
1684,"allez de vingt-quatre à gauche , puis descendez de quarante",-24,-40
1685,"allez de quatre-vingt-huit à gauche , puis descendez de quatre-vingt-six",-88,-86
1686,"allez de vingt et un à gauche , puis descendez de soixante-quinze",-21,-75
1687,"allez de trente-cinq à gauche , puis descendez de soixante-six",-35,-66
1688,"allez de quatre-vingt-dix-huit à gauche , puis descendez de quarante-deux",-98,-42
1689,"allez de cinquante-huit à gauche , puis descendez de quatorze",-58,-14
1690,"allez de dix à gauche , puis descendez de soixante-sept",-10,-67
1691,"allez de huit à gauche , puis descendez de cinquante-quatre",-8,-54
1692,"allez de cinquante à gauche , puis descendez de quatre-vingt-sept",-50,-87
1693,"allez de trente-six à gauche , puis descendez de soixante",-36,-60
1694,"allez de dix-sept à gauche , puis descendez de quarante-huit",-17,-48
1695,"allez de quatre-vingt-trois à gauche , puis descendez de quatorze",-83,-14
1696,"allez de quatre-vingt-huit à gauche , puis descendez de cinquante et un",-88,-51
1697,"allez de trois à gauche , puis descendez de quarante-six",-3,-46
1698,"allez de vingt-quatre à gauche , puis descendez de soixante-seize",-24,-76
1699,"allez de quatre-vingts à gauche , puis descendez de quatre-vingt-dix-huit",-80,-98
1700,"allez de soixante et onze à gauche , puis descendez de trente-sept",-71,-37
1701,"allez de quarante-sept à gauche , puis descendez de trente-trois",-47,-33
1702,"allez de soixante à gauche , puis descendez de six",-60,-6
1703,"allez de soixante-seize à gauche , puis descendez de quatre-vingts",-76,-80
1704,"allez de cinquante et un à gauche , puis descendez de sept",-51,-7
1705,"allez de quatre-vingt-cinq à gauche , puis descendez de quarante-trois",-85,-43
1706,"allez de vingt-cinq à gauche , puis descendez de quatre-vingt-sept",-25,-87
1707,"allez de cent à gauche , puis descendez de soixante-dix-huit",-100,-78
1708,"allez de soixante-huit à gauche , puis descendez de vingt-deux",-68,-22
1709,"allez de soixante-trois à gauche , puis descendez de quatre-vingt-neuf",-63,-89
1710,"allez de trente-deux à gauche , puis descendez de dix-sept",-32,-17
1711,"allez de vingt-six à gauche , puis descendez de cinquante-trois",-26,-53
1712,"allez de soixante-neuf à gauche , puis descendez de quatre-vingt-quatre",-69,-84
1713,"allez de dix-sept à gauche , puis descendez de vingt-trois",-17,-23
1714,"allez de soixante-seize à gauche , puis descendez de soixante-dix",-76,-70
1715,"allez de huit à gauche , puis descendez de sept",-8,-7
1716,"allez de trente-six à gauche , puis descendez de trente-deux",-36,-32
1717,"allez de cinquante à gauche , puis descendez de soixante-seize",-50,-76
1718,"allez de quarante-huit à gauche , puis descendez de douze",-48,-12
1719,"allez de trente-six à gauche , puis descendez de vingt-sept",-36,-27
1720,"allez de soixante-neuf à gauche , puis descendez de quatre-vingt-quatre",-69,-84
1721,"allez de soixante-dix-sept à gauche , puis descendez de quatre-vingt-deux",-77,-82
1722,"allez de dix-neuf à gauche , puis descendez de soixante-douze",-19,-72
1723,"allez de cinquante et un à gauche , puis descendez de vingt-deux",-51,-22
1724,"allez de soixante-dix-sept à gauche , puis descendez de soixante-dix-huit",-77,-78
1725,"allez de trente-huit à gauche , puis descendez de soixante et un",-38,-61
1726,"allez de trente à gauche , puis descendez de quatre-vingt-douze",-30,-92
1727,"allez de quatre-vingt-deux à gauche , puis descendez de quatre-vingt-dix-neuf",-82,-99
1728,"allez de trente-cinq à gauche , puis descendez de quatre-vingt-huit",-35,-88
1729,"allez de cinquante-cinq à gauche , puis descendez de soixante-dix-sept",-55,-77
1730,"allez de soixante-quinze à gauche , puis descendez de soixante-dix-huit",-75,-78
1731,"allez de treize à gauche , puis descendez de quarante",-13,-40
1732,"allez de trente-cinq à gauche , puis descendez de sept",-35,-7
1733,"allez de vingt-trois à gauche , puis descendez de soixante-huit",-23,-68
1734,"allez de vingt-six à gauche , puis descendez de soixante-dix-huit",-26,-78
1735,"allez de quatre-vingt-douze à gauche , puis descendez de soixante-huit",-92,-68
1736,"allez de cinquante-sept à gauche , puis descendez de soixante-quatorze",-57,-74
1737,"allez de vingt et un à gauche , puis descendez de trois",-21,-3
1738,"allez de quatre-vingt-quatre à gauche , puis descendez de quatre-vingt-neuf",-84,-89
1739,"allez de dix à gauche , puis descendez de soixante-trois",-10,-63
1740,"allez de huit à gauche , puis descendez de soixante-dix-huit",-8,-78
1741,"allez de cinquante-huit à gauche , puis descendez de quarante-deux",-58,-42
1742,"allez de vingt et un à gauche , puis descendez de soixante",-21,-60
1743,"allez de trente-huit à gauche , puis descendez de quarante-deux",-38,-42
1744,"allez de vingt-quatre à gauche , puis descendez de cinquante-trois",-24,-53
1745,"allez de vingt-six à gauche , puis descendez de quatre-vingt-quinze",-26,-95
1746,"allez de soixante-treize à gauche , puis descendez de deux",-73,-2
1747,"allez de vingt-neuf à gauche , puis descendez de dix-sept",-29,-17
1748,"allez de soixante-neuf à gauche , puis descendez de quatre-vingt-dix-sept",-69,-97
1749,"allez de cinquante à gauche , puis descendez de trente et un",-50,-31
1750,"allez de soixante-sept à gauche , puis descendez de vingt et un",-67,-21
1751,"allez de dix à gauche , puis descendez de sept",-10,-7
1752,"allez de soixante-dix à gauche , puis descendez de trente-trois",-70,-33
1753,"allez de soixante et onze à gauche , puis descendez de vingt-quatre",-71,-24
1754,"allez de trente-six à gauche , puis descendez de soixante-deux",-36,-62
1755,"allez de onze à gauche , puis descendez de quatre-vingt-onze",-11,-91
1756,"allez de quatre-vingt-treize à gauche , puis descendez de quarante",-93,-40
1757,"allez de vingt-deux à gauche , puis descendez de deux",-22,-2
1758,"allez de quatre-vingt-dix à gauche , puis descendez de quatre-vingt-six",-90,-86
1759,"allez de cinquante à gauche , puis descendez de vingt et un",-50,-21
1760,"allez de quatre-vingt-trois à gauche , puis descendez de cent",-83,-100
1761,"allez de soixante-quatre à gauche , puis descendez de quarante-trois",-64,-43
1762,"allez de vingt-cinq à gauche , puis descendez de trente-deux",-25,-32
1763,"allez de soixante-quinze à gauche , puis descendez de quatre-vingt-douze",-75,-92
1764,"allez de quatre-vingt-dix-huit à gauche , puis descendez de dix-huit",-98,-18
1765,"allez de soixante-dix-sept à gauche , puis descendez de quarante-neuf",-77,-49
1766,"allez de vingt-trois à gauche , puis descendez de soixante-treize",-23,-73
1767,"allez de cinquante-quatre à gauche , puis descendez de trente et un",-54,-31
1768,"allez de deux à gauche , puis descendez de quarante",-2,-40
1769,"allez de vingt et un à gauche , puis descendez de vingt-trois",-21,-23
1770,"allez de vingt-deux à gauche , puis descendez de cinquante-trois",-22,-53
1771,"allez de trente-sept à gauche , puis descendez de un",-37,-1
1772,"allez de soixante-quinze à gauche , puis descendez de quatre-vingt-trois",-75,-83
1773,"allez de trente-trois à gauche , puis descendez de trente et un",-33,-31
1774,"allez de soixante-sept à gauche , puis descendez de soixante-dix-neuf",-67,-79
1775,"allez de quarante-quatre à gauche , puis descendez de quarante-trois",-44,-43
1776,"allez de quatre-vingt-onze à gauche , puis descendez de quatre-vingt-cinq",-91,-85
1777,"allez de dix-neuf à gauche , puis descendez de cinq",-19,-5
1778,"allez de dix-huit à gauche , puis descendez de soixante-quatorze",-18,-74
1779,"allez de cinquante-cinq à gauche , puis descendez de soixante-seize",-55,-76
1780,"allez de seize à gauche , puis descendez de trente-cinq",-16,-35
1781,"allez de vingt-huit à gauche , puis descendez de cinquante-huit",-28,-58
1782,"allez de huit à gauche , puis descendez de quarante-cinq",-8,-45
1783,"allez de quatre-vingt-dix-neuf à gauche , puis descendez de quatre-vingt-trois",-99,-83
1784,"allez de quarante-six à gauche , puis descendez de soixante-dix",-46,-70
1785,"allez de soixante-dix à gauche , puis descendez de vingt-quatre",-70,-24
1786,"allez de soixante-seize à gauche , puis descendez de soixante",-76,-60
1787,"allez de cinquante-huit à gauche , puis descendez de cinquante-six",-58,-56
1788,"allez de quatre-vingt-dix-neuf à gauche , puis descendez de soixante-sept",-99,-67
1789,"allez de quarante-quatre à gauche , puis descendez de trente et un",-44,-31
1790,"allez de quarante-six à gauche , puis descendez de vingt",-46,-20
1791,"allez de quatre à gauche , puis descendez de quatre-vingt-douze",-4,-92
1792,"allez de cinquante-neuf à gauche , puis descendez de cent",-59,-100
1793,"allez de cinquante à gauche , puis descendez de quatre-vingt-dix",-50,-90
1794,"allez de trente-six à gauche , puis descendez de soixante-dix-neuf",-36,-79
1795,"allez de trois à gauche , puis descendez de quatre-vingt-dix-sept",-3,-97
1796,"allez de soixante-deux à gauche , puis descendez de vingt-cinq",-62,-25
1797,"allez de vingt-six à gauche , puis descendez de soixante-dix-huit",-26,-78
1798,"allez de cinquante-sept à gauche , puis descendez de trente",-57,-30
1799,"allez de vingt-deux à gauche , puis descendez de dix-neuf",-22,-19
1800,"allez de soixante-quinze à gauche , puis descendez de quarante-sept",-75,-47
1801,"allez de quatre-vingt-quatre à gauche , puis descendez de quatre-vingt-quatorze",-84,-94
1802,"allez de quatre-vingt-onze à gauche , puis descendez de vingt-cinq",-91,-25
1803,"allez de treize à gauche , puis descendez de dix-sept",-13,-17
1804,"allez de onze à gauche , puis descendez de vingt-huit",-11,-28
1805,"allez de quatre-vingt-neuf à gauche , puis descendez de quatre-vingt-six",-89,-86
1806,"allez de quarante-quatre à gauche , puis descendez de soixante-six",-44,-66
1807,"allez de dix à gauche , puis descendez de un",-10,-1
1808,"allez de cinquante-neuf à gauche , puis descendez de douze",-59,-12
1809,"allez de dix à gauche , puis descendez de seize",-10,-16
1810,"allez de trente-quatre à gauche , puis descendez de soixante-treize",-34,-73
1811,"allez de quatre-vingt-dix à gauche , puis descendez de quarante et un",-90,-41
1812,"allez de trente-deux à gauche , puis descendez de vingt-deux",-32,-22
1813,"allez de quarante-cinq à gauche , puis descendez de soixante-trois",-45,-63
1814,"allez de cinquante à gauche , puis descendez de quatre-vingt-deux",-50,-82
1815,"allez de trente-neuf à gauche , puis descendez de soixante-dix",-39,-70
1816,"allez de quarante à gauche , puis descendez de dix",-40,-10
1817,"allez de soixante à gauche , puis descendez de quarante et un",-60,-41
1818,"allez de six à gauche , puis descendez de soixante-quatre",-6,-64
1819,"allez de soixante-douze à gauche , puis descendez de douze",-72,-12
1820,"allez de vingt-cinq à gauche , puis descendez de cinquante-sept",-25,-57
1821,"allez de vingt-quatre à gauche , puis descendez de soixante-dix",-24,-70
1822,"allez de quatre-vingt-trois à gauche , puis descendez de quatre-vingts",-83,-80
1823,"allez de soixante-seize à gauche , puis descendez de quatre-vingt-treize",-76,-93
1824,"allez de soixante-quinze à gauche , puis descendez de soixante-trois",-75,-63
1825,"allez de quatre-vingt-dix-sept à gauche , puis descendez de quatre-vingt-dix-sept",-97,-97
1826,"allez de trente-quatre à gauche , puis descendez de cinquante-trois",-34,-53
1827,"allez de trente-trois à gauche , puis descendez de dix-sept",-33,-17
1828,"allez de dix-sept à gauche , puis descendez de quatre-vingt-seize",-17,-96
1829,"allez de quarante-trois à gauche , puis descendez de quatre-vingt-dix-huit",-43,-98
1830,"allez de soixante-cinq à gauche , puis descendez de trente",-65,-30
1831,"allez de quatre-vingt-quinze à gauche , puis descendez de soixante et onze",-95,-71
1832,"allez de soixante-quatre à gauche , puis descendez de quatre-vingt-dix",-64,-90
1833,"allez de trente-huit à gauche , puis descendez de soixante et onze",-38,-71
1834,"allez de quarante-six à gauche , puis descendez de trente-sept",-46,-37
1835,"allez de soixante-dix-huit à gauche , puis descendez de onze",-78,-11
1836,"allez de quatre-vingt-quinze à gauche , puis descendez de vingt-sept",-95,-27
1837,"allez de soixante et onze à gauche , puis descendez de trente-sept",-71,-37
1838,"allez de douze à gauche , puis descendez de huit",-12,-8
1839,"allez de quarante-sept à gauche , puis descendez de soixante-six",-47,-66
1840,"allez de cinquante-six à gauche , puis descendez de quatre-vingt-treize",-56,-93
1841,"allez de soixante-quatre à gauche , puis descendez de soixante-quatorze",-64,-74
1842,"allez de trente à gauche , puis descendez de quinze",-30,-15
1843,"allez de quarante-quatre à gauche , puis descendez de quatre-vingt-quatorze",-44,-94
1844,"allez de soixante-dix-sept à gauche , puis descendez de quinze",-77,-15
1845,"allez de vingt-neuf à gauche , puis descendez de soixante-quatorze",-29,-74
1846,"allez de soixante-huit à gauche , puis descendez de vingt-neuf",-68,-29
1847,"allez de dix-neuf à gauche , puis descendez de quatre-vingt-onze",-19,-91
1848,"allez de deux à gauche , puis descendez de quarante-deux",-2,-42
1849,"allez de soixante-six à gauche , puis descendez de dix-sept",-66,-17
1850,"allez de quarante-six à gauche , puis descendez de trente-cinq",-46,-35
1851,"allez de quatre-vingt-cinq à gauche , puis descendez de cinquante et un",-85,-51
1852,"allez de sept à gauche , puis descendez de soixante-quinze",-7,-75
1853,"allez de quarante à gauche , puis descendez de cinquante-deux",-40,-52
1854,"allez de quatre-vingt-neuf à gauche , puis descendez de quatre-vingt-dix-sept",-89,-97
1855,"allez de soixante-sept à gauche , puis descendez de quatorze",-67,-14
1856,"allez de trois à gauche , puis descendez de cent",-3,-100
1857,"allez de huit à gauche , puis descendez de quatre-vingt-treize",-8,-93
1858,"allez de vingt et un à gauche , puis descendez de trente-quatre",-21,-34
1859,"allez de soixante et onze à gauche , puis descendez de soixante-douze",-71,-72
1860,"allez de soixante-douze à gauche , puis descendez de vingt-cinq",-72,-25
1861,"allez de cinquante et un à gauche , puis descendez de quatre-vingt-deux",-51,-82
1862,"allez de quatre-vingt-dix-neuf à gauche , puis descendez de deux",-99,-2
1863,"allez de vingt-six à gauche , puis descendez de quatre-vingt-dix-sept",-26,-97
1864,"allez de quarante-quatre à gauche , puis descendez de cinquante",-44,-50
1865,"allez de seize à gauche , puis descendez de seize",-16,-16
1866,"allez de quarante-quatre à gauche , puis descendez de quatre-vingt-seize",-44,-96
1867,"allez de quatre-vingt-dix à gauche , puis descendez de soixante-quinze",-90,-75
1868,"allez de quarante à gauche , puis descendez de dix-neuf",-40,-19
1869,"allez de vingt-trois à gauche , puis descendez de trente-trois",-23,-33
1870,"allez de vingt-trois à gauche , puis descendez de sept",-23,-7
1871,"allez de dix-neuf à gauche , puis descendez de quatre-vingt-quinze",-19,-95
1872,"allez de huit à gauche , puis descendez de soixante et onze",-8,-71
1873,"allez de quatre-vingt-neuf à gauche , puis descendez de cinquante-six",-89,-56
1874,"allez de cinquante-deux à gauche , puis descendez de cinquante",-52,-50
1875,"allez de trois à gauche , puis descendez de soixante-quatre",-3,-64
1876,"allez de quarante-sept à gauche , puis descendez de soixante-cinq",-47,-65
1877,"allez de dix-huit à gauche , puis descendez de cinquante-quatre",-18,-54
1878,"allez de quatre-vingt-huit à gauche , puis descendez de soixante-dix-huit",-88,-78
1879,"allez de soixante-dix-huit à gauche , puis descendez de soixante-cinq",-78,-65
1880,"allez de soixante-huit à gauche , puis descendez de douze",-68,-12
1881,"allez de cinquante à gauche , puis descendez de vingt-huit",-50,-28
1882,"allez de quatre-vingt-neuf à gauche , puis descendez de quatre",-89,-4
1883,"allez de vingt-deux à gauche , puis descendez de soixante-deux",-22,-62
1884,"allez de vingt et un à gauche , puis descendez de quarante-cinq",-21,-45
1885,"allez de quarante-sept à gauche , puis descendez de soixante-treize",-47,-73
1886,"allez de trois à gauche , puis descendez de vingt-deux",-3,-22
1887,"allez de soixante-sept à gauche , puis descendez de soixante et un",-67,-61
1888,"allez de soixante et un à gauche , puis descendez de dix",-61,-10
1889,"allez de quatre-vingt-six à gauche , puis descendez de quarante-quatre",-86,-44
1890,"allez de quarante-deux à gauche , puis descendez de vingt-sept",-42,-27
1891,"allez de vingt-sept à gauche , puis descendez de deux",-27,-2
1892,"allez de neuf à gauche , puis descendez de quatre-vingt-quinze",-9,-95
1893,"allez de quatre-vingt-quatorze à gauche , puis descendez de quarante-trois",-94,-43
1894,"allez de quatre-vingt-dix-neuf à gauche , puis descendez de vingt-huit",-99,-28
1895,"allez de cinq à gauche , puis descendez de soixante-dix-neuf",-5,-79
1896,"allez de quatorze à gauche , puis descendez de quatre-vingt-six",-14,-86
1897,"allez de deux à gauche , puis descendez de quatre-vingt-dix",-2,-90
1898,"allez de soixante-quatre à gauche , puis descendez de vingt-six",-64,-26
1899,"allez de douze à gauche , puis descendez de treize",-12,-13
1900,"allez de quatre-vingt-quinze à gauche , puis descendez de cinquante-deux",-95,-52
1901,"allez de soixante-douze à gauche , puis descendez de vingt",-72,-20
1902,"allez de quarante-trois à gauche , puis descendez de soixante-sept",-43,-67
1903,"allez de soixante-deux à gauche , puis descendez de quatre-vingt-deux",-62,-82
1904,"allez de soixante-quatre à gauche , puis descendez de soixante-dix-huit",-64,-78
1905,"allez de soixante et onze à gauche , puis descendez de trente-huit",-71,-38
1906,"allez de dix à gauche , puis descendez de deux",-10,-2
1907,"allez de deux à gauche , puis descendez de soixante-cinq",-2,-65
1908,"allez de trente et un à gauche , puis descendez de vingt-quatre",-31,-24
1909,"allez de trois à gauche , puis descendez de huit",-3,-8
1910,"allez de quarante-quatre à gauche , puis descendez de quarante-deux",-44,-42
1911,"allez de soixante-six à gauche , puis descendez de dix-neuf",-66,-19
1912,"allez de treize à gauche , puis descendez de quarante et un",-13,-41
1913,"allez de neuf à gauche , puis descendez de quatre-vingt-treize",-9,-93
1914,"allez de dix-huit à gauche , puis descendez de dix",-18,-10
1915,"allez de quatre-vingt-douze à gauche , puis descendez de trente et un",-92,-31
1916,"allez de trente à gauche , puis descendez de quinze",-30,-15
1917,"allez de dix-sept à gauche , puis descendez de vingt-six",-17,-26
1918,"allez de quatre-vingt-huit à gauche , puis descendez de soixante-cinq",-88,-65
1919,"allez de quatre-vingt-douze à gauche , puis descendez de cinquante",-92,-50
1920,"allez de cinquante et un à gauche , puis descendez de vingt-quatre",-51,-24
1921,"allez de quatre-vingt-sept à gauche , puis descendez de quarante-huit",-87,-48
1922,"allez de cinquante-deux à gauche , puis descendez de vingt",-52,-20
1923,"allez de cinquante-six à gauche , puis descendez de quatre-vingt-quatorze",-56,-94
1924,"allez de trente-huit à gauche , puis descendez de quarante-deux",-38,-42
1925,"allez de dix-huit à gauche , puis descendez de soixante-quatorze",-18,-74
1926,"allez de quatre-vingt-un à gauche , puis descendez de soixante-six",-81,-66
1927,"allez de soixante-dix à gauche , puis descendez de quatre-vingt-douze",-70,-92
1928,"allez de quatre-vingt-seize à gauche , puis descendez de quatre",-96,-4
1929,"allez de quatre-vingt-neuf à gauche , puis descendez de cinquante-deux",-89,-52
1930,"allez de trente-cinq à gauche , puis descendez de huit",-35,-8
1931,"allez de douze à gauche , puis descendez de soixante-huit",-12,-68
1932,"allez de trente et un à gauche , puis descendez de soixante-six",-31,-66
1933,"allez de cinquante-deux à gauche , puis descendez de cinquante-six",-52,-56
1934,"allez de cinquante à gauche , puis descendez de quatorze",-50,-14
1935,"allez de soixante-huit à gauche , puis descendez de trente et un",-68,-31
1936,"allez de cinq à gauche , puis descendez de cinquante-neuf",-5,-59
1937,"allez de quatre-vingt-quinze à gauche , puis descendez de quarante-six",-95,-46
1938,"allez de soixante-quatre à gauche , puis descendez de quatre-vingt-quatre",-64,-84
1939,"allez de quarante-cinq à gauche , puis descendez de cent",-45,-100
1940,"allez de quarante-trois à gauche , puis descendez de cinquante-cinq",-43,-55
1941,"allez de dix à gauche , puis descendez de seize",-10,-16
1942,"allez de soixante-dix-neuf à gauche , puis descendez de douze",-79,-12
1943,"allez de soixante-quatre à gauche , puis descendez de trente-huit",-64,-38
1944,"allez de dix-sept à gauche , puis descendez de trente-sept",-17,-37
1945,"allez de onze à gauche , puis descendez de six",-11,-6
1946,"allez de trente-deux à gauche , puis descendez de quatre-vingt-neuf",-32,-89
1947,"allez de vingt à gauche , puis descendez de soixante",-20,-60
1948,"allez de soixante et un à gauche , puis descendez de trente-six",-61,-36
1949,"allez de soixante-deux à gauche , puis descendez de soixante-dix-sept",-62,-77
1950,"allez de trente-deux à gauche , puis descendez de soixante-douze",-32,-72
1951,"allez de trente-sept à gauche , puis descendez de quatre-vingt-cinq",-37,-85
1952,"allez de quatre-vingt-deux à gauche , puis descendez de cinquante-deux",-82,-52
1953,"allez de quatre-vingt-neuf à gauche , puis descendez de douze",-89,-12
1954,"allez de cinquante à gauche , puis descendez de soixante-six",-50,-66
1955,"allez de vingt-sept à gauche , puis descendez de soixante-six",-27,-66
1956,"allez de cinquante-sept à gauche , puis descendez de soixante-quinze",-57,-75
1957,"allez de soixante-deux à gauche , puis descendez de trente-cinq",-62,-35
1958,"allez de quinze à gauche , puis descendez de trente-huit",-15,-38
1959,"allez de neuf à gauche , puis descendez de quatre-vingt-dix-sept",-9,-97
1960,"allez de quarante-six à gauche , puis descendez de trente-cinq",-46,-35
1961,"allez de soixante-quinze à gauche , puis descendez de trente",-75,-30
1962,"allez de soixante-quinze à gauche , puis descendez de quatre-vingt-six",-75,-86
1963,"allez de vingt-huit à gauche , puis descendez de soixante-deux",-28,-62
1964,"allez de quatre-vingt-dix-huit à gauche , puis descendez de soixante-seize",-98,-76
1965,"allez de soixante-trois à gauche , puis descendez de soixante-six",-63,-66
1966,"allez de soixante-quatorze à gauche , puis descendez de cinquante",-74,-50
1967,"allez de quatre-vingt-onze à gauche , puis descendez de cent",-91,-100
1968,"allez de soixante-huit à gauche , puis descendez de quatre-vingt-trois",-68,-83
1969,"allez de soixante-dix-sept à gauche , puis descendez de sept",-77,-7
1970,"allez de quarante-quatre à gauche , puis descendez de quarante-sept",-44,-47
1971,"allez de neuf à gauche , puis descendez de quatre-vingt-dix-huit",-9,-98
1972,"allez de vingt et un à gauche , puis descendez de soixante et onze",-21,-71
1973,"allez de trente-deux à gauche , puis descendez de quatre-vingt-cinq",-32,-85
1974,"allez de quarante-trois à gauche , puis descendez de cinquante",-43,-50
1975,"allez de quatre-vingt-quinze à gauche , puis descendez de trente-quatre",-95,-34
1976,"allez de quatre-vingt-huit à gauche , puis descendez de quatre-vingt-dix",-88,-90
1977,"allez de trente-deux à gauche , puis descendez de quarante-quatre",-32,-44
1978,"allez de soixante à gauche , puis descendez de dix-neuf",-60,-19
1979,"allez de quatre-vingt-treize à gauche , puis descendez de quatre-vingt-douze",-93,-92
1980,"allez de douze à gauche , puis descendez de vingt-quatre",-12,-24
1981,"allez de soixante-sept à gauche , puis descendez de vingt et un",-67,-21
1982,"allez de soixante-six à gauche , puis descendez de quatre-vingt-dix-sept",-66,-97
1983,"allez de quatre-vingt-treize à gauche , puis descendez de soixante-dix-huit",-93,-78
1984,"allez de cent à gauche , puis descendez de cinquante-trois",-100,-53
1985,"allez de trente-trois à gauche , puis descendez de cinquante-six",-33,-56
1986,"allez de dix-huit à gauche , puis descendez de trente-trois",-18,-33
1987,"allez de trente-six à gauche , puis descendez de soixante-quatre",-36,-64
1988,"allez de six à gauche , puis descendez de quatre-vingt-quinze",-6,-95
1989,"allez de quatre-vingt-six à gauche , puis descendez de cinquante-six",-86,-56
1990,"allez de cinquante-sept à gauche , puis descendez de trente-quatre",-57,-34
1991,"allez de soixante-sept à gauche , puis descendez de quarante-quatre",-67,-44
1992,"allez de quarante-neuf à gauche , puis descendez de neuf",-49,-9
1993,"allez de douze à gauche , puis descendez de cinq",-12,-5
1994,"allez de soixante-dix à gauche , puis descendez de quatre-vingt-cinq",-70,-85
1995,"allez de quatre-vingt-dix-sept à gauche , puis descendez de trente-six",-97,-36
1996,"allez de quatre-vingt-dix à gauche , puis descendez de soixante-huit",-90,-68
1997,"allez de cinquante-neuf à gauche , puis descendez de cinquante-trois",-59,-53
1998,"allez de soixante-douze à gauche , puis descendez de vingt",-72,-20
1999,"allez de quatre-vingt-onze à gauche , puis descendez de cinquante",-91,-50
2000,"allez de trente-huit à droite , puis montez de quarante-six",38,46
2001,"allez de cent à droite , puis montez de trente-sept",100,37
2002,"allez de quatre-vingt-dix-huit à droite , puis montez de quatre-vingt-onze",98,91
2003,"allez de cinquante-deux à droite , puis montez de sept",52,7
2004,"allez de soixante-quinze à droite , puis montez de dix",75,10
2005,"allez de quatre-vingt-seize à droite , puis montez de un",96,1
2006,"allez de soixante-sept à droite , puis montez de quatre-vingt-quatorze",67,94
2007,"allez de soixante-dix-huit à droite , puis montez de vingt-neuf",78,29
2008,"allez de quarante-cinq à droite , puis montez de quarante-neuf",45,49
2009,"allez de cent à droite , puis montez de vingt-neuf",100,29
2010,"allez de trente-sept à droite , puis montez de cinquante et un",37,51
2011,"allez de quatre-vingt-quatorze à droite , puis montez de quatre-vingt-dix",94,90
2012,"allez de vingt-huit à droite , puis montez de soixante-deux",28,62
2013,"allez de dix-huit à droite , puis montez de quatre-vingt-dix-sept",18,97
2014,"allez de quarante-deux à droite , puis montez de dix-sept",42,17
2015,"allez de cinquante-huit à droite , puis montez de vingt-quatre",58,24
2016,"allez de quarante-huit à droite , puis montez de trente-six",48,36
2017,"allez de trente et un à droite , puis montez de quarante-cinq",31,45
2018,"allez de cent à droite , puis montez de cinquante et un",100,51
2019,"allez de un à droite , puis montez de vingt",1,20
2020,"allez de soixante-seize à droite , puis montez de vingt-trois",76,23
2021,"allez de quarante-sept à droite , puis montez de quarante-cinq",47,45
2022,"allez de trente-neuf à droite , puis montez de soixante-douze",39,72
2023,"allez de trente-neuf à droite , puis montez de dix",39,10
2024,"allez de quarante-huit à droite , puis montez de quatre-vingt-trois",48,83
2025,"allez de soixante-huit à droite , puis montez de quarante-trois",68,43
2026,"allez de cinq à droite , puis montez de soixante et un",5,61
2027,"allez de quatre-vingt-cinq à droite , puis montez de quarante-sept",85,47
2028,"allez de douze à droite , puis montez de deux",12,2
2029,"allez de quinze à droite , puis montez de cent",15,100
2030,"allez de quatre-vingt-dix-neuf à droite , puis montez de sept",99,7
2031,"allez de trente-quatre à droite , puis montez de quatre-vingt-quatre",34,84
2032,"allez de quatre-vingt-neuf à droite , puis montez de quatre",89,4
2033,"allez de vingt-quatre à droite , puis montez de quatre-vingt-six",24,86
2034,"allez de soixante-treize à droite , puis montez de cinquante-sept",73,57
2035,"allez de quarante-six à droite , puis montez de cinquante-deux",46,52
2036,"allez de cinquante-deux à droite , puis montez de soixante et onze",52,71
2037,"allez de dix-huit à droite , puis montez de quarante-trois",18,43
2038,"allez de vingt-trois à droite , puis montez de soixante-quinze",23,75
2039,"allez de trente à droite , puis montez de quatre-vingt-quatorze",30,94
2040,"allez de trente-deux à droite , puis montez de soixante-neuf",32,69
2041,"allez de dix-sept à droite , puis montez de quatre-vingt-quatorze",17,94
2042,"allez de quarante à droite , puis montez de vingt-quatre",40,24
2043,"allez de trente-deux à droite , puis montez de dix-neuf",32,19
2044,"allez de cinquante-six à droite , puis montez de cinquante-sept",56,57
2045,"allez de soixante-six à droite , puis montez de vingt-deux",66,22
2046,"allez de trente-six à droite , puis montez de soixante-quinze",36,75
2047,"allez de quarante à droite , puis montez de vingt-trois",40,23
2048,"allez de douze à droite , puis montez de dix",12,10
2049,"allez de quinze à droite , puis montez de quatre-vingt-sept",15,87
2050,"allez de dix-neuf à droite , puis montez de quatorze",19,14
2051,"allez de quarante et un à droite , puis montez de soixante-cinq",41,65
2052,"allez de quatre-vingt-dix-sept à droite , puis montez de quarante-quatre",97,44
2053,"allez de soixante-dix-sept à droite , puis montez de quatre-vingt-dix-neuf",77,99
2054,"allez de deux à droite , puis montez de trente-neuf",2,39
2055,"allez de quarante-six à droite , puis montez de quatre-vingt-un",46,81
2056,"allez de dix-sept à droite , puis montez de vingt-cinq",17,25
2057,"allez de quatre-vingt-dix-neuf à droite , puis montez de vingt-cinq",99,25
2058,"allez de soixante-trois à droite , puis montez de treize",63,13
2059,"allez de vingt-cinq à droite , puis montez de cinquante-neuf",25,59
2060,"allez de quatre-vingt-six à droite , puis montez de cinquante-quatre",86,54
2061,"allez de soixante et onze à droite , puis montez de soixante-douze",71,72
2062,"allez de quarante-huit à droite , puis montez de trente-trois",48,33
2063,"allez de vingt-trois à droite , puis montez de quatre-vingt-dix-sept",23,97
2064,"allez de quatre-vingt-dix-neuf à droite , puis montez de soixante-deux",99,62
2065,"allez de seize à droite , puis montez de onze",16,11
2066,"allez de vingt-trois à droite , puis montez de quarante",23,40
2067,"allez de soixante-quinze à droite , puis montez de quatre-vingt-cinq",75,85
2068,"allez de quarante-huit à droite , puis montez de quarante-sept",48,47
2069,"allez de vingt à droite , puis montez de soixante-deux",20,62
2070,"allez de soixante-dix à droite , puis montez de trente-neuf",70,39
2071,"allez de six à droite , puis montez de soixante",6,60
2072,"allez de dix-neuf à droite , puis montez de cinquante-deux",19,52
2073,"allez de trente-huit à droite , puis montez de soixante-deux",38,62
2074,"allez de soixante-treize à droite , puis montez de quatre",73,4
2075,"allez de quatre-vingt-six à droite , puis montez de quatre-vingts",86,80
2076,"allez de douze à droite , puis montez de cinquante-huit",12,58
2077,"allez de vingt-neuf à droite , puis montez de trente-huit",29,38
2078,"allez de soixante-seize à droite , puis montez de quatre-vingts",76,80
2079,"allez de trente à droite , puis montez de soixante-douze",30,72
2080,"allez de soixante-cinq à droite , puis montez de quarante-deux",65,42
2081,"allez de seize à droite , puis montez de douze",16,12
2082,"allez de trente-trois à droite , puis montez de quatre-vingt-seize",33,96
2083,"allez de vingt-quatre à droite , puis montez de quatre-vingt-deux",24,82
2084,"allez de trente à droite , puis montez de cinquante-six",30,56
2085,"allez de cinquante-deux à droite , puis montez de soixante-seize",52,76
2086,"allez de quarante-trois à droite , puis montez de soixante-sept",43,67
2087,"allez de soixante-deux à droite , puis montez de quatre-vingt-trois",62,83
2088,"allez de cinquante-huit à droite , puis montez de cinquante-cinq",58,55
2089,"allez de quatre-vingt-un à droite , puis montez de cent",81,100
2090,"allez de soixante-quatre à droite , puis montez de quatorze",64,14
2091,"allez de trente-sept à droite , puis montez de quatre-vingt-dix",37,90
2092,"allez de cinquante-trois à droite , puis montez de quatre-vingt-seize",53,96
2093,"allez de quinze à droite , puis montez de quatre-vingt-six",15,86
2094,"allez de soixante-quatre à droite , puis montez de cinquante-six",64,56
2095,"allez de soixante-six à droite , puis montez de soixante-deux",66,62
2096,"allez de soixante-quatorze à droite , puis montez de vingt-sept",74,27
2097,"allez de vingt-neuf à droite , puis montez de soixante-quatre",29,64
2098,"allez de quatre-vingt-treize à droite , puis montez de quatre-vingt-dix-sept",93,97
2099,"allez de soixante-sept à droite , puis montez de vingt-huit",67,28
2100,"allez de deux à droite , puis montez de dix",2,10
2101,"allez de quatre-vingt-onze à droite , puis montez de quarante-neuf",91,49
2102,"allez de quarante à droite , puis montez de soixante",40,60
2103,"allez de trente et un à droite , puis montez de quatre-vingt-treize",31,93
2104,"allez de cinquante-trois à droite , puis montez de soixante-dix-huit",53,78
2105,"allez de cinquante-sept à droite , puis montez de dix-neuf",57,19
2106,"allez de soixante-dix-sept à droite , puis montez de quatre-vingt-deux",77,82
2107,"allez de quatre-vingt-treize à droite , puis montez de cinquante et un",93,51
2108,"allez de quatre-vingt-treize à droite , puis montez de soixante-quatorze",93,74
2109,"allez de soixante-trois à droite , puis montez de quatre-vingt-dix-huit",63,98
2110,"allez de quatorze à droite , puis montez de soixante-quatorze",14,74
2111,"allez de trente-huit à droite , puis montez de quatorze",38,14
2112,"allez de trente-deux à droite , puis montez de vingt-deux",32,22
2113,"allez de deux à droite , puis montez de soixante-dix-sept",2,77
2114,"allez de quatre-vingt-sept à droite , puis montez de quatre-vingt-seize",87,96
2115,"allez de soixante-sept à droite , puis montez de vingt-cinq",67,25
2116,"allez de soixante-quatre à droite , puis montez de six",64,6
2117,"allez de soixante et un à droite , puis montez de vingt-sept",61,27
2118,"allez de quatre-vingt-dix-sept à droite , puis montez de soixante-douze",97,72
2119,"allez de quarante-cinq à droite , puis montez de quatre-vingt-cinq",45,85
2120,"allez de vingt-sept à droite , puis montez de quatre-vingt-sept",27,87
2121,"allez de deux à droite , puis montez de quarante-neuf",2,49
2122,"allez de quarante-trois à droite , puis montez de trente-cinq",43,35
2123,"allez de neuf à droite , puis montez de six",9,6
2124,"allez de soixante-seize à droite , puis montez de cent",76,100
2125,"allez de vingt-huit à droite , puis montez de vingt-neuf",28,29
2126,"allez de cinquante-six à droite , puis montez de soixante",56,60
2127,"allez de vingt-deux à droite , puis montez de vingt et un",22,21
2128,"allez de vingt et un à droite , puis montez de trente-huit",21,38
2129,"allez de soixante-dix-neuf à droite , puis montez de dix-huit",79,18
2130,"allez de quatre-vingt-six à droite , puis montez de quarante-neuf",86,49
2131,"allez de quatre-vingt-seize à droite , puis montez de dix",96,10
2132,"allez de trente-neuf à droite , puis montez de soixante et un",39,61
2133,"allez de quarante et un à droite , puis montez de vingt-trois",41,23
2134,"allez de quatre-vingt-sept à droite , puis montez de quarante-six",87,46
2135,"allez de trente et un à droite , puis montez de soixante-dix-sept",31,77
2136,"allez de six à droite , puis montez de vingt-cinq",6,25
2137,"allez de quatre-vingt-quatre à droite , puis montez de cinq",84,5
2138,"allez de vingt-six à droite , puis montez de cinquante-quatre",26,54
2139,"allez de quinze à droite , puis montez de trente-neuf",15,39
2140,"allez de trente-cinq à droite , puis montez de soixante-sept",35,67
2141,"allez de treize à droite , puis montez de soixante-deux",13,62
2142,"allez de trente-deux à droite , puis montez de quatre-vingt-quatorze",32,94
2143,"allez de six à droite , puis montez de quatre-vingt-dix-sept",6,97
2144,"allez de six à droite , puis montez de quarante-neuf",6,49
2145,"allez de un à droite , puis montez de quarante-deux",1,42
2146,"allez de quatre-vingt-onze à droite , puis montez de vingt-six",91,26
2147,"allez de dix-sept à droite , puis montez de vingt-deux",17,22
2148,"allez de treize à droite , puis montez de un",13,1
2149,"allez de cinquante-trois à droite , puis montez de soixante-quatorze",53,74
2150,"allez de quatre-vingt-trois à droite , puis montez de cinquante-trois",83,53
2151,"allez de trente-neuf à droite , puis montez de soixante-quatorze",39,74
2152,"allez de trente-sept à droite , puis montez de onze",37,11
2153,"allez de soixante-quatorze à droite , puis montez de cent",74,100
2154,"allez de quarante-cinq à droite , puis montez de quarante-sept",45,47
2155,"allez de trois à droite , puis montez de quarante-sept",3,47
2156,"allez de quatre-vingt-quatorze à droite , puis montez de quatre-vingt-dix",94,90
2157,"allez de quinze à droite , puis montez de quatre-vingt-onze",15,91
2158,"allez de soixante-douze à droite , puis montez de trente-trois",72,33
2159,"allez de quarante-deux à droite , puis montez de soixante-cinq",42,65
2160,"allez de soixante-dix-neuf à droite , puis montez de quatre-vingt-six",79,86
2161,"allez de vingt-deux à droite , puis montez de trente-huit",22,38
2162,"allez de quarante-quatre à droite , puis montez de douze",44,12
2163,"allez de quarante-neuf à droite , puis montez de dix-neuf",49,19
2164,"allez de vingt-deux à droite , puis montez de quatre-vingt-sept",22,87
2165,"allez de huit à droite , puis montez de neuf",8,9
2166,"allez de soixante-quatorze à droite , puis montez de sept",74,7
2167,"allez de cinquante à droite , puis montez de soixante et un",50,61
2168,"allez de quatre-vingt-douze à droite , puis montez de quarante-quatre",92,44
2169,"allez de quatre-vingt-dix-neuf à droite , puis montez de vingt-six",99,26
2170,"allez de quatre-vingt-un à droite , puis montez de cinq",81,5
2171,"allez de quatre-vingt-un à droite , puis montez de quarante-neuf",81,49
2172,"allez de vingt-quatre à droite , puis montez de vingt",24,20
2173,"allez de quatre-vingt-neuf à droite , puis montez de soixante-quinze",89,75
2174,"allez de vingt-deux à droite , puis montez de douze",22,12
2175,"allez de quarante-trois à droite , puis montez de trente-quatre",43,34
2176,"allez de six à droite , puis montez de huit",6,8
2177,"allez de soixante-cinq à droite , puis montez de trente",65,30
2178,"allez de soixante-quatre à droite , puis montez de vingt-quatre",64,24
2179,"allez de cinquante-cinq à droite , puis montez de trente-trois",55,33
2180,"allez de soixante-sept à droite , puis montez de quatre",67,4
2181,"allez de soixante-quatorze à droite , puis montez de quinze",74,15
2182,"allez de quarante-six à droite , puis montez de cinq",46,5
2183,"allez de trente-sept à droite , puis montez de quarante et un",37,41
2184,"allez de vingt-neuf à droite , puis montez de quatre-vingt-neuf",29,89
2185,"allez de quatre-vingt-quinze à droite , puis montez de quatre-vingt-cinq",95,85
2186,"allez de huit à droite , puis montez de vingt-trois",8,23
2187,"allez de trente-deux à droite , puis montez de trente-huit",32,38
2188,"allez de soixante-neuf à droite , puis montez de quatre-vingt-onze",69,91
2189,"allez de quarante-deux à droite , puis montez de vingt-deux",42,22
2190,"allez de quatre-vingt-treize à droite , puis montez de soixante-dix-huit",93,78
2191,"allez de soixante-huit à droite , puis montez de treize",68,13
2192,"allez de trente-deux à droite , puis montez de quatre-vingt-cinq",32,85
2193,"allez de quatre-vingt-neuf à droite , puis montez de soixante-cinq",89,65
2194,"allez de cinquante à droite , puis montez de quatre",50,4
2195,"allez de cinquante-neuf à droite , puis montez de quarante-sept",59,47
2196,"allez de quatre-vingt-quatre à droite , puis montez de cinquante",84,50
2197,"allez de vingt-six à droite , puis montez de quarante et un",26,41
2198,"allez de quarante-trois à droite , puis montez de dix-huit",43,18
2199,"allez de cinquante-cinq à droite , puis montez de quatre-vingt-douze",55,92
2200,"allez de quatre-vingt-dix-huit à droite , puis montez de cinquante-sept",98,57
2201,"allez de dix-neuf à droite , puis montez de vingt et un",19,21
2202,"allez de quatre-vingt-onze à droite , puis montez de vingt-neuf",91,29
2203,"allez de cinq à droite , puis montez de quinze",5,15
2204,"allez de soixante-deux à droite , puis montez de soixante-trois",62,63
2205,"allez de quatre-vingt-quinze à droite , puis montez de huit",95,8
2206,"allez de quarante-huit à droite , puis montez de cinquante-huit",48,58
2207,"allez de cinquante-neuf à droite , puis montez de quarante-huit",59,48
2208,"allez de quatre-vingt-dix-neuf à droite , puis montez de cinq",99,5
2209,"allez de vingt-huit à droite , puis montez de soixante-dix-huit",28,78
2210,"allez de quatre-vingt-douze à droite , puis montez de quarante-six",92,46
2211,"allez de trente-quatre à droite , puis montez de cinquante-trois",34,53
2212,"allez de trente-sept à droite , puis montez de quatre-vingt-quatre",37,84
2213,"allez de quarante-cinq à droite , puis montez de dix",45,10
2214,"allez de vingt-sept à droite , puis montez de quatre-vingt-quatorze",27,94
2215,"allez de quatre-vingt-quatorze à droite , puis montez de quatre-vingt-onze",94,91
2216,"allez de cinquante-sept à droite , puis montez de quarante-quatre",57,44
2217,"allez de quatre-vingt-cinq à droite , puis montez de quarante-sept",85,47
2218,"allez de neuf à droite , puis montez de soixante-dix-huit",9,78
2219,"allez de treize à droite , puis montez de soixante-dix",13,70
2220,"allez de quarante à droite , puis montez de quatorze",40,14
2221,"allez de soixante et un à droite , puis montez de quatre-vingt-deux",61,82
2222,"allez de vingt-six à droite , puis montez de dix-neuf",26,19
2223,"allez de douze à droite , puis montez de trois",12,3
2224,"allez de vingt-cinq à droite , puis montez de cinquante",25,50
2225,"allez de quarante-neuf à droite , puis montez de quatre-vingt-douze",49,92
2226,"allez de dix-huit à droite , puis montez de soixante-sept",18,67
2227,"allez de soixante-dix-sept à droite , puis montez de quatre-vingt-quatre",77,84
2228,"allez de soixante-quatorze à droite , puis montez de dix-huit",74,18
2229,"allez de cinquante-trois à droite , puis montez de quatre-vingt-dix-sept",53,97
2230,"allez de quatre-vingts à droite , puis montez de quatre-vingt-huit",80,88
2231,"allez de quatre-vingts à droite , puis montez de quatre-vingt-six",80,86
2232,"allez de cinquante-huit à droite , puis montez de cinquante-huit",58,58
2233,"allez de cinquante-huit à droite , puis montez de cinquante",58,50
2234,"allez de trente-deux à droite , puis montez de soixante et un",32,61
2235,"allez de quatre-vingt-treize à droite , puis montez de trente-trois",93,33
2236,"allez de trente-huit à droite , puis montez de vingt-quatre",38,24
2237,"allez de trente-huit à droite , puis montez de onze",38,11
2238,"allez de soixante-douze à droite , puis montez de un",72,1
2239,"allez de cinquante et un à droite , puis montez de trente et un",51,31
2240,"allez de soixante-quatorze à droite , puis montez de quarante",74,40
2241,"allez de dix à droite , puis montez de cinquante-six",10,56
2242,"allez de quatre-vingt-dix à droite , puis montez de quarante-neuf",90,49
2243,"allez de trente-trois à droite , puis montez de trois",33,3
2244,"allez de vingt et un à droite , puis montez de trente-deux",21,32
2245,"allez de vingt-six à droite , puis montez de quatorze",26,14
2246,"allez de douze à droite , puis montez de quatre-vingt-seize",12,96
2247,"allez de trente-deux à droite , puis montez de quinze",32,15
2248,"allez de vingt-cinq à droite , puis montez de cent",25,100
2249,"allez de onze à droite , puis montez de quatre-vingt-neuf",11,89
2250,"allez de trente-neuf à droite , puis montez de quatre-vingt-cinq",39,85
2251,"allez de dix à droite , puis montez de trente-trois",10,33
2252,"allez de quatre-vingt-trois à droite , puis montez de soixante-huit",83,68
2253,"allez de soixante-huit à droite , puis montez de quarante-trois",68,43
2254,"allez de quarante-deux à droite , puis montez de vingt-neuf",42,29
2255,"allez de cinquante-deux à droite , puis montez de vingt-cinq",52,25
2256,"allez de soixante-huit à droite , puis montez de trente et un",68,31
2257,"allez de quatre-vingt-six à droite , puis montez de quatre-vingt-dix-neuf",86,99
2258,"allez de trente-deux à droite , puis montez de vingt-huit",32,28
2259,"allez de deux à droite , puis montez de soixante-sept",2,67
2260,"allez de quarante-quatre à droite , puis montez de soixante",44,60
2261,"allez de cinq à droite , puis montez de soixante-dix-huit",5,78
2262,"allez de cinquante à droite , puis montez de cinquante-neuf",50,59
2263,"allez de quatre-vingt-cinq à droite , puis montez de cinquante-neuf",85,59
2264,"allez de quatre-vingt-onze à droite , puis montez de seize",91,16
2265,"allez de quatre-vingt-un à droite , puis montez de quatre-vingt-onze",81,91
2266,"allez de soixante-dix-huit à droite , puis montez de cinquante-deux",78,52
2267,"allez de trente-six à droite , puis montez de quarante et un",36,41
2268,"allez de vingt à droite , puis montez de soixante-deux",20,62
2269,"allez de soixante-cinq à droite , puis montez de trente-sept",65,37
2270,"allez de douze à droite , puis montez de soixante-dix",12,70
2271,"allez de soixante-cinq à droite , puis montez de quarante-huit",65,48
2272,"allez de trente-six à droite , puis montez de quarante-neuf",36,49
2273,"allez de quarante-trois à droite , puis montez de dix",43,10
2274,"allez de quatre-vingts à droite , puis montez de vingt-sept",80,27
2275,"allez de quatre-vingts à droite , puis montez de vingt-cinq",80,25
2276,"allez de quarante à droite , puis montez de quatre-vingt-cinq",40,85
2277,"allez de quatre-vingt-treize à droite , puis montez de cinquante-six",93,56
2278,"allez de quatorze à droite , puis montez de vingt-sept",14,27
2279,"allez de cinquante-huit à droite , puis montez de trente-cinq",58,35
2280,"allez de trente à droite , puis montez de vingt-cinq",30,25
2281,"allez de dix-huit à droite , puis montez de vingt",18,20
2282,"allez de quarante-sept à droite , puis montez de soixante-dix-neuf",47,79
2283,"allez de vingt-cinq à droite , puis montez de soixante-dix",25,70
2284,"allez de quatre-vingt-deux à droite , puis montez de soixante-dix",82,70
2285,"allez de quatre-vingt-dix-neuf à droite , puis montez de cent",99,100
2286,"allez de quarante-deux à droite , puis montez de quarante",42,40
2287,"allez de trente et un à droite , puis montez de quarante-cinq",31,45
2288,"allez de dix-sept à droite , puis montez de quatorze",17,14
2289,"allez de quatre-vingt-seize à droite , puis montez de seize",96,16
2290,"allez de quatre-vingt-dix-neuf à droite , puis montez de dix-sept",99,17
2291,"allez de soixante et un à droite , puis montez de cent",61,100
2292,"allez de quatre-vingt-dix-sept à droite , puis montez de quarante-neuf",97,49
2293,"allez de un à droite , puis montez de quarante-quatre",1,44
2294,"allez de trente-sept à droite , puis montez de cinquante-deux",37,52
2295,"allez de quarante-cinq à droite , puis montez de soixante-treize",45,73
2296,"allez de vingt-neuf à droite , puis montez de trente-neuf",29,39
2297,"allez de soixante-dix-huit à droite , puis montez de quatre-vingt-dix",78,90
2298,"allez de soixante-dix-neuf à droite , puis montez de soixante-quatorze",79,74
2299,"allez de cinquante-cinq à droite , puis montez de quatre-vingt-quatorze",55,94
2300,"allez de quatre-vingt-quinze à droite , puis montez de soixante-quatre",95,64
2301,"allez de dix-sept à droite , puis montez de cinquante-sept",17,57
2302,"allez de quarante-huit à droite , puis montez de quatre-vingt-quatre",48,84
2303,"allez de soixante-neuf à droite , puis montez de quatre-vingt-sept",69,87
2304,"allez de quatre-vingt-treize à droite , puis montez de vingt-sept",93,27
2305,"allez de trente-six à droite , puis montez de vingt-cinq",36,25
2306,"allez de soixante-deux à droite , puis montez de cinquante-sept",62,57
2307,"allez de sept à droite , puis montez de trente-cinq",7,35
2308,"allez de soixante-deux à droite , puis montez de trente-huit",62,38
2309,"allez de soixante-dix-huit à droite , puis montez de quarante-cinq",78,45
2310,"allez de soixante-deux à droite , puis montez de soixante-sept",62,67
2311,"allez de huit à droite , puis montez de quarante-quatre",8,44
2312,"allez de soixante-dix-sept à droite , puis montez de trois",77,3
2313,"allez de quatre-vingt-cinq à droite , puis montez de trente-quatre",85,34
2314,"allez de quatre-vingt-douze à droite , puis montez de vingt-neuf",92,29
2315,"allez de soixante-dix à droite , puis montez de soixante-quinze",70,75
2316,"allez de cinquante-trois à droite , puis montez de cinquante-cinq",53,55
2317,"allez de soixante-quinze à droite , puis montez de soixante",75,60
2318,"allez de six à droite , puis montez de trente-cinq",6,35
2319,"allez de vingt-sept à droite , puis montez de cent",27,100
2320,"allez de trente-deux à droite , puis montez de quatre-vingt-seize",32,96
2321,"allez de trente-trois à droite , puis montez de vingt-six",33,26
2322,"allez de quatre-vingt-sept à droite , puis montez de quatre-vingt-un",87,81
2323,"allez de trente-deux à droite , puis montez de vingt-six",32,26
2324,"allez de quarante à droite , puis montez de cent",40,100
2325,"allez de onze à droite , puis montez de soixante-six",11,66
2326,"allez de quatre-vingts à droite , puis montez de trente-neuf",80,39
2327,"allez de vingt-quatre à droite , puis montez de quatre-vingt-dix-huit",24,98
2328,"allez de quatre-vingt-douze à droite , puis montez de soixante-sept",92,67
2329,"allez de trente-quatre à droite , puis montez de vingt-cinq",34,25
2330,"allez de quatre-vingt-quinze à droite , puis montez de cinquante-cinq",95,55
2331,"allez de soixante-neuf à droite , puis montez de trente-deux",69,32
2332,"allez de trente-sept à droite , puis montez de quatre-vingt-dix",37,90
2333,"allez de six à droite , puis montez de quarante-neuf",6,49
2334,"allez de trente-huit à droite , puis montez de soixante-deux",38,62
2335,"allez de trente-six à droite , puis montez de cinquante-deux",36,52
2336,"allez de vingt-deux à droite , puis montez de neuf",22,9
2337,"allez de cinquante-deux à droite , puis montez de soixante-six",52,66
2338,"allez de cinquante-neuf à droite , puis montez de soixante-deux",59,62
2339,"allez de quarante-neuf à droite , puis montez de dix-neuf",49,19
2340,"allez de douze à droite , puis montez de vingt-trois",12,23
2341,"allez de soixante-sept à droite , puis montez de soixante-trois",67,63
2342,"allez de quatre-vingt-dix-huit à droite , puis montez de deux",98,2
2343,"allez de trente-trois à droite , puis montez de treize",33,13
2344,"allez de quatre-vingt-dix-sept à droite , puis montez de quatre-vingt-trois",97,83
2345,"allez de soixante-deux à droite , puis montez de quatre-vingt-sept",62,87
2346,"allez de quatre-vingt-onze à droite , puis montez de cinquante-trois",91,53
2347,"allez de quatre-vingt-deux à droite , puis montez de vingt-deux",82,22
2348,"allez de soixante-dix-sept à droite , puis montez de dix-sept",77,17
2349,"allez de trente et un à droite , puis montez de soixante-quatorze",31,74
2350,"allez de quatre-vingts à droite , puis montez de soixante-dix-neuf",80,79
2351,"allez de quarante-neuf à droite , puis montez de cinquante-sept",49,57
2352,"allez de soixante-deux à droite , puis montez de treize",62,13
2353,"allez de cinquante à droite , puis montez de quarante-quatre",50,44
2354,"allez de soixante-dix-sept à droite , puis montez de quatre-vingt-un",77,81
2355,"allez de trente à droite , puis montez de soixante-trois",30,63
2356,"allez de soixante-dix-huit à droite , puis montez de treize",78,13
2357,"allez de trois à droite , puis montez de quarante",3,40
2358,"allez de quarante-cinq à droite , puis montez de cinquante-deux",45,52
2359,"allez de quatre-vingt-dix-neuf à droite , puis montez de cinquante-neuf",99,59
2360,"allez de dix-sept à droite , puis montez de quarante-cinq",17,45
2361,"allez de quatre à droite , puis montez de quarante et un",4,41
2362,"allez de quatre-vingt-neuf à droite , puis montez de quinze",89,15
2363,"allez de trente-trois à droite , puis montez de quarante-deux",33,42
2364,"allez de soixante-six à droite , puis montez de quatre-vingt-cinq",66,85
2365,"allez de trente-trois à droite , puis montez de dix-neuf",33,19
2366,"allez de onze à droite , puis montez de cinquante-sept",11,57
2367,"allez de soixante-neuf à droite , puis montez de quarante-sept",69,47
2368,"allez de vingt-cinq à droite , puis montez de soixante-trois",25,63
2369,"allez de vingt-cinq à droite , puis montez de quatre",25,4
2370,"allez de soixante-quatorze à droite , puis montez de vingt-six",74,26
2371,"allez de vingt-sept à droite , puis montez de soixante-quinze",27,75
2372,"allez de soixante-douze à droite , puis montez de cinquante-quatre",72,54
2373,"allez de quatre-vingt-onze à droite , puis montez de cinquante-sept",91,57
2374,"allez de vingt à droite , puis montez de quatre-vingt-un",20,81
2375,"allez de cent à droite , puis montez de quarante-cinq",100,45
2376,"allez de trente-huit à droite , puis montez de sept",38,7
2377,"allez de trente à droite , puis montez de cinquante-quatre",30,54
2378,"allez de quatre-vingt-sept à droite , puis montez de quatre-vingt-douze",87,92
2379,"allez de cinquante-huit à droite , puis montez de soixante-dix-neuf",58,79
2380,"allez de un à droite , puis montez de vingt-sept",1,27
2381,"allez de quatre-vingt-dix-sept à droite , puis montez de soixante-quinze",97,75
2382,"allez de dix à droite , puis montez de quarante-huit",10,48
2383,"allez de quarante-quatre à droite , puis montez de quatre-vingt-treize",44,93
2384,"allez de soixante et onze à droite , puis montez de quatre-vingt-seize",71,96
2385,"allez de quatre-vingt-sept à droite , puis montez de vingt-trois",87,23
2386,"allez de soixante-dix-huit à droite , puis montez de soixante-dix",78,70
2387,"allez de cinquante-six à droite , puis montez de trente et un",56,31
2388,"allez de soixante et onze à droite , puis montez de cinquante-six",71,56
2389,"allez de cent à droite , puis montez de trente-neuf",100,39
2390,"allez de soixante-quinze à droite , puis montez de vingt",75,20
2391,"allez de trente-six à droite , puis montez de soixante-trois",36,63
2392,"allez de six à droite , puis montez de soixante-cinq",6,65
2393,"allez de quarante-huit à droite , puis montez de quatre-vingt-dix",48,90
2394,"allez de cinquante-deux à droite , puis montez de deux",52,2
2395,"allez de soixante-dix à droite , puis montez de cinq",70,5
2396,"allez de quatre-vingt-dix à droite , puis montez de soixante et onze",90,71
2397,"allez de quatre-vingts à droite , puis montez de trente-neuf",80,39
2398,"allez de vingt-cinq à droite , puis montez de vingt et un",25,21
2399,"allez de dix-huit à droite , puis montez de quatre-vingt-douze",18,92
2400,"allez de quarante-quatre à droite , puis montez de cinquante-sept",44,57
2401,"allez de dix à droite , puis montez de vingt-quatre",10,24
2402,"allez de quatre-vingt-cinq à droite , puis montez de quatre-vingt-quatre",85,84
2403,"allez de quatre-vingt-dix-neuf à droite , puis montez de vingt-neuf",99,29
2404,"allez de soixante-cinq à droite , puis montez de trente-deux",65,32
2405,"allez de neuf à droite , puis montez de treize",9,13
2406,"allez de douze à droite , puis montez de vingt-neuf",12,29
2407,"allez de vingt-quatre à droite , puis montez de quatre-vingt-onze",24,91
2408,"allez de soixante-trois à droite , puis montez de six",63,6
2409,"allez de quarante et un à droite , puis montez de soixante-trois",41,63
2410,"allez de quatre-vingt-sept à droite , puis montez de quatre-vingt-seize",87,96
2411,"allez de dix-huit à droite , puis montez de trente-quatre",18,34
2412,"allez de quatre-vingt-dix à droite , puis montez de quarante-cinq",90,45
2413,"allez de soixante-dix à droite , puis montez de quatre-vingts",70,80
2414,"allez de quatre-vingts à droite , puis montez de soixante et onze",80,71
2415,"allez de quarante-cinq à droite , puis montez de quatre-vingt-un",45,81
2416,"allez de vingt-neuf à droite , puis montez de quarante",29,40
2417,"allez de quatre-vingt-dix-neuf à droite , puis montez de quatre-vingt-cinq",99,85
2418,"allez de quatre-vingt-quatre à droite , puis montez de soixante-treize",84,73
2419,"allez de cinquante à droite , puis montez de soixante-cinq",50,65
2420,"allez de soixante-huit à droite , puis montez de trois",68,3
2421,"allez de cinquante-cinq à droite , puis montez de trente-cinq",55,35
2422,"allez de quarante-trois à droite , puis montez de huit",43,8
2423,"allez de soixante-deux à droite , puis montez de dix",62,10
2424,"allez de treize à droite , puis montez de quarante-trois",13,43
2425,"allez de quatre-vingt-six à droite , puis montez de soixante-six",86,66
2426,"allez de cinquante-six à droite , puis montez de soixante-huit",56,68
2427,"allez de cinquante-deux à droite , puis montez de vingt-six",52,26
2428,"allez de vingt-trois à droite , puis montez de soixante-sept",23,67
2429,"allez de quatre-vingt-cinq à droite , puis montez de trente-sept",85,37
2430,"allez de soixante-dix-huit à droite , puis montez de quatre-vingt-onze",78,91
2431,"allez de quatre-vingt-quinze à droite , puis montez de soixante-sept",95,67
2432,"allez de cinquante-neuf à droite , puis montez de trente-deux",59,32
2433,"allez de vingt-quatre à droite , puis montez de quatre-vingt-seize",24,96
2434,"allez de soixante-neuf à droite , puis montez de quatre-vingt-sept",69,87
2435,"allez de soixante et un à droite , puis montez de vingt-sept",61,27
2436,"allez de onze à droite , puis montez de soixante-dix-sept",11,77
2437,"allez de trente-sept à droite , puis montez de quarante-quatre",37,44
2438,"allez de quatre-vingt-neuf à droite , puis montez de quatre-vingt-trois",89,83
2439,"allez de onze à droite , puis montez de cinquante et un",11,51
2440,"allez de quatre-vingt-quinze à droite , puis montez de vingt-cinq",95,25
2441,"allez de quatre-vingt-cinq à droite , puis montez de quarante-sept",85,47
2442,"allez de cinquante-trois à droite , puis montez de quatre-vingt-cinq",53,85
2443,"allez de quarante-sept à droite , puis montez de quatre-vingt-dix-sept",47,97
2444,"allez de sept à droite , puis montez de cinquante-neuf",7,59
2445,"allez de quatre-vingt-treize à droite , puis montez de soixante-six",93,66
2446,"allez de dix-neuf à droite , puis montez de quarante-deux",19,42
2447,"allez de quarante-deux à droite , puis montez de vingt-deux",42,22
2448,"allez de soixante-treize à droite , puis montez de trente-six",73,36
2449,"allez de onze à droite , puis montez de quatre-vingt-trois",11,83
2450,"allez de cinquante-sept à droite , puis montez de vingt",57,20
2451,"allez de seize à droite , puis montez de quarante-cinq",16,45
2452,"allez de treize à droite , puis montez de dix-neuf",13,19
2453,"allez de quatre-vingt-trois à droite , puis montez de vingt-sept",83,27
2454,"allez de soixante-cinq à droite , puis montez de vingt-neuf",65,29
2455,"allez de soixante-dix-huit à droite , puis montez de soixante-huit",78,68
2456,"allez de soixante-quatre à droite , puis montez de cinquante-trois",64,53
2457,"allez de soixante-deux à droite , puis montez de cinquante-neuf",62,59
2458,"allez de treize à droite , puis montez de soixante-seize",13,76
2459,"allez de trente-six à droite , puis montez de quarante-deux",36,42
2460,"allez de soixante-quatre à droite , puis montez de onze",64,11
2461,"allez de soixante-dix à droite , puis montez de quatre-vingt-six",70,86
2462,"allez de quatre-vingt-dix-huit à droite , puis montez de cinquante",98,50
2463,"allez de soixante-neuf à droite , puis montez de vingt et un",69,21
2464,"allez de soixante-deux à droite , puis montez de quatre-vingts",62,80
2465,"allez de trente-neuf à droite , puis montez de six",39,6
2466,"allez de soixante et onze à droite , puis montez de dix-huit",71,18
2467,"allez de soixante-dix-neuf à droite , puis montez de quarante et un",79,41
2468,"allez de dix-huit à droite , puis montez de quatre-vingt-dix-huit",18,98
2469,"allez de vingt-neuf à droite , puis montez de soixante-dix-huit",29,78
2470,"allez de soixante-quinze à droite , puis montez de cinquante-cinq",75,55
2471,"allez de trente-deux à droite , puis montez de vingt-six",32,26
2472,"allez de trente-trois à droite , puis montez de cent",33,100
2473,"allez de quatre-vingt-quinze à droite , puis montez de vingt-neuf",95,29
2474,"allez de quarante-trois à droite , puis montez de seize",43,16
2475,"allez de soixante-treize à droite , puis montez de cent",73,100
2476,"allez de deux à droite , puis montez de quarante-deux",2,42
2477,"allez de soixante-treize à droite , puis montez de soixante-six",73,66
2478,"allez de cinquante à droite , puis montez de cinquante-six",50,56
2479,"allez de cinquante-neuf à droite , puis montez de soixante-deux",59,62
2480,"allez de cent à droite , puis montez de trois",100,3
2481,"allez de quatre-vingt-dix-neuf à droite , puis montez de quatre-vingt-dix-sept",99,97
2482,"allez de quatorze à droite , puis montez de cinq",14,5
2483,"allez de trente-cinq à droite , puis montez de dix-neuf",35,19
2484,"allez de vingt-sept à droite , puis montez de quatorze",27,14
2485,"allez de vingt-sept à droite , puis montez de vingt-sept",27,27
2486,"allez de quatre-vingt-un à droite , puis montez de deux",81,2
2487,"allez de soixante-douze à droite , puis montez de trente-neuf",72,39
2488,"allez de vingt-huit à droite , puis montez de quatre-vingt-dix-sept",28,97
2489,"allez de quatre-vingt-quinze à droite , puis montez de seize",95,16
2490,"allez de six à droite , puis montez de soixante-seize",6,76
2491,"allez de trente-six à droite , puis montez de quatre-vingt-quatorze",36,94
2492,"allez de trente à droite , puis montez de cinq",30,5
2493,"allez de soixante-douze à droite , puis montez de quatre-vingt-quatorze",72,94
2494,"allez de treize à droite , puis montez de trente-trois",13,33
2495,"allez de quarante-deux à droite , puis montez de soixante-dix-sept",42,77
2496,"allez de trente et un à droite , puis montez de cinquante-quatre",31,54
2497,"allez de quatre-vingt-onze à droite , puis montez de quarante-cinq",91,45
2498,"allez de cinquante-neuf à droite , puis montez de cinquante-deux",59,52
2499,"allez de deux à droite , puis montez de quatre-vingt-douze",2,92
2500,"allez de douze à droite , puis montez de seize",12,16
2501,"allez de soixante à droite , puis montez de trente-cinq",60,35
2502,"allez de vingt-cinq à droite , puis montez de trente-huit",25,38
2503,"allez de quinze à droite , puis montez de vingt et un",15,21
2504,"allez de quatre-vingt-dix-huit à droite , puis montez de quatre-vingt-dix-sept",98,97
2505,"allez de quatre-vingt-quatorze à droite , puis montez de quarante et un",94,41
2506,"allez de dix-huit à droite , puis montez de trente et un",18,31
2507,"allez de un à droite , puis montez de huit",1,8
2508,"allez de quatre-vingt-quinze à droite , puis montez de quarante-huit",95,48
2509,"allez de vingt et un à droite , puis montez de cinquante-huit",21,58
2510,"allez de soixante-neuf à droite , puis montez de vingt",69,20
2511,"allez de sept à droite , puis montez de vingt-quatre",7,24
2512,"allez de vingt à droite , puis montez de quatre-vingt-treize",20,93
2513,"allez de vingt-quatre à droite , puis montez de quatre-vingt-quatorze",24,94
2514,"allez de soixante-six à droite , puis montez de vingt-trois",66,23
2515,"allez de cinquante-sept à droite , puis montez de vingt-huit",57,28
2516,"allez de cinquante à droite , puis montez de quarante-huit",50,48
2517,"allez de cinq à droite , puis montez de dix-sept",5,17
2518,"allez de quarante-neuf à droite , puis montez de quatre-vingt-douze",49,92
2519,"allez de quinze à droite , puis montez de soixante-cinq",15,65
2520,"allez de trente-deux à droite , puis montez de trente-quatre",32,34
2521,"allez de soixante-seize à droite , puis montez de quatre-vingts",76,80
2522,"allez de soixante-dix-sept à droite , puis montez de dix-neuf",77,19
2523,"allez de quarante-deux à droite , puis montez de quatre-vingt-sept",42,87
2524,"allez de quatre-vingt-deux à droite , puis montez de quarante-huit",82,48
2525,"allez de quatre-vingt-sept à droite , puis montez de trente-six",87,36
2526,"allez de trente-deux à droite , puis montez de neuf",32,9
2527,"allez de quatre-vingts à droite , puis montez de quarante-six",80,46
2528,"allez de cinquante-six à droite , puis montez de vingt-deux",56,22
2529,"allez de quarante-cinq à droite , puis montez de cinquante-neuf",45,59
2530,"allez de vingt-six à droite , puis montez de soixante-huit",26,68
2531,"allez de douze à droite , puis montez de quatre-vingt-dix",12,90
2532,"allez de quatre-vingt-dix-huit à droite , puis montez de trente",98,30
2533,"allez de six à droite , puis montez de vingt-neuf",6,29
2534,"allez de quatre-vingts à droite , puis montez de quatre-vingt-dix-huit",80,98
2535,"allez de trente-sept à droite , puis montez de quarante",37,40
2536,"allez de cinquante-trois à droite , puis montez de cinquante",53,50
2537,"allez de soixante-huit à droite , puis montez de quatre-vingt-sept",68,87
2538,"allez de soixante-deux à droite , puis montez de neuf",62,9
2539,"allez de cinquante à droite , puis montez de soixante-cinq",50,65
2540,"allez de soixante-quatre à droite , puis montez de quatre-vingt-quinze",64,95
2541,"allez de quatre-vingt-dix à droite , puis montez de quatre-vingt-dix-neuf",90,99
2542,"allez de huit à droite , puis montez de soixante-treize",8,73
2543,"allez de quarante-sept à droite , puis montez de soixante-dix",47,70
2544,"allez de cinquante-huit à droite , puis montez de dix-sept",58,17
2545,"allez de deux à droite , puis montez de soixante-dix-neuf",2,79
2546,"allez de cinquante-neuf à droite , puis montez de quarante",59,40
2547,"allez de soixante-six à droite , puis montez de soixante-treize",66,73
2548,"allez de trente-cinq à droite , puis montez de soixante-treize",35,73
2549,"allez de sept à droite , puis montez de vingt-six",7,26
2550,"allez de vingt-trois à droite , puis montez de soixante-dix-sept",23,77
2551,"allez de quarante-deux à droite , puis montez de soixante-trois",42,63
2552,"allez de seize à droite , puis montez de quarante-deux",16,42
2553,"allez de vingt-deux à droite , puis montez de soixante-treize",22,73
2554,"allez de soixante-huit à droite , puis montez de quarante-quatre",68,44
2555,"allez de trois à droite , puis montez de deux",3,2
2556,"allez de soixante-huit à droite , puis montez de quatre-vingt-quinze",68,95
2557,"allez de quarante-cinq à droite , puis montez de quatre-vingt-treize",45,93
2558,"allez de vingt-quatre à droite , puis montez de quatre-vingt-seize",24,96
2559,"allez de quatre à droite , puis montez de soixante-trois",4,63
2560,"allez de cinquante-neuf à droite , puis montez de vingt-deux",59,22
2561,"allez de six à droite , puis montez de soixante-seize",6,76
2562,"allez de trois à droite , puis montez de vingt-huit",3,28
2563,"allez de trente-sept à droite , puis montez de trente et un",37,31
2564,"allez de quatre-vingt-dix-huit à droite , puis montez de trente-deux",98,32
2565,"allez de quarante-neuf à droite , puis montez de cinquante-huit",49,58
2566,"allez de sept à droite , puis montez de quarante-cinq",7,45
2567,"allez de quatre-vingt-onze à droite , puis montez de trente et un",91,31
2568,"allez de vingt et un à droite , puis montez de dix-huit",21,18
2569,"allez de quatre-vingt-trois à droite , puis montez de quatorze",83,14
2570,"allez de vingt à droite , puis montez de quatre-vingt-quatre",20,84
2571,"allez de vingt-sept à droite , puis montez de vingt-sept",27,27
2572,"allez de quarante-deux à droite , puis montez de quatre-vingt-dix-huit",42,98
2573,"allez de soixante-quatorze à droite , puis montez de soixante-sept",74,67
2574,"allez de cinquante à droite , puis montez de quarante-huit",50,48
2575,"allez de soixante-six à droite , puis montez de trente-neuf",66,39
2576,"allez de huit à droite , puis montez de trente-neuf",8,39
2577,"allez de cinquante-cinq à droite , puis montez de quarante-quatre",55,44
2578,"allez de soixante-quatre à droite , puis montez de cinquante",64,50
2579,"allez de quatre-vingt-onze à droite , puis montez de cent",91,100
2580,"allez de soixante-sept à droite , puis montez de cinquante et un",67,51
2581,"allez de quatre-vingt-treize à droite , puis montez de un",93,1
2582,"allez de soixante-treize à droite , puis montez de vingt",73,20
2583,"allez de trente-deux à droite , puis montez de quatre-vingts",32,80
2584,"allez de quatre-vingts à droite , puis montez de cinquante-deux",80,52
2585,"allez de vingt-trois à droite , puis montez de quarante",23,40
2586,"allez de vingt-quatre à droite , puis montez de six",24,6
2587,"allez de deux à droite , puis montez de dix-neuf",2,19
2588,"allez de trente-cinq à droite , puis montez de quatre-vingt-neuf",35,89
2589,"allez de vingt et un à droite , puis montez de trente-neuf",21,39
2590,"allez de quatre-vingt-quinze à droite , puis montez de quatre",95,4
2591,"allez de cinquante-deux à droite , puis montez de neuf",52,9
2592,"allez de vingt-six à droite , puis montez de quarante-neuf",26,49
2593,"allez de trente-six à droite , puis montez de quatre-vingt-neuf",36,89
2594,"allez de vingt-trois à droite , puis montez de vingt-neuf",23,29
2595,"allez de dix-sept à droite , puis montez de quatre-vingt-quinze",17,95
2596,"allez de six à droite , puis montez de quatre-vingt-huit",6,88
2597,"allez de quatorze à droite , puis montez de cinquante-deux",14,52
2598,"allez de quatre-vingt-treize à droite , puis montez de cinquante-cinq",93,55
2599,"allez de quatre-vingt-treize à droite , puis montez de vingt et un",93,21
2600,"allez de six à droite , puis montez de soixante-seize",6,76
2601,"allez de quatre-vingt-seize à droite , puis montez de vingt-huit",96,28
2602,"allez de treize à droite , puis montez de soixante-neuf",13,69
2603,"allez de dix-sept à droite , puis montez de quarante-trois",17,43
2604,"allez de vingt à droite , puis montez de soixante-dix-neuf",20,79
2605,"allez de quarante-cinq à droite , puis montez de quarante-cinq",45,45
2606,"allez de dix-huit à droite , puis montez de quarante-huit",18,48
2607,"allez de soixante-seize à droite , puis montez de quarante-deux",76,42
2608,"allez de quatre-vingt-onze à droite , puis montez de quatre-vingt-quatorze",91,94
2609,"allez de quatre-vingt-quatorze à droite , puis montez de cinquante-huit",94,58
2610,"allez de quarante-cinq à droite , puis montez de soixante-treize",45,73
2611,"allez de soixante-dix-neuf à droite , puis montez de quinze",79,15
2612,"allez de quatre-vingt-quatre à droite , puis montez de quarante-deux",84,42
2613,"allez de trente-six à droite , puis montez de deux",36,2
2614,"allez de cinquante à droite , puis montez de quarante-neuf",50,49
2615,"allez de trente-six à droite , puis montez de trente-neuf",36,39
2616,"allez de quarante-huit à droite , puis montez de dix-sept",48,17
2617,"allez de soixante à droite , puis montez de trente-neuf",60,39
2618,"allez de soixante-quatre à droite , puis montez de cinquante-six",64,56
2619,"allez de douze à droite , puis montez de vingt-trois",12,23
2620,"allez de quarante-huit à droite , puis montez de quatre-vingt-six",48,86
2621,"allez de onze à droite , puis montez de soixante-deux",11,62
2622,"allez de vingt-six à droite , puis montez de quarante-quatre",26,44
2623,"allez de quatorze à droite , puis montez de quarante-six",14,46
2624,"allez de neuf à droite , puis montez de quatre-vingt-onze",9,91
2625,"allez de cinquante-cinq à droite , puis montez de vingt-neuf",55,29
2626,"allez de quatre-vingt-quatorze à droite , puis montez de soixante-neuf",94,69
2627,"allez de huit à droite , puis montez de quatre-vingt-deux",8,82
2628,"allez de quarante-trois à droite , puis montez de quatre-vingt-seize",43,96
2629,"allez de dix-sept à droite , puis montez de sept",17,7
2630,"allez de vingt et un à droite , puis montez de soixante-dix",21,70
2631,"allez de soixante-treize à droite , puis montez de quinze",73,15
2632,"allez de quatre-vingt-seize à droite , puis montez de dix-huit",96,18
2633,"allez de cent à droite , puis montez de quinze",100,15
2634,"allez de soixante-trois à droite , puis montez de cent",63,100
2635,"allez de trente-quatre à droite , puis montez de soixante-dix",34,70
2636,"allez de soixante-quatorze à droite , puis montez de soixante-quatre",74,64
2637,"allez de trente-trois à droite , puis montez de treize",33,13
2638,"allez de soixante et onze à droite , puis montez de quatre",71,4
2639,"allez de cent à droite , puis montez de deux",100,2
2640,"allez de quatre-vingt-seize à droite , puis montez de soixante-trois",96,63
2641,"allez de trente-sept à droite , puis montez de deux",37,2
2642,"allez de dix-neuf à droite , puis montez de soixante et un",19,61
2643,"allez de trente-trois à droite , puis montez de dix-huit",33,18
2644,"allez de treize à droite , puis montez de cinq",13,5
2645,"allez de quatre-vingt-sept à droite , puis montez de soixante-douze",87,72
2646,"allez de deux à droite , puis montez de trente-quatre",2,34
2647,"allez de soixante-dix-huit à droite , puis montez de trente-six",78,36
2648,"allez de soixante-dix-neuf à droite , puis montez de soixante-quinze",79,75
2649,"allez de quarante-deux à droite , puis montez de douze",42,12
2650,"allez de vingt-quatre à droite , puis montez de quatre-vingt-onze",24,91
2651,"allez de huit à droite , puis montez de sept",8,7
2652,"allez de vingt-sept à droite , puis montez de soixante-six",27,66
2653,"allez de cinquante-sept à droite , puis montez de trente-deux",57,32
2654,"allez de quatre-vingt-un à droite , puis montez de soixante-quatorze",81,74
2655,"allez de cinquante-huit à droite , puis montez de soixante-deux",58,62
2656,"allez de trente-trois à droite , puis montez de soixante et onze",33,71
2657,"allez de vingt-deux à droite , puis montez de soixante-sept",22,67
2658,"allez de soixante-six à droite , puis montez de un",66,1
2659,"allez de soixante-dix-neuf à droite , puis montez de quatre-vingt-un",79,81
2660,"allez de soixante-neuf à droite , puis montez de soixante et un",69,61
2661,"allez de quatre-vingt-huit à droite , puis montez de soixante-neuf",88,69
2662,"allez de quarante à droite , puis montez de vingt",40,20
2663,"allez de soixante-douze à droite , puis montez de vingt-trois",72,23
2664,"allez de quatre-vingt-dix-sept à droite , puis montez de cent",97,100
2665,"allez de vingt-neuf à droite , puis montez de dix-sept",29,17
2666,"allez de vingt-trois à droite , puis montez de quatre-vingt-un",23,81
2667,"allez de quarante et un à droite , puis montez de vingt-deux",41,22
2668,"allez de quarante-sept à droite , puis montez de trente-quatre",47,34
2669,"allez de soixante et onze à droite , puis montez de vingt-cinq",71,25
2670,"allez de soixante-quatre à droite , puis montez de quatre-vingt-onze",64,91
2671,"allez de soixante-neuf à droite , puis montez de dix-sept",69,17
2672,"allez de quatre-vingt-seize à droite , puis montez de soixante et onze",96,71
2673,"allez de trente-trois à droite , puis montez de quatre-vingt-cinq",33,85
2674,"allez de vingt-neuf à droite , puis montez de quinze",29,15
2675,"allez de dix à droite , puis montez de soixante-trois",10,63
2676,"allez de trente-quatre à droite , puis montez de soixante-dix-huit",34,78
2677,"allez de vingt-huit à droite , puis montez de soixante-huit",28,68
2678,"allez de dix-neuf à droite , puis montez de vingt-six",19,26
2679,"allez de cinquante-six à droite , puis montez de soixante-quatre",56,64
2680,"allez de soixante-seize à droite , puis montez de quarante-trois",76,43
2681,"allez de cinquante-huit à droite , puis montez de trente-neuf",58,39
2682,"allez de trois à droite , puis montez de quatre-vingt-trois",3,83
2683,"allez de seize à droite , puis montez de quatre",16,4
2684,"allez de soixante à droite , puis montez de vingt-cinq",60,25
2685,"allez de quatorze à droite , puis montez de cinquante et un",14,51
2686,"allez de soixante et un à droite , puis montez de un",61,1
2687,"allez de quatre-vingt-treize à droite , puis montez de trente-sept",93,37
2688,"allez de trente et un à droite , puis montez de trente-huit",31,38
2689,"allez de cinquante-huit à droite , puis montez de quatre-vingt-quatre",58,84
2690,"allez de cinquante-trois à droite , puis montez de deux",53,2
2691,"allez de quatre-vingt-treize à droite , puis montez de soixante-huit",93,68
2692,"allez de quatre-vingt-treize à droite , puis montez de soixante-quinze",93,75
2693,"allez de quatre-vingt-dix-neuf à droite , puis montez de quatre-vingt-quatre",99,84
2694,"allez de quatorze à droite , puis montez de quatre-vingt-douze",14,92
2695,"allez de quatre-vingt-douze à droite , puis montez de soixante-quatre",92,64
2696,"allez de soixante-quinze à droite , puis montez de cinquante-neuf",75,59
2697,"allez de soixante-cinq à droite , puis montez de quatre-vingt-quatorze",65,94
2698,"allez de dix-sept à droite , puis montez de quatre-vingt-quatorze",17,94
2699,"allez de soixante à droite , puis montez de soixante-dix-sept",60,77
2700,"allez de quatre à droite , puis montez de trente-trois",4,33
2701,"allez de quatre-vingt-douze à droite , puis montez de soixante-quinze",92,75
2702,"allez de sept à droite , puis montez de quatre-vingt-six",7,86
2703,"allez de soixante-quatre à droite , puis montez de quarante-cinq",64,45
2704,"allez de trente-cinq à droite , puis montez de quarante-sept",35,47
2705,"allez de quatre-vingt-onze à droite , puis montez de huit",91,8
2706,"allez de quatre-vingt-dix à droite , puis montez de quatre-vingt-six",90,86
2707,"allez de soixante-dix-huit à droite , puis montez de vingt-neuf",78,29
2708,"allez de quatre-vingt-seize à droite , puis montez de quarante et un",96,41
2709,"allez de soixante-deux à droite , puis montez de soixante-seize",62,76
2710,"allez de quarante et un à droite , puis montez de trois",41,3
2711,"allez de dix à droite , puis montez de quatre",10,4
2712,"allez de trente-six à droite , puis montez de trente et un",36,31
2713,"allez de trente-six à droite , puis montez de quatre-vingt-neuf",36,89
2714,"allez de cinquante-deux à droite , puis montez de cinquante-deux",52,52
2715,"allez de soixante-dix-neuf à droite , puis montez de soixante-trois",79,63
2716,"allez de quatre-vingt-dix-sept à droite , puis montez de vingt-neuf",97,29
2717,"allez de cinquante à droite , puis montez de trente-trois",50,33
2718,"allez de soixante-dix-huit à droite , puis montez de quatre-vingt-quinze",78,95
2719,"allez de soixante-dix-neuf à droite , puis montez de cinquante-sept",79,57
2720,"allez de cinq à droite , puis montez de vingt-sept",5,27
2721,"allez de quarante-sept à droite , puis montez de quinze",47,15
2722,"allez de trente-quatre à droite , puis montez de soixante-quatre",34,64
2723,"allez de trente-neuf à droite , puis montez de soixante-deux",39,62
2724,"allez de soixante-dix à droite , puis montez de sept",70,7
2725,"allez de cinquante-quatre à droite , puis montez de quatre-vingt-douze",54,92
2726,"allez de trente-six à droite , puis montez de quinze",36,15
2727,"allez de quarante-neuf à droite , puis montez de quatre-vingt-treize",49,93
2728,"allez de cinquante-neuf à droite , puis montez de trois",59,3
2729,"allez de quatre-vingt-trois à droite , puis montez de quatre-vingt-quatre",83,84
2730,"allez de vingt et un à droite , puis montez de soixante-quatorze",21,74
2731,"allez de vingt-six à droite , puis montez de cinquante et un",26,51
2732,"allez de quatre-vingt-un à droite , puis montez de trois",81,3
2733,"allez de quarante et un à droite , puis montez de cinq",41,5
2734,"allez de vingt-sept à droite , puis montez de cinquante et un",27,51
2735,"allez de trente-trois à droite , puis montez de dix-neuf",33,19
2736,"allez de quatre-vingt-quinze à droite , puis montez de soixante-douze",95,72
2737,"allez de onze à droite , puis montez de soixante-dix-neuf",11,79
2738,"allez de vingt à droite , puis montez de dix",20,10
2739,"allez de trente à droite , puis montez de quatre-vingt-sept",30,87
2740,"allez de soixante-dix-huit à droite , puis montez de quarante et un",78,41
2741,"allez de deux à droite , puis montez de quatre",2,4
2742,"allez de trente et un à droite , puis montez de vingt-neuf",31,29
2743,"allez de cinquante-deux à droite , puis montez de soixante",52,60
2744,"allez de trente-cinq à droite , puis montez de vingt et un",35,21
2745,"allez de soixante-neuf à droite , puis montez de vingt-neuf",69,29
2746,"allez de soixante-cinq à droite , puis montez de dix",65,10
2747,"allez de quatre-vingt-six à droite , puis montez de quatre-vingt-sept",86,87
2748,"allez de soixante-cinq à droite , puis montez de soixante-douze",65,72
2749,"allez de quatre-vingt-deux à droite , puis montez de trente-six",82,36
2750,"allez de douze à droite , puis montez de quarante-huit",12,48
2751,"allez de quatre-vingt-dix-huit à droite , puis montez de dix-neuf",98,19
2752,"allez de trois à droite , puis montez de soixante-deux",3,62
2753,"allez de six à droite , puis montez de quarante-deux",6,42
2754,"allez de quarante à droite , puis montez de quarante-cinq",40,45
2755,"allez de soixante-douze à droite , puis montez de quatre-vingt-dix-huit",72,98
2756,"allez de vingt-cinq à droite , puis montez de un",25,1
2757,"allez de trente-quatre à droite , puis montez de sept",34,7
2758,"allez de soixante-cinq à droite , puis montez de quatre-vingt-quatorze",65,94
2759,"allez de onze à droite , puis montez de six",11,6
2760,"allez de quarante-neuf à droite , puis montez de cent",49,100
2761,"allez de dix à droite , puis montez de cinquante-six",10,56
2762,"allez de soixante-quatre à droite , puis montez de cinquante-sept",64,57
2763,"allez de trente à droite , puis montez de soixante-deux",30,62
2764,"allez de trente et un à droite , puis montez de soixante-dix-sept",31,77
2765,"allez de quatre-vingt-dix-huit à droite , puis montez de quatre-vingt-seize",98,96
2766,"allez de soixante-neuf à droite , puis montez de quatre-vingt-dix-huit",69,98
2767,"allez de trente-huit à droite , puis montez de dix-neuf",38,19
2768,"allez de cinquante à droite , puis montez de cent",50,100
2769,"allez de quatre-vingt-onze à droite , puis montez de trente-trois",91,33
2770,"allez de cinquante-six à droite , puis montez de quatre-vingt-six",56,86
2771,"allez de cinquante-trois à droite , puis montez de soixante-douze",53,72
2772,"allez de soixante-douze à droite , puis montez de deux",72,2
2773,"allez de trente-neuf à droite , puis montez de vingt-sept",39,27
2774,"allez de quatre-vingt-dix-sept à droite , puis montez de trente-cinq",97,35
2775,"allez de dix-sept à droite , puis montez de soixante-treize",17,73
2776,"allez de quatre-vingt-six à droite , puis montez de trois",86,3
2777,"allez de treize à droite , puis montez de deux",13,2
2778,"allez de quatre-vingt-cinq à droite , puis montez de cinquante-six",85,56
2779,"allez de quarante-neuf à droite , puis montez de trente-cinq",49,35
2780,"allez de quinze à droite , puis montez de soixante-douze",15,72
2781,"allez de cinquante-six à droite , puis montez de trente-quatre",56,34
2782,"allez de vingt-trois à droite , puis montez de trente-huit",23,38
2783,"allez de cinquante-deux à droite , puis montez de soixante",52,60
2784,"allez de trente-huit à droite , puis montez de soixante-douze",38,72
2785,"allez de vingt-quatre à droite , puis montez de cinquante-sept",24,57
2786,"allez de trente-neuf à droite , puis montez de soixante-trois",39,63
2787,"allez de vingt et un à droite , puis montez de dix-huit",21,18
2788,"allez de quatre-vingt-deux à droite , puis montez de vingt-neuf",82,29
2789,"allez de quatre-vingts à droite , puis montez de vingt-cinq",80,25
2790,"allez de trente et un à droite , puis montez de six",31,6
2791,"allez de six à droite , puis montez de dix",6,10
2792,"allez de cinquante à droite , puis montez de quatre-vingt-cinq",50,85
2793,"allez de quinze à droite , puis montez de trois",15,3
2794,"allez de soixante-treize à droite , puis montez de cent",73,100
2795,"allez de trente à droite , puis montez de trente-huit",30,38
2796,"allez de trente-deux à droite , puis montez de vingt-deux",32,22
2797,"allez de trente-neuf à droite , puis montez de cinq",39,5
2798,"allez de trente-trois à droite , puis montez de un",33,1
2799,"allez de trente-quatre à droite , puis montez de soixante-treize",34,73
2800,"allez de soixante-dix-sept à droite , puis montez de soixante-cinq",77,65
2801,"allez de soixante et onze à droite , puis montez de quarante-deux",71,42
2802,"allez de vingt et un à droite , puis montez de deux",21,2
2803,"allez de dix-sept à droite , puis montez de quatre-vingt-six",17,86
2804,"allez de vingt et un à droite , puis montez de quatre-vingt-dix-sept",21,97
2805,"allez de quatre-vingt-neuf à droite , puis montez de vingt-neuf",89,29
2806,"allez de cinquante-cinq à droite , puis montez de trente et un",55,31
2807,"allez de vingt-huit à droite , puis montez de soixante-quinze",28,75
2808,"allez de quarante-cinq à droite , puis montez de soixante-six",45,66
2809,"allez de cent à droite , puis montez de cinquante-neuf",100,59
2810,"allez de quatre-vingt-huit à droite , puis montez de cent",88,100
2811,"allez de cinquante-sept à droite , puis montez de treize",57,13
2812,"allez de quatre-vingt-huit à droite , puis montez de trente-six",88,36
2813,"allez de treize à droite , puis montez de vingt-deux",13,22
2814,"allez de vingt-deux à droite , puis montez de vingt-quatre",22,24
2815,"allez de trente et un à droite , puis montez de quarante-cinq",31,45
2816,"allez de quatre-vingt-dix-sept à droite , puis montez de vingt-sept",97,27
2817,"allez de quatre-vingt-douze à droite , puis montez de trente-cinq",92,35
2818,"allez de quatre-vingt-deux à droite , puis montez de soixante-neuf",82,69
2819,"allez de soixante et onze à droite , puis montez de quarante-quatre",71,44
2820,"allez de quarante-quatre à droite , puis montez de trois",44,3
2821,"allez de soixante à droite , puis montez de soixante-huit",60,68
2822,"allez de quatre-vingt-onze à droite , puis montez de quarante-six",91,46
2823,"allez de soixante-dix-huit à droite , puis montez de deux",78,2
2824,"allez de six à droite , puis montez de six",6,6
2825,"allez de soixante-quatre à droite , puis montez de dix-neuf",64,19
2826,"allez de quarante-neuf à droite , puis montez de quatre-vingt-onze",49,91
2827,"allez de onze à droite , puis montez de soixante-dix",11,70
2828,"allez de vingt-sept à droite , puis montez de quarante-sept",27,47
2829,"allez de quatre-vingt-cinq à droite , puis montez de trente-cinq",85,35
2830,"allez de vingt-cinq à droite , puis montez de vingt-sept",25,27
2831,"allez de treize à droite , puis montez de quatre-vingt-quatre",13,84
2832,"allez de cinquante-quatre à droite , puis montez de soixante",54,60
2833,"allez de quatre à droite , puis montez de vingt-six",4,26
2834,"allez de trois à droite , puis montez de douze",3,12
2835,"allez de quatre-vingt-dix à droite , puis montez de dix-huit",90,18
2836,"allez de quatre-vingt-dix-sept à droite , puis montez de vingt et un",97,21
2837,"allez de quatre-vingt-sept à droite , puis montez de quarante-huit",87,48
2838,"allez de quatre-vingt-un à droite , puis montez de quarante-huit",81,48
2839,"allez de six à droite , puis montez de quatre-vingt-treize",6,93
2840,"allez de soixante-deux à droite , puis montez de soixante-neuf",62,69
2841,"allez de neuf à droite , puis montez de soixante-huit",9,68
2842,"allez de quarante-huit à droite , puis montez de quatre-vingt-sept",48,87
2843,"allez de vingt-neuf à droite , puis montez de soixante-quinze",29,75
2844,"allez de cinquante-cinq à droite , puis montez de dix-huit",55,18
2845,"allez de trente-deux à droite , puis montez de quatre-vingt-sept",32,87
2846,"allez de trente à droite , puis montez de quatre-vingt-sept",30,87
2847,"allez de soixante-six à droite , puis montez de soixante-trois",66,63
2848,"allez de soixante-quinze à droite , puis montez de vingt et un",75,21
2849,"allez de dix-sept à droite , puis montez de vingt",17,20
2850,"allez de soixante-quinze à droite , puis montez de trente-neuf",75,39
2851,"allez de quatre-vingt-trois à droite , puis montez de soixante-huit",83,68
2852,"allez de quatre-vingt-trois à droite , puis montez de quatre-vingt-seize",83,96
2853,"allez de soixante-trois à droite , puis montez de quatre-vingt-seize",63,96
2854,"allez de soixante-deux à droite , puis montez de vingt et un",62,21
2855,"allez de soixante et onze à droite , puis montez de quatre-vingt-dix",71,90
2856,"allez de soixante-quatre à droite , puis montez de dix",64,10
2857,"allez de soixante-sept à droite , puis montez de quatre-vingt-treize",67,93
2858,"allez de dix-neuf à droite , puis montez de soixante-huit",19,68
2859,"allez de quarante-huit à droite , puis montez de cinquante-cinq",48,55
2860,"allez de quatre-vingt-quatre à droite , puis montez de soixante-dix-neuf",84,79
2861,"allez de vingt-sept à droite , puis montez de sept",27,7
2862,"allez de vingt-quatre à droite , puis montez de vingt-neuf",24,29
2863,"allez de trente-sept à droite , puis montez de quarante",37,40
2864,"allez de soixante-dix à droite , puis montez de quarante-cinq",70,45
2865,"allez de quatre-vingt-huit à droite , puis montez de quatre-vingt-dix-neuf",88,99
2866,"allez de soixante-sept à droite , puis montez de soixante-cinq",67,65
2867,"allez de soixante-deux à droite , puis montez de trente-neuf",62,39
2868,"allez de quarante-six à droite , puis montez de soixante et onze",46,71
2869,"allez de quarante-six à droite , puis montez de deux",46,2
2870,"allez de quatre-vingt-quatre à droite , puis montez de quatre-vingt-trois",84,83
2871,"allez de soixante-deux à droite , puis montez de vingt-trois",62,23
2872,"allez de trente et un à droite , puis montez de deux",31,2
2873,"allez de soixante-huit à droite , puis montez de cinquante-huit",68,58
2874,"allez de vingt-sept à droite , puis montez de vingt-trois",27,23
2875,"allez de trente-neuf à droite , puis montez de cinquante-neuf",39,59
2876,"allez de soixante-dix à droite , puis montez de quatre-vingt-dix-huit",70,98
2877,"allez de soixante-trois à droite , puis montez de quarante-trois",63,43
2878,"allez de vingt-quatre à droite , puis montez de vingt-quatre",24,24
2879,"allez de quatre-vingt-dix à droite , puis montez de soixante-dix-huit",90,78
2880,"allez de dix-neuf à droite , puis montez de soixante-huit",19,68
2881,"allez de soixante-dix-sept à droite , puis montez de cinquante-neuf",77,59
2882,"allez de trente-huit à droite , puis montez de vingt-trois",38,23
2883,"allez de quatorze à droite , puis montez de dix-huit",14,18
2884,"allez de soixante-sept à droite , puis montez de quarante-trois",67,43
2885,"allez de vingt-trois à droite , puis montez de sept",23,7
2886,"allez de quarante-sept à droite , puis montez de quatre-vingt-onze",47,91
2887,"allez de deux à droite , puis montez de sept",2,7
2888,"allez de dix-sept à droite , puis montez de vingt-deux",17,22
2889,"allez de quatorze à droite , puis montez de vingt",14,20
2890,"allez de quatre-vingt-dix-sept à droite , puis montez de quarante-neuf",97,49
2891,"allez de deux à droite , puis montez de cinquante-huit",2,58
2892,"allez de soixante-huit à droite , puis montez de soixante et un",68,61
2893,"allez de quarante-huit à droite , puis montez de trente-quatre",48,34
2894,"allez de quarante-quatre à droite , puis montez de seize",44,16
2895,"allez de cent à droite , puis montez de quinze",100,15
2896,"allez de quatre-vingt-treize à droite , puis montez de vingt-trois",93,23
2897,"allez de quinze à droite , puis montez de dix-huit",15,18
2898,"allez de soixante-six à droite , puis montez de soixante-quinze",66,75
2899,"allez de vingt et un à droite , puis montez de soixante-cinq",21,65
2900,"allez de trente-quatre à droite , puis montez de vingt et un",34,21
2901,"allez de quatre-vingt-seize à droite , puis montez de soixante-dix",96,70
2902,"allez de soixante-dix-sept à droite , puis montez de vingt-cinq",77,25
2903,"allez de soixante-sept à droite , puis montez de soixante-huit",67,68
2904,"allez de quatre-vingt-onze à droite , puis montez de cinquante-six",91,56
2905,"allez de cinquante-sept à droite , puis montez de soixante-deux",57,62
2906,"allez de cinquante-deux à droite , puis montez de vingt-cinq",52,25
2907,"allez de cinquante-huit à droite , puis montez de quarante-quatre",58,44
2908,"allez de douze à droite , puis montez de vingt-neuf",12,29
2909,"allez de cinquante-cinq à droite , puis montez de quatre-vingt-deux",55,82
2910,"allez de trente et un à droite , puis montez de seize",31,16
2911,"allez de dix à droite , puis montez de vingt-quatre",10,24
2912,"allez de trois à droite , puis montez de neuf",3,9
2913,"allez de dix à droite , puis montez de cinq",10,5
2914,"allez de vingt-neuf à droite , puis montez de dix",29,10
2915,"allez de quatre-vingt-un à droite , puis montez de soixante et un",81,61
2916,"allez de quarante à droite , puis montez de quarante-cinq",40,45
2917,"allez de trois à droite , puis montez de soixante-quatorze",3,74
2918,"allez de trente-neuf à droite , puis montez de treize",39,13
2919,"allez de quatre-vingt-six à droite , puis montez de soixante-cinq",86,65
2920,"allez de dix-huit à droite , puis montez de quatre-vingts",18,80
2921,"allez de quarante-six à droite , puis montez de soixante et onze",46,71
2922,"allez de quatre-vingts à droite , puis montez de quatre-vingt-trois",80,83
2923,"allez de soixante-deux à droite , puis montez de soixante-six",62,66
2924,"allez de soixante-six à droite , puis montez de quatre-vingt-quatorze",66,94
2925,"allez de soixante-dix-sept à droite , puis montez de quarante et un",77,41
2926,"allez de huit à droite , puis montez de vingt-sept",8,27
2927,"allez de vingt à droite , puis montez de cinquante-trois",20,53
2928,"allez de soixante-seize à droite , puis montez de cinq",76,5
2929,"allez de quatre-vingt-douze à droite , puis montez de quarante",92,40
2930,"allez de dix-huit à droite , puis montez de vingt-neuf",18,29
2931,"allez de vingt-quatre à droite , puis montez de soixante-deux",24,62
2932,"allez de trois à droite , puis montez de quatre-vingt-dix-huit",3,98
2933,"allez de quatre-vingt-douze à droite , puis montez de trente",92,30
2934,"allez de trente-neuf à droite , puis montez de soixante-neuf",39,69
2935,"allez de soixante et un à droite , puis montez de trente-trois",61,33
2936,"allez de quarante-cinq à droite , puis montez de quatre-vingt-deux",45,82
2937,"allez de quarante-neuf à droite , puis montez de cinquante et un",49,51
2938,"allez de treize à droite , puis montez de quarante et un",13,41
2939,"allez de trente-quatre à droite , puis montez de soixante-cinq",34,65
2940,"allez de trente à droite , puis montez de quatre",30,4
2941,"allez de quarante-huit à droite , puis montez de trente-trois",48,33
2942,"allez de six à droite , puis montez de quatre-vingt-sept",6,87
2943,"allez de trente-quatre à droite , puis montez de vingt-huit",34,28
2944,"allez de quatre-vingt-deux à droite , puis montez de quarante-quatre",82,44
2945,"allez de trente et un à droite , puis montez de quatre",31,4
2946,"allez de vingt-deux à droite , puis montez de cinquante",22,50
2947,"allez de soixante et onze à droite , puis montez de quatre-vingt-dix-sept",71,97
2948,"allez de sept à droite , puis montez de soixante-dix-sept",7,77
2949,"allez de vingt à droite , puis montez de quatre-vingts",20,80
2950,"allez de quatre-vingts à droite , puis montez de onze",80,11
2951,"allez de quarante-cinq à droite , puis montez de cinquante",45,50
2952,"allez de soixante-dix-huit à droite , puis montez de six",78,6
2953,"allez de quinze à droite , puis montez de trente-trois",15,33
2954,"allez de vingt-six à droite , puis montez de dix-huit",26,18
2955,"allez de soixante-huit à droite , puis montez de trente-cinq",68,35
2956,"allez de quatre-vingt-dix-sept à droite , puis montez de soixante-quatorze",97,74
2957,"allez de cinquante-quatre à droite , puis montez de quatre-vingt-dix",54,90
2958,"allez de dix-sept à droite , puis montez de vingt-trois",17,23
2959,"allez de huit à droite , puis montez de soixante-quatorze",8,74
2960,"allez de vingt-quatre à droite , puis montez de soixante-trois",24,63
2961,"allez de quarante-cinq à droite , puis montez de vingt-quatre",45,24
2962,"allez de soixante à droite , puis montez de quarante-six",60,46
2963,"allez de quarante-huit à droite , puis montez de quatre-vingt-un",48,81
2964,"allez de quatre-vingt-cinq à droite , puis montez de quatorze",85,14
2965,"allez de quatre-vingt-huit à droite , puis montez de treize",88,13
2966,"allez de cinq à droite , puis montez de quarante-quatre",5,44
2967,"allez de soixante-trois à droite , puis montez de sept",63,7
2968,"allez de vingt-six à droite , puis montez de quinze",26,15
2969,"allez de quarante-neuf à droite , puis montez de soixante-treize",49,73
2970,"allez de quatre-vingt-cinq à droite , puis montez de cent",85,100
2971,"allez de cinquante-sept à droite , puis montez de douze",57,12
2972,"allez de soixante et un à droite , puis montez de soixante",61,60
2973,"allez de dix à droite , puis montez de vingt-neuf",10,29
2974,"allez de vingt-trois à droite , puis montez de dix-sept",23,17
2975,"allez de vingt-deux à droite , puis montez de vingt-huit",22,28
2976,"allez de quatre-vingt-onze à droite , puis montez de soixante-cinq",91,65
2977,"allez de soixante-douze à droite , puis montez de quarante et un",72,41
2978,"allez de trois à droite , puis montez de trente-trois",3,33
2979,"allez de quatre-vingt-huit à droite , puis montez de dix",88,10
2980,"allez de quatre-vingt-six à droite , puis montez de un",86,1
2981,"allez de quatre-vingt-onze à droite , puis montez de cinq",91,5
2982,"allez de quatre-vingt-un à droite , puis montez de neuf",81,9
2983,"allez de quarante-neuf à droite , puis montez de soixante-cinq",49,65
2984,"allez de quatorze à droite , puis montez de soixante-quatorze",14,74
2985,"allez de vingt-neuf à droite , puis montez de soixante-neuf",29,69
2986,"allez de soixante-dix-huit à droite , puis montez de treize",78,13
2987,"allez de soixante-douze à droite , puis montez de soixante-trois",72,63
2988,"allez de sept à droite , puis montez de douze",7,12
2989,"allez de quatre-vingt-deux à droite , puis montez de quatre-vingt-six",82,86
2990,"allez de onze à droite , puis montez de soixante et un",11,61
2991,"allez de onze à droite , puis montez de quarante-deux",11,42
2992,"allez de onze à droite , puis montez de quarante-neuf",11,49
2993,"allez de trente-six à droite , puis montez de sept",36,7
2994,"allez de trente-quatre à droite , puis montez de vingt-huit",34,28
2995,"allez de quarante-cinq à droite , puis montez de soixante-neuf",45,69
2996,"allez de quatre-vingt-cinq à droite , puis montez de quatre-vingt-sept",85,87
2997,"allez de dix à droite , puis montez de vingt-neuf",10,29
2998,"allez de dix à droite , puis montez de quatre-vingt-six",10,86
2999,"allez de douze à droite , puis montez de un",12,1
3000,"allez de trente-cinq à droite , puis descendez de dix-sept",35,-17
3001,"allez de trente et un à droite , puis descendez de soixante-dix",31,-70
3002,"allez de seize à droite , puis descendez de cinq",16,-5
3003,"allez de vingt-huit à droite , puis descendez de cinquante-trois",28,-53
3004,"allez de soixante-dix-huit à droite , puis descendez de quarante-sept",78,-47
3005,"allez de soixante-treize à droite , puis descendez de vingt-sept",73,-27
3006,"allez de vingt-quatre à droite , puis descendez de soixante-seize",24,-76
3007,"allez de quatre-vingt-quatorze à droite , puis descendez de quatre-vingt-douze",94,-92
3008,"allez de quatre-vingts à droite , puis descendez de six",80,-6
3009,"allez de soixante-quinze à droite , puis descendez de quarante-cinq",75,-45
3010,"allez de cinquante-sept à droite , puis descendez de quatre-vingt-un",57,-81
3011,"allez de trois à droite , puis descendez de trente-trois",3,-33
3012,"allez de quatre-vingt-trois à droite , puis descendez de soixante-deux",83,-62
3013,"allez de cinquante-quatre à droite , puis descendez de soixante-sept",54,-67
3014,"allez de quatre-vingt-deux à droite , puis descendez de sept",82,-7
3015,"allez de cinquante-trois à droite , puis descendez de soixante-dix-sept",53,-77
3016,"allez de quarante-trois à droite , puis descendez de vingt-six",43,-26
3017,"allez de vingt-trois à droite , puis descendez de trente-quatre",23,-34
3018,"allez de soixante-dix-neuf à droite , puis descendez de soixante-dix",79,-70
3019,"allez de trente-cinq à droite , puis descendez de quatre-vingt-quatorze",35,-94
3020,"allez de cent à droite , puis descendez de six",100,-6
3021,"allez de soixante-treize à droite , puis descendez de soixante",73,-60
3022,"allez de neuf à droite , puis descendez de huit",9,-8
3023,"allez de soixante-quatre à droite , puis descendez de cinquante-cinq",64,-55
3024,"allez de quarante-quatre à droite , puis descendez de quarante-trois",44,-43
3025,"allez de quarante-neuf à droite , puis descendez de quarante et un",49,-41
3026,"allez de quarante-six à droite , puis descendez de cinq",46,-5
3027,"allez de soixante-dix-sept à droite , puis descendez de vingt et un",77,-21
3028,"allez de quatre-vingt-dix-neuf à droite , puis descendez de cinquante et un",99,-51
3029,"allez de soixante-quinze à droite , puis descendez de cinquante-neuf",75,-59
3030,"allez de vingt-huit à droite , puis descendez de soixante-douze",28,-72
3031,"allez de quarante-huit à droite , puis descendez de vingt et un",48,-21
3032,"allez de cinquante-deux à droite , puis descendez de quarante-quatre",52,-44
3033,"allez de onze à droite , puis descendez de quatre-vingt-neuf",11,-89
3034,"allez de quatre à droite , puis descendez de treize",4,-13
3035,"allez de deux à droite , puis descendez de quarante-deux",2,-42
3036,"allez de quatre-vingt-quatre à droite , puis descendez de quatre-vingt-quinze",84,-95
3037,"allez de onze à droite , puis descendez de quatre-vingt-un",11,-81
3038,"allez de quarante et un à droite , puis descendez de quatre-vingt-deux",41,-82
3039,"allez de trente à droite , puis descendez de cinquante et un",30,-51
3040,"allez de quatre-vingt-six à droite , puis descendez de soixante-huit",86,-68
3041,"allez de trente-quatre à droite , puis descendez de quarante-quatre",34,-44
3042,"allez de quatre-vingt-dix-neuf à droite , puis descendez de neuf",99,-9
3043,"allez de deux à droite , puis descendez de neuf",2,-9
3044,"allez de vingt-six à droite , puis descendez de quatre-vingt-dix-huit",26,-98
3045,"allez de cinquante-huit à droite , puis descendez de sept",58,-7
3046,"allez de cinquante et un à droite , puis descendez de soixante et onze",51,-71
3047,"allez de onze à droite , puis descendez de quatre-vingt-seize",11,-96
3048,"allez de quatre-vingt-quatre à droite , puis descendez de quarante-deux",84,-42
3049,"allez de six à droite , puis descendez de dix-neuf",6,-19
3050,"allez de quinze à droite , puis descendez de vingt",15,-20
3051,"allez de quarante-cinq à droite , puis descendez de quatre",45,-4
3052,"allez de soixante-dix-neuf à droite , puis descendez de vingt",79,-20
3053,"allez de sept à droite , puis descendez de soixante-quatorze",7,-74
3054,"allez de cinquante-huit à droite , puis descendez de quarante-cinq",58,-45
3055,"allez de quarante-quatre à droite , puis descendez de quatre",44,-4
3056,"allez de trente-six à droite , puis descendez de vingt et un",36,-21
3057,"allez de soixante à droite , puis descendez de trois",60,-3
3058,"allez de quarante et un à droite , puis descendez de quatre-vingt-seize",41,-96
3059,"allez de deux à droite , puis descendez de soixante-douze",2,-72
3060,"allez de quatre-vingt-sept à droite , puis descendez de soixante-dix-sept",87,-77
3061,"allez de cinquante-sept à droite , puis descendez de trente-cinq",57,-35
3062,"allez de soixante-cinq à droite , puis descendez de trente",65,-30
3063,"allez de quatre-vingt-treize à droite , puis descendez de soixante-dix-sept",93,-77
3064,"allez de quatre-vingt-onze à droite , puis descendez de seize",91,-16
3065,"allez de quarante-quatre à droite , puis descendez de treize",44,-13
3066,"allez de quinze à droite , puis descendez de trente",15,-30
3067,"allez de soixante et un à droite , puis descendez de soixante-treize",61,-73
3068,"allez de soixante-seize à droite , puis descendez de quarante et un",76,-41
3069,"allez de douze à droite , puis descendez de quatre-vingt-dix-huit",12,-98
3070,"allez de quatre-vingt-seize à droite , puis descendez de soixante-sept",96,-67
3071,"allez de soixante-quatorze à droite , puis descendez de dix-sept",74,-17
3072,"allez de soixante-sept à droite , puis descendez de soixante",67,-60
3073,"allez de trente-trois à droite , puis descendez de cinquante-huit",33,-58
3074,"allez de douze à droite , puis descendez de soixante-sept",12,-67
3075,"allez de quatre-vingt-dix-huit à droite , puis descendez de cinquante-deux",98,-52
3076,"allez de vingt et un à droite , puis descendez de soixante-dix-huit",21,-78
3077,"allez de huit à droite , puis descendez de trente-quatre",8,-34
3078,"allez de quatre-vingt-un à droite , puis descendez de trente",81,-30
3079,"allez de soixante-cinq à droite , puis descendez de soixante et onze",65,-71
3080,"allez de cinquante-huit à droite , puis descendez de quatre-vingt-quatre",58,-84
3081,"allez de soixante-sept à droite , puis descendez de quatre-vingt-dix-neuf",67,-99
3082,"allez de soixante-trois à droite , puis descendez de vingt-six",63,-26
3083,"allez de vingt-six à droite , puis descendez de trente-huit",26,-38
3084,"allez de quarante à droite , puis descendez de dix",40,-10
3085,"allez de quatre-vingt-neuf à droite , puis descendez de quatre-vingt-onze",89,-91
3086,"allez de quatorze à droite , puis descendez de quarante et un",14,-41
3087,"allez de soixante-huit à droite , puis descendez de quarante-quatre",68,-44
3088,"allez de soixante-seize à droite , puis descendez de dix-sept",76,-17
3089,"allez de un à droite , puis descendez de trente-quatre",1,-34
3090,"allez de quatre-vingt-quatorze à droite , puis descendez de deux",94,-2
3091,"allez de soixante-sept à droite , puis descendez de cinquante-trois",67,-53
3092,"allez de treize à droite , puis descendez de soixante-trois",13,-63
3093,"allez de quarante-cinq à droite , puis descendez de neuf",45,-9
3094,"allez de quatre-vingt-onze à droite , puis descendez de vingt-cinq",91,-25
3095,"allez de seize à droite , puis descendez de quatre-vingt-dix-neuf",16,-99
3096,"allez de cinquante à droite , puis descendez de vingt-sept",50,-27
3097,"allez de soixante-huit à droite , puis descendez de quatre-vingt-quatre",68,-84
3098,"allez de soixante-six à droite , puis descendez de cinquante-cinq",66,-55
3099,"allez de soixante-trois à droite , puis descendez de quatre-vingt-deux",63,-82
3100,"allez de vingt-quatre à droite , puis descendez de soixante-trois",24,-63
3101,"allez de huit à droite , puis descendez de quatre-vingt-deux",8,-82
3102,"allez de sept à droite , puis descendez de trente",7,-30
3103,"allez de soixante-dix à droite , puis descendez de trente-huit",70,-38
3104,"allez de quatre-vingt-quatre à droite , puis descendez de quarante-quatre",84,-44
3105,"allez de soixante-dix à droite , puis descendez de neuf",70,-9
3106,"allez de trente et un à droite , puis descendez de soixante et un",31,-61
3107,"allez de cinquante-deux à droite , puis descendez de cinquante-trois",52,-53
3108,"allez de quatre-vingt-huit à droite , puis descendez de soixante-dix-neuf",88,-79
3109,"allez de quatre-vingt-dix-neuf à droite , puis descendez de cinquante-six",99,-56
3110,"allez de trente-quatre à droite , puis descendez de cinquante-sept",34,-57
3111,"allez de trente et un à droite , puis descendez de quatre-vingt-quatre",31,-84
3112,"allez de trente-trois à droite , puis descendez de quarante",33,-40
3113,"allez de quatre-vingt-dix-sept à droite , puis descendez de quatre-vingt-dix-neuf",97,-99
3114,"allez de quatre-vingt-dix-neuf à droite , puis descendez de vingt-deux",99,-22
3115,"allez de quatre-vingt-dix-neuf à droite , puis descendez de quarante-deux",99,-42
3116,"allez de treize à droite , puis descendez de dix-huit",13,-18
3117,"allez de trente-sept à droite , puis descendez de soixante-dix-huit",37,-78
3118,"allez de trente à droite , puis descendez de quatre-vingt-onze",30,-91
3119,"allez de seize à droite , puis descendez de soixante-douze",16,-72
3120,"allez de treize à droite , puis descendez de quarante-neuf",13,-49
3121,"allez de cinquante-quatre à droite , puis descendez de quatre-vingt-cinq",54,-85
3122,"allez de quinze à droite , puis descendez de cinquante-huit",15,-58
3123,"allez de vingt-cinq à droite , puis descendez de cinquante-neuf",25,-59
3124,"allez de huit à droite , puis descendez de soixante-six",8,-66
3125,"allez de trente-quatre à droite , puis descendez de quatre-vingt-cinq",34,-85
3126,"allez de quarante-quatre à droite , puis descendez de quatre-vingt-quatre",44,-84
3127,"allez de soixante-deux à droite , puis descendez de quarante-sept",62,-47
3128,"allez de quatre-vingt-quatorze à droite , puis descendez de vingt-trois",94,-23
3129,"allez de soixante-quatre à droite , puis descendez de soixante-douze",64,-72
3130,"allez de neuf à droite , puis descendez de dix-neuf",9,-19
3131,"allez de dix-neuf à droite , puis descendez de dix",19,-10
3132,"allez de quatre à droite , puis descendez de quatre-vingt-quatre",4,-84
3133,"allez de cinquante-cinq à droite , puis descendez de dix",55,-10
3134,"allez de quatre-vingt-onze à droite , puis descendez de soixante-neuf",91,-69
3135,"allez de un à droite , puis descendez de quatre-vingt-onze",1,-91
3136,"allez de soixante-dix à droite , puis descendez de cinquante-quatre",70,-54
3137,"allez de quinze à droite , puis descendez de dix",15,-10
3138,"allez de soixante-seize à droite , puis descendez de dix-sept",76,-17
3139,"allez de cinquante-neuf à droite , puis descendez de trente-neuf",59,-39
3140,"allez de cinquante-deux à droite , puis descendez de quarante-huit",52,-48
3141,"allez de trente-huit à droite , puis descendez de quarante-trois",38,-43
3142,"allez de onze à droite , puis descendez de trente-neuf",11,-39
3143,"allez de vingt à droite , puis descendez de cinquante et un",20,-51
3144,"allez de treize à droite , puis descendez de quarante-deux",13,-42
3145,"allez de soixante-sept à droite , puis descendez de quarante-deux",67,-42
3146,"allez de soixante-cinq à droite , puis descendez de cinq",65,-5
3147,"allez de dix-neuf à droite , puis descendez de soixante-quinze",19,-75
3148,"allez de dix à droite , puis descendez de quarante et un",10,-41
3149,"allez de un à droite , puis descendez de un",1,-1
3150,"allez de trente-trois à droite , puis descendez de vingt et un",33,-21
3151,"allez de soixante-treize à droite , puis descendez de trente-sept",73,-37
3152,"allez de quatre-vingt-deux à droite , puis descendez de dix-neuf",82,-19
3153,"allez de soixante-treize à droite , puis descendez de quatre-vingt-cinq",73,-85
3154,"allez de sept à droite , puis descendez de cinquante-huit",7,-58
3155,"allez de cinquante-huit à droite , puis descendez de treize",58,-13
3156,"allez de quatre-vingt-dix-huit à droite , puis descendez de soixante-sept",98,-67
3157,"allez de huit à droite , puis descendez de cinquante et un",8,-51
3158,"allez de soixante-trois à droite , puis descendez de soixante-quatorze",63,-74
3159,"allez de huit à droite , puis descendez de soixante-neuf",8,-69
3160,"allez de soixante-dix à droite , puis descendez de soixante-quinze",70,-75
3161,"allez de quatre-vingt-douze à droite , puis descendez de quatre",92,-4
3162,"allez de huit à droite , puis descendez de quatre-vingt-onze",8,-91
3163,"allez de trente-neuf à droite , puis descendez de quatre-vingt-dix-neuf",39,-99
3164,"allez de quarante-trois à droite , puis descendez de trois",43,-3
3165,"allez de dix-sept à droite , puis descendez de seize",17,-16
3166,"allez de quatre-vingt-treize à droite , puis descendez de quarante-six",93,-46
3167,"allez de quarante-trois à droite , puis descendez de quarante",43,-40
3168,"allez de quatre-vingt-dix-neuf à droite , puis descendez de soixante",99,-60
3169,"allez de cinquante-quatre à droite , puis descendez de quatre-vingt-sept",54,-87
3170,"allez de seize à droite , puis descendez de quatre-vingt-douze",16,-92
3171,"allez de dix-sept à droite , puis descendez de quatre",17,-4
3172,"allez de un à droite , puis descendez de trois",1,-3
3173,"allez de quarante-trois à droite , puis descendez de soixante-trois",43,-63
3174,"allez de soixante-dix-sept à droite , puis descendez de soixante-huit",77,-68
3175,"allez de quatre-vingt-neuf à droite , puis descendez de vingt-sept",89,-27
3176,"allez de quatre-vingt-dix-huit à droite , puis descendez de douze",98,-12
3177,"allez de quatre-vingt-dix-huit à droite , puis descendez de quarante-quatre",98,-44
3178,"allez de trente-trois à droite , puis descendez de vingt",33,-20
3179,"allez de vingt et un à droite , puis descendez de quarante-neuf",21,-49
3180,"allez de soixante et onze à droite , puis descendez de huit",71,-8
3181,"allez de quarante-trois à droite , puis descendez de trente et un",43,-31
3182,"allez de quarante-huit à droite , puis descendez de quatre-vingt-cinq",48,-85
3183,"allez de quatre-vingt-six à droite , puis descendez de vingt",86,-20
3184,"allez de soixante-six à droite , puis descendez de quatre",66,-4
3185,"allez de quatre-vingt-treize à droite , puis descendez de soixante-quinze",93,-75
3186,"allez de dix-huit à droite , puis descendez de quarante-deux",18,-42
3187,"allez de soixante et un à droite , puis descendez de soixante-dix-neuf",61,-79
3188,"allez de cinquante-neuf à droite , puis descendez de cinquante",59,-50
3189,"allez de cent à droite , puis descendez de sept",100,-7
3190,"allez de treize à droite , puis descendez de quarante",13,-40
3191,"allez de quatre-vingt-quatre à droite , puis descendez de soixante-six",84,-66
3192,"allez de quarante-deux à droite , puis descendez de soixante-cinq",42,-65
3193,"allez de vingt-quatre à droite , puis descendez de quarante-six",24,-46
3194,"allez de cinquante-sept à droite , puis descendez de trente-sept",57,-37
3195,"allez de treize à droite , puis descendez de cinquante-trois",13,-53
3196,"allez de vingt-cinq à droite , puis descendez de quarante-sept",25,-47
3197,"allez de quatre-vingt-deux à droite , puis descendez de trente-deux",82,-32
3198,"allez de quarante-quatre à droite , puis descendez de soixante-treize",44,-73
3199,"allez de soixante-six à droite , puis descendez de quatorze",66,-14
3200,"allez de cinquante-cinq à droite , puis descendez de vingt-quatre",55,-24
3201,"allez de cinquante-neuf à droite , puis descendez de cinquante-huit",59,-58
3202,"allez de vingt-neuf à droite , puis descendez de soixante-dix-huit",29,-78
3203,"allez de quatre-vingt-deux à droite , puis descendez de trente et un",82,-31
3204,"allez de quatre-vingt-dix à droite , puis descendez de quatre-vingt-dix-sept",90,-97
3205,"allez de soixante et un à droite , puis descendez de vingt-sept",61,-27
3206,"allez de vingt-quatre à droite , puis descendez de soixante-cinq",24,-65
3207,"allez de six à droite , puis descendez de trois",6,-3
3208,"allez de quatre-vingt-dix à droite , puis descendez de trente",90,-30
3209,"allez de quatre-vingt-dix-sept à droite , puis descendez de soixante-dix-neuf",97,-79
3210,"allez de quarante-quatre à droite , puis descendez de quatre-vingt-quinze",44,-95
3211,"allez de quatre-vingt-dix-neuf à droite , puis descendez de quarante-cinq",99,-45
3212,"allez de quarante-sept à droite , puis descendez de quarante-six",47,-46
3213,"allez de un à droite , puis descendez de trente-sept",1,-37
3214,"allez de quatre-vingt-dix-huit à droite , puis descendez de soixante-trois",98,-63
3215,"allez de soixante-huit à droite , puis descendez de neuf",68,-9
3216,"allez de soixante-dix à droite , puis descendez de quatre-vingt-treize",70,-93
3217,"allez de soixante-dix-huit à droite , puis descendez de quatre-vingt-quatorze",78,-94
3218,"allez de quatre-vingt-six à droite , puis descendez de quatre-vingt-douze",86,-92
3219,"allez de un à droite , puis descendez de quarante et un",1,-41
3220,"allez de cinquante et un à droite , puis descendez de soixante et onze",51,-71
3221,"allez de quatre-vingt-un à droite , puis descendez de six",81,-6
3222,"allez de trente-trois à droite , puis descendez de quarante-sept",33,-47
3223,"allez de quatre-vingt-dix-sept à droite , puis descendez de vingt-quatre",97,-24
3224,"allez de trente-neuf à droite , puis descendez de soixante-seize",39,-76
3225,"allez de quarante-trois à droite , puis descendez de quarante-quatre",43,-44
3226,"allez de soixante-trois à droite , puis descendez de soixante et un",63,-61
3227,"allez de quatre-vingt-onze à droite , puis descendez de soixante-dix-neuf",91,-79
3228,"allez de vingt-trois à droite , puis descendez de soixante-dix-huit",23,-78
3229,"allez de quarante-neuf à droite , puis descendez de onze",49,-11
3230,"allez de cinquante et un à droite , puis descendez de soixante-seize",51,-76
3231,"allez de quatre-vingt-dix-huit à droite , puis descendez de soixante-douze",98,-72
3232,"allez de quatre-vingt-dix-neuf à droite , puis descendez de sept",99,-7
3233,"allez de cinquante-deux à droite , puis descendez de trente-trois",52,-33
3234,"allez de cinquante-sept à droite , puis descendez de douze",57,-12
3235,"allez de soixante-cinq à droite , puis descendez de onze",65,-11
3236,"allez de quatre-vingt-cinq à droite , puis descendez de deux",85,-2
3237,"allez de dix-neuf à droite , puis descendez de quatre",19,-4
3238,"allez de quatre-vingt-sept à droite , puis descendez de soixante",87,-60
3239,"allez de cinquante-cinq à droite , puis descendez de soixante-neuf",55,-69
3240,"allez de quatre-vingt-dix à droite , puis descendez de quarante-neuf",90,-49
3241,"allez de vingt et un à droite , puis descendez de soixante-douze",21,-72
3242,"allez de soixante et onze à droite , puis descendez de quatre-vingts",71,-80
3243,"allez de soixante-dix-sept à droite , puis descendez de trente-deux",77,-32
3244,"allez de trente-cinq à droite , puis descendez de quatre-vingt-dix-sept",35,-97
3245,"allez de cinquante-deux à droite , puis descendez de soixante-sept",52,-67
3246,"allez de quatre-vingt-un à droite , puis descendez de six",81,-6
3247,"allez de quatre à droite , puis descendez de cinquante-cinq",4,-55
3248,"allez de quatre-vingt-seize à droite , puis descendez de deux",96,-2
3249,"allez de soixante-dix-sept à droite , puis descendez de trente-quatre",77,-34
3250,"allez de quatre à droite , puis descendez de dix-neuf",4,-19
3251,"allez de vingt à droite , puis descendez de trente-quatre",20,-34
3252,"allez de soixante à droite , puis descendez de soixante-deux",60,-62
3253,"allez de sept à droite , puis descendez de soixante-dix",7,-70
3254,"allez de sept à droite , puis descendez de quarante-deux",7,-42
3255,"allez de cinquante-cinq à droite , puis descendez de quatre-vingt-six",55,-86
3256,"allez de quatre-vingt-huit à droite , puis descendez de quatre-vingt-quinze",88,-95
3257,"allez de quinze à droite , puis descendez de soixante",15,-60
3258,"allez de quatre-vingt-trois à droite , puis descendez de cinquante et un",83,-51
3259,"allez de soixante-seize à droite , puis descendez de onze",76,-11
3260,"allez de trente-trois à droite , puis descendez de quatre-vingt-trois",33,-83
3261,"allez de vingt et un à droite , puis descendez de cinquante-deux",21,-52
3262,"allez de quatre-vingts à droite , puis descendez de seize",80,-16
3263,"allez de quatre-vingt-douze à droite , puis descendez de quatre-vingts",92,-80
3264,"allez de quatre-vingt-dix-neuf à droite , puis descendez de quatre-vingt-huit",99,-88
3265,"allez de vingt à droite , puis descendez de soixante-quatorze",20,-74
3266,"allez de soixante et onze à droite , puis descendez de quarante-quatre",71,-44
3267,"allez de quinze à droite , puis descendez de quarante-deux",15,-42
3268,"allez de quatre-vingt-quatre à droite , puis descendez de onze",84,-11
3269,"allez de trente-sept à droite , puis descendez de quatorze",37,-14
3270,"allez de quarante-six à droite , puis descendez de quarante-quatre",46,-44
3271,"allez de quatre-vingt-douze à droite , puis descendez de soixante-sept",92,-67
3272,"allez de six à droite , puis descendez de vingt-trois",6,-23
3273,"allez de trente-quatre à droite , puis descendez de soixante-quatre",34,-64
3274,"allez de cinquante-deux à droite , puis descendez de quarante",52,-40
3275,"allez de vingt à droite , puis descendez de dix-neuf",20,-19
3276,"allez de quatre-vingt-dix-neuf à droite , puis descendez de quatre-vingt-quatorze",99,-94
3277,"allez de neuf à droite , puis descendez de quatre-vingt-six",9,-86
3278,"allez de quarante à droite , puis descendez de neuf",40,-9
3279,"allez de soixante-sept à droite , puis descendez de cinquante",67,-50
3280,"allez de cinquante et un à droite , puis descendez de quatre-vingt-onze",51,-91
3281,"allez de quarante à droite , puis descendez de vingt-huit",40,-28
3282,"allez de quatre-vingt-cinq à droite , puis descendez de quatre-vingt-deux",85,-82
3283,"allez de quatre-vingt-quatre à droite , puis descendez de cinquante-cinq",84,-55
3284,"allez de soixante-trois à droite , puis descendez de soixante-quinze",63,-75
3285,"allez de soixante et onze à droite , puis descendez de quatre-vingt-treize",71,-93
3286,"allez de quatre-vingts à droite , puis descendez de soixante-cinq",80,-65
3287,"allez de soixante-seize à droite , puis descendez de quatre-vingt-dix",76,-90
3288,"allez de dix à droite , puis descendez de quatre-vingt-un",10,-81
3289,"allez de soixante-seize à droite , puis descendez de vingt-six",76,-26
3290,"allez de quarante-deux à droite , puis descendez de quarante-quatre",42,-44
3291,"allez de cinquante-neuf à droite , puis descendez de cinquante-deux",59,-52
3292,"allez de vingt-cinq à droite , puis descendez de quarante et un",25,-41
3293,"allez de quatre-vingt-onze à droite , puis descendez de vingt-cinq",91,-25
3294,"allez de quarante-neuf à droite , puis descendez de dix-neuf",49,-19
3295,"allez de trente-deux à droite , puis descendez de quatre-vingt-seize",32,-96
3296,"allez de quatre-vingt-quinze à droite , puis descendez de cinquante-cinq",95,-55
3297,"allez de soixante-dix-sept à droite , puis descendez de quatre-vingt-dix-sept",77,-97
3298,"allez de sept à droite , puis descendez de cinquante-cinq",7,-55
3299,"allez de soixante et onze à droite , puis descendez de quarante-neuf",71,-49
3300,"allez de douze à droite , puis descendez de treize",12,-13
3301,"allez de cinquante-trois à droite , puis descendez de quatre-vingts",53,-80
3302,"allez de quatre-vingt-treize à droite , puis descendez de quarante-cinq",93,-45
3303,"allez de quarante-trois à droite , puis descendez de quatre-vingt-trois",43,-83
3304,"allez de cinquante-cinq à droite , puis descendez de quatre-vingt-sept",55,-87
3305,"allez de quatre-vingts à droite , puis descendez de vingt-sept",80,-27
3306,"allez de vingt à droite , puis descendez de quatre-vingt-douze",20,-92
3307,"allez de quatre-vingt-sept à droite , puis descendez de deux",87,-2
3308,"allez de quarante-trois à droite , puis descendez de quatre-vingt-un",43,-81
3309,"allez de quatre-vingt-seize à droite , puis descendez de six",96,-6
3310,"allez de quarante à droite , puis descendez de soixante-trois",40,-63
3311,"allez de quatre-vingt-neuf à droite , puis descendez de quarante-huit",89,-48
3312,"allez de quarante-huit à droite , puis descendez de vingt-trois",48,-23
3313,"allez de trente-six à droite , puis descendez de soixante-dix",36,-70
3314,"allez de soixante-deux à droite , puis descendez de soixante-deux",62,-62
3315,"allez de quatorze à droite , puis descendez de soixante et un",14,-61
3316,"allez de vingt-six à droite , puis descendez de cinquante-huit",26,-58
3317,"allez de quatorze à droite , puis descendez de quatre-vingt-un",14,-81
3318,"allez de quatre à droite , puis descendez de soixante-quatre",4,-64
3319,"allez de quatre-vingt-dix-sept à droite , puis descendez de soixante-dix-neuf",97,-79
3320,"allez de quatre-vingt-sept à droite , puis descendez de quatre-vingt-dix",87,-90
3321,"allez de trente-cinq à droite , puis descendez de quarante-trois",35,-43
3322,"allez de cinquante-quatre à droite , puis descendez de soixante-quinze",54,-75
3323,"allez de six à droite , puis descendez de soixante-dix",6,-70
3324,"allez de vingt-huit à droite , puis descendez de quatre-vingt-trois",28,-83
3325,"allez de quatre-vingt-quatre à droite , puis descendez de vingt-neuf",84,-29
3326,"allez de cinquante-deux à droite , puis descendez de soixante",52,-60
3327,"allez de cinquante-neuf à droite , puis descendez de soixante",59,-60
3328,"allez de soixante-huit à droite , puis descendez de quatre-vingt-dix-sept",68,-97
3329,"allez de quarante-huit à droite , puis descendez de soixante-huit",48,-68
3330,"allez de dix-huit à droite , puis descendez de quatre-vingt-deux",18,-82
3331,"allez de trois à droite , puis descendez de cinquante-huit",3,-58
3332,"allez de vingt-neuf à droite , puis descendez de onze",29,-11
3333,"allez de soixante-quatre à droite , puis descendez de quatre",64,-4
3334,"allez de trente à droite , puis descendez de quatre-vingt-trois",30,-83
3335,"allez de quatre-vingt-onze à droite , puis descendez de quatre-vingt-un",91,-81
3336,"allez de cinquante à droite , puis descendez de quatre-vingt-trois",50,-83
3337,"allez de quatre-vingt-seize à droite , puis descendez de quatre-vingt-dix-sept",96,-97
3338,"allez de vingt-quatre à droite , puis descendez de quatre-vingt-seize",24,-96
3339,"allez de cinquante-neuf à droite , puis descendez de quatre-vingt-six",59,-86
3340,"allez de soixante-quatorze à droite , puis descendez de quarante-six",74,-46
3341,"allez de soixante-dix à droite , puis descendez de quarante-cinq",70,-45
3342,"allez de quatre-vingt-deux à droite , puis descendez de quatre-vingt-dix-sept",82,-97
3343,"allez de quatre-vingt-cinq à droite , puis descendez de quatre",85,-4
3344,"allez de soixante-six à droite , puis descendez de cinquante-deux",66,-52
3345,"allez de quatre-vingt-douze à droite , puis descendez de cent",92,-100
3346,"allez de quatre-vingt-dix-sept à droite , puis descendez de quatre-vingt-quatre",97,-84
3347,"allez de soixante-cinq à droite , puis descendez de vingt et un",65,-21
3348,"allez de quarante à droite , puis descendez de quarante-cinq",40,-45
3349,"allez de quarante-six à droite , puis descendez de quatre-vingt-un",46,-81
3350,"allez de quarante-cinq à droite , puis descendez de soixante-huit",45,-68
3351,"allez de neuf à droite , puis descendez de quatre",9,-4
3352,"allez de quatre-vingt-neuf à droite , puis descendez de cinquante-quatre",89,-54
3353,"allez de soixante-quatorze à droite , puis descendez de trente-sept",74,-37
3354,"allez de vingt-deux à droite , puis descendez de trente-cinq",22,-35
3355,"allez de quatre-vingt-un à droite , puis descendez de seize",81,-16
3356,"allez de quatre-vingts à droite , puis descendez de onze",80,-11
3357,"allez de trois à droite , puis descendez de cinquante-sept",3,-57
3358,"allez de quatre-vingt-quinze à droite , puis descendez de vingt-trois",95,-23
3359,"allez de soixante-dix à droite , puis descendez de soixante et un",70,-61
3360,"allez de soixante-treize à droite , puis descendez de vingt-deux",73,-22
3361,"allez de quatre-vingt-dix-huit à droite , puis descendez de quatre-vingt-dix-neuf",98,-99
3362,"allez de soixante à droite , puis descendez de quatre-vingt-sept",60,-87
3363,"allez de soixante-dix-huit à droite , puis descendez de vingt-quatre",78,-24
3364,"allez de quatre-vingt-quatre à droite , puis descendez de trente et un",84,-31
3365,"allez de trente-cinq à droite , puis descendez de soixante-quinze",35,-75
3366,"allez de quarante-cinq à droite , puis descendez de six",45,-6
3367,"allez de cent à droite , puis descendez de quatre-vingt-dix-huit",100,-98
3368,"allez de trente-sept à droite , puis descendez de douze",37,-12
3369,"allez de neuf à droite , puis descendez de neuf",9,-9
3370,"allez de trente-cinq à droite , puis descendez de cinquante-neuf",35,-59
3371,"allez de douze à droite , puis descendez de quatre-vingt-onze",12,-91
3372,"allez de trente à droite , puis descendez de cinquante-quatre",30,-54
3373,"allez de trente-neuf à droite , puis descendez de un",39,-1
3374,"allez de soixante-trois à droite , puis descendez de vingt-neuf",63,-29
3375,"allez de quatre-vingt-deux à droite , puis descendez de cinquante-trois",82,-53
3376,"allez de quatre-vingt-neuf à droite , puis descendez de quatre-vingt-quatorze",89,-94
3377,"allez de trente-six à droite , puis descendez de quatre-vingt-trois",36,-83
3378,"allez de soixante-quatorze à droite , puis descendez de quarante-huit",74,-48
3379,"allez de soixante à droite , puis descendez de quarante-trois",60,-43
3380,"allez de vingt-quatre à droite , puis descendez de trente-neuf",24,-39
3381,"allez de quatre-vingt-six à droite , puis descendez de huit",86,-8
3382,"allez de vingt à droite , puis descendez de vingt-deux",20,-22
3383,"allez de soixante et un à droite , puis descendez de douze",61,-12
3384,"allez de dix à droite , puis descendez de soixante-cinq",10,-65
3385,"allez de quatorze à droite , puis descendez de six",14,-6
3386,"allez de soixante-quatorze à droite , puis descendez de quarante-huit",74,-48
3387,"allez de soixante-cinq à droite , puis descendez de trente-quatre",65,-34
3388,"allez de cinquante à droite , puis descendez de soixante-sept",50,-67
3389,"allez de vingt et un à droite , puis descendez de soixante-sept",21,-67
3390,"allez de vingt et un à droite , puis descendez de quatorze",21,-14
3391,"allez de trois à droite , puis descendez de quatre-vingt-six",3,-86
3392,"allez de cinquante-huit à droite , puis descendez de trente-sept",58,-37
3393,"allez de quarante-six à droite , puis descendez de quatre-vingt-onze",46,-91
3394,"allez de dix-sept à droite , puis descendez de cinquante-deux",17,-52
3395,"allez de seize à droite , puis descendez de cinquante et un",16,-51
3396,"allez de soixante-quatorze à droite , puis descendez de soixante-dix-neuf",74,-79
3397,"allez de seize à droite , puis descendez de quatre-vingt-dix-huit",16,-98
3398,"allez de trente-neuf à droite , puis descendez de soixante-huit",39,-68
3399,"allez de cinquante-six à droite , puis descendez de soixante-dix",56,-70
3400,"allez de huit à droite , puis descendez de dix-huit",8,-18
3401,"allez de quatre à droite , puis descendez de huit",4,-8
3402,"allez de quatre-vingt-dix à droite , puis descendez de quarante",90,-40
3403,"allez de trente-deux à droite , puis descendez de quatre",32,-4
3404,"allez de soixante-douze à droite , puis descendez de quatre-vingt-dix",72,-90
3405,"allez de vingt et un à droite , puis descendez de cinquante-deux",21,-52
3406,"allez de quinze à droite , puis descendez de soixante et onze",15,-71
3407,"allez de vingt-cinq à droite , puis descendez de sept",25,-7
3408,"allez de trente-sept à droite , puis descendez de vingt-six",37,-26
3409,"allez de quarante-huit à droite , puis descendez de cinquante-six",48,-56
3410,"allez de quatre-vingt-six à droite , puis descendez de quatre-vingt-dix-huit",86,-98
3411,"allez de quatre-vingt-quatorze à droite , puis descendez de soixante et onze",94,-71
3412,"allez de soixante-treize à droite , puis descendez de quatre-vingt-six",73,-86
3413,"allez de cinq à droite , puis descendez de vingt-quatre",5,-24
3414,"allez de quatre-vingts à droite , puis descendez de vingt-huit",80,-28
3415,"allez de trente-quatre à droite , puis descendez de quinze",34,-15
3416,"allez de douze à droite , puis descendez de cinquante-neuf",12,-59
3417,"allez de cent à droite , puis descendez de onze",100,-11
3418,"allez de soixante-quinze à droite , puis descendez de quarante et un",75,-41
3419,"allez de quatre-vingt-treize à droite , puis descendez de quinze",93,-15
3420,"allez de quatre-vingt-huit à droite , puis descendez de soixante-cinq",88,-65
3421,"allez de huit à droite , puis descendez de vingt-six",8,-26
3422,"allez de soixante à droite , puis descendez de quatre-vingt-huit",60,-88
3423,"allez de quatre-vingt-six à droite , puis descendez de vingt-trois",86,-23
3424,"allez de trois à droite , puis descendez de soixante-dix-huit",3,-78
3425,"allez de quatre-vingt-trois à droite , puis descendez de soixante et un",83,-61
3426,"allez de cinq à droite , puis descendez de douze",5,-12
3427,"allez de quatre-vingt-quatorze à droite , puis descendez de quatre-vingt-onze",94,-91
3428,"allez de trente et un à droite , puis descendez de soixante-trois",31,-63
3429,"allez de soixante-cinq à droite , puis descendez de cinquante et un",65,-51
3430,"allez de dix à droite , puis descendez de quarante-deux",10,-42
3431,"allez de quatre-vingt-sept à droite , puis descendez de quatre-vingts",87,-80
3432,"allez de trente-sept à droite , puis descendez de soixante-seize",37,-76
3433,"allez de quarante-huit à droite , puis descendez de quatre-vingts",48,-80
3434,"allez de huit à droite , puis descendez de cinquante et un",8,-51
3435,"allez de quatre-vingt-quatorze à droite , puis descendez de cinquante-deux",94,-52
3436,"allez de treize à droite , puis descendez de soixante-quinze",13,-75
3437,"allez de quatre-vingt-dix-sept à droite , puis descendez de soixante-six",97,-66
3438,"allez de quatre-vingt-trois à droite , puis descendez de soixante-seize",83,-76
3439,"allez de cinquante-cinq à droite , puis descendez de quatre-vingt-deux",55,-82
3440,"allez de quarante-quatre à droite , puis descendez de quarante-sept",44,-47
3441,"allez de dix-sept à droite , puis descendez de trente-trois",17,-33
3442,"allez de quarante-deux à droite , puis descendez de soixante et un",42,-61
3443,"allez de soixante-quinze à droite , puis descendez de cinquante-huit",75,-58
3444,"allez de trente et un à droite , puis descendez de vingt-deux",31,-22
3445,"allez de quarante à droite , puis descendez de douze",40,-12
3446,"allez de cinquante et un à droite , puis descendez de vingt-neuf",51,-29
3447,"allez de quatre-vingt-quatorze à droite , puis descendez de quatre-vingt-quinze",94,-95
3448,"allez de quarante-sept à droite , puis descendez de quatre-vingt-dix-sept",47,-97
3449,"allez de cinq à droite , puis descendez de quarante-neuf",5,-49
3450,"allez de cinquante à droite , puis descendez de soixante et un",50,-61
3451,"allez de cinquante-sept à droite , puis descendez de trente-cinq",57,-35
3452,"allez de quarante-neuf à droite , puis descendez de soixante-quatre",49,-64
3453,"allez de cinquante-sept à droite , puis descendez de cinq",57,-5
3454,"allez de vingt-deux à droite , puis descendez de soixante-cinq",22,-65
3455,"allez de onze à droite , puis descendez de deux",11,-2
3456,"allez de trois à droite , puis descendez de quatre-vingt-sept",3,-87
3457,"allez de soixante-quinze à droite , puis descendez de vingt-quatre",75,-24
3458,"allez de quatre-vingt-sept à droite , puis descendez de quarante-trois",87,-43
3459,"allez de quatre-vingt-douze à droite , puis descendez de trente-neuf",92,-39
3460,"allez de cent à droite , puis descendez de un",100,-1
3461,"allez de quarante-six à droite , puis descendez de quinze",46,-15
3462,"allez de quatre-vingt-trois à droite , puis descendez de quatre-vingt-quatorze",83,-94
3463,"allez de soixante-cinq à droite , puis descendez de deux",65,-2
3464,"allez de quatre-vingts à droite , puis descendez de quarante-neuf",80,-49
3465,"allez de cent à droite , puis descendez de quatre-vingt-seize",100,-96
3466,"allez de vingt-deux à droite , puis descendez de trente-quatre",22,-34
3467,"allez de quatre-vingt-deux à droite , puis descendez de quarante-six",82,-46
3468,"allez de quatre-vingt-dix-sept à droite , puis descendez de cinquante-six",97,-56
3469,"allez de quarante et un à droite , puis descendez de quarante-cinq",41,-45
3470,"allez de soixante-cinq à droite , puis descendez de quarante-sept",65,-47
3471,"allez de soixante-dix-sept à droite , puis descendez de quatre-vingt-dix-huit",77,-98
3472,"allez de cinquante à droite , puis descendez de cinquante",50,-50
3473,"allez de quatre-vingt-cinq à droite , puis descendez de trente",85,-30
3474,"allez de vingt-sept à droite , puis descendez de neuf",27,-9
3475,"allez de trente-six à droite , puis descendez de quarante-trois",36,-43
3476,"allez de dix-neuf à droite , puis descendez de vingt et un",19,-21
3477,"allez de soixante à droite , puis descendez de quarante et un",60,-41
3478,"allez de quinze à droite , puis descendez de soixante",15,-60
3479,"allez de quatre-vingt-cinq à droite , puis descendez de quatre-vingt-neuf",85,-89
3480,"allez de quatre-vingt-quatorze à droite , puis descendez de cinq",94,-5
3481,"allez de trente et un à droite , puis descendez de quatre-vingt-trois",31,-83
3482,"allez de neuf à droite , puis descendez de soixante-dix-huit",9,-78
3483,"allez de quatre-vingt-onze à droite , puis descendez de dix-sept",91,-17
3484,"allez de soixante à droite , puis descendez de soixante-dix",60,-70
3485,"allez de dix à droite , puis descendez de trente et un",10,-31
3486,"allez de cinquante et un à droite , puis descendez de soixante-sept",51,-67
3487,"allez de soixante et un à droite , puis descendez de soixante-dix-neuf",61,-79
3488,"allez de soixante-treize à droite , puis descendez de quinze",73,-15
3489,"allez de quatre-vingt-dix-huit à droite , puis descendez de quatre-vingt-six",98,-86
3490,"allez de quatre-vingt-neuf à droite , puis descendez de cinquante-huit",89,-58
3491,"allez de quatre-vingt-neuf à droite , puis descendez de trois",89,-3
3492,"allez de soixante et onze à droite , puis descendez de quatre-vingt-cinq",71,-85
3493,"allez de quatre-vingt-quatorze à droite , puis descendez de cinquante-quatre",94,-54
3494,"allez de neuf à droite , puis descendez de vingt",9,-20
3495,"allez de trente-sept à droite , puis descendez de dix-neuf",37,-19
3496,"allez de trois à droite , puis descendez de cinquante-cinq",3,-55
3497,"allez de cinquante et un à droite , puis descendez de quarante-trois",51,-43
3498,"allez de trente-cinq à droite , puis descendez de trente-neuf",35,-39
3499,"allez de deux à droite , puis descendez de quatre-vingt-quatorze",2,-94
3500,"allez de dix-sept à droite , puis descendez de un",17,-1
3501,"allez de soixante-trois à droite , puis descendez de vingt-six",63,-26
3502,"allez de quarante-huit à droite , puis descendez de soixante-quatre",48,-64
3503,"allez de quatre-vingt-deux à droite , puis descendez de soixante-douze",82,-72
3504,"allez de quatre-vingt-dix à droite , puis descendez de vingt et un",90,-21
3505,"allez de vingt à droite , puis descendez de vingt-cinq",20,-25
3506,"allez de deux à droite , puis descendez de quatre-vingt-deux",2,-82
3507,"allez de trente-sept à droite , puis descendez de quarante-neuf",37,-49
3508,"allez de trente-trois à droite , puis descendez de soixante-treize",33,-73
3509,"allez de soixante-dix à droite , puis descendez de soixante et un",70,-61
3510,"allez de quatre-vingt-douze à droite , puis descendez de quarante-cinq",92,-45
3511,"allez de quarante à droite , puis descendez de vingt-trois",40,-23
3512,"allez de cinquante et un à droite , puis descendez de six",51,-6
3513,"allez de quatre-vingt-cinq à droite , puis descendez de soixante",85,-60
3514,"allez de vingt-cinq à droite , puis descendez de douze",25,-12
3515,"allez de dix-neuf à droite , puis descendez de quatre-vingt-quatre",19,-84
3516,"allez de trente-deux à droite , puis descendez de trente-sept",32,-37
3517,"allez de cinquante-six à droite , puis descendez de neuf",56,-9
3518,"allez de trente-quatre à droite , puis descendez de quarante-six",34,-46
3519,"allez de soixante-sept à droite , puis descendez de cinquante",67,-50
3520,"allez de soixante et un à droite , puis descendez de dix-huit",61,-18
3521,"allez de trente-huit à droite , puis descendez de soixante-dix-sept",38,-77
3522,"allez de quatre-vingt-cinq à droite , puis descendez de soixante-quatre",85,-64
3523,"allez de soixante-dix-neuf à droite , puis descendez de trente-cinq",79,-35
3524,"allez de soixante-cinq à droite , puis descendez de vingt-huit",65,-28
3525,"allez de dix-huit à droite , puis descendez de quatre-vingt-six",18,-86
3526,"allez de soixante-dix-sept à droite , puis descendez de cinquante-huit",77,-58
3527,"allez de cinquante-deux à droite , puis descendez de cinquante-deux",52,-52
3528,"allez de treize à droite , puis descendez de cinquante-deux",13,-52
3529,"allez de dix-huit à droite , puis descendez de neuf",18,-9
3530,"allez de quarante-trois à droite , puis descendez de seize",43,-16
3531,"allez de soixante-deux à droite , puis descendez de quatre-vingt-quinze",62,-95
3532,"allez de trente à droite , puis descendez de vingt-huit",30,-28
3533,"allez de soixante-cinq à droite , puis descendez de soixante-dix",65,-70
3534,"allez de vingt et un à droite , puis descendez de cinquante et un",21,-51
3535,"allez de quatre-vingt-neuf à droite , puis descendez de seize",89,-16
3536,"allez de trois à droite , puis descendez de quatre-vingt-quatorze",3,-94
3537,"allez de quarante-huit à droite , puis descendez de cinquante-quatre",48,-54
3538,"allez de vingt-huit à droite , puis descendez de trois",28,-3
3539,"allez de quatre-vingt-quatre à droite , puis descendez de quatre-vingt-seize",84,-96
3540,"allez de cinquante-neuf à droite , puis descendez de neuf",59,-9
3541,"allez de quarante à droite , puis descendez de un",40,-1
3542,"allez de soixante-douze à droite , puis descendez de quarante-huit",72,-48
3543,"allez de vingt-deux à droite , puis descendez de cinquante",22,-50
3544,"allez de vingt-sept à droite , puis descendez de soixante-trois",27,-63
3545,"allez de vingt-huit à droite , puis descendez de vingt et un",28,-21
3546,"allez de quatre-vingt-trois à droite , puis descendez de quatre-vingts",83,-80
3547,"allez de quarante-neuf à droite , puis descendez de quatre-vingt-douze",49,-92
3548,"allez de dix-neuf à droite , puis descendez de huit",19,-8
3549,"allez de vingt-trois à droite , puis descendez de quatre-vingt-seize",23,-96
3550,"allez de cinq à droite , puis descendez de soixante-dix-sept",5,-77
3551,"allez de trois à droite , puis descendez de cinquante-neuf",3,-59
3552,"allez de quatre-vingt-deux à droite , puis descendez de dix-huit",82,-18
3553,"allez de trente-deux à droite , puis descendez de trente-trois",32,-33
3554,"allez de vingt-quatre à droite , puis descendez de quatre-vingt-dix-sept",24,-97
3555,"allez de trente-quatre à droite , puis descendez de vingt-cinq",34,-25
3556,"allez de douze à droite , puis descendez de quatre-vingt-douze",12,-92
3557,"allez de dix-sept à droite , puis descendez de onze",17,-11
3558,"allez de cinquante-sept à droite , puis descendez de quatre-vingt-treize",57,-93
3559,"allez de quatre-vingt-dix-neuf à droite , puis descendez de trente-quatre",99,-34
3560,"allez de trois à droite , puis descendez de quarante-quatre",3,-44
3561,"allez de trois à droite , puis descendez de quarante-six",3,-46
3562,"allez de vingt-trois à droite , puis descendez de neuf",23,-9
3563,"allez de trois à droite , puis descendez de soixante-six",3,-66
3564,"allez de vingt-quatre à droite , puis descendez de deux",24,-2
3565,"allez de quatre-vingt-quatorze à droite , puis descendez de quatre-vingt-deux",94,-82
3566,"allez de vingt-neuf à droite , puis descendez de trente-deux",29,-32
3567,"allez de soixante-cinq à droite , puis descendez de vingt-trois",65,-23
3568,"allez de quatre-vingt-dix-huit à droite , puis descendez de soixante et un",98,-61
3569,"allez de trente-huit à droite , puis descendez de vingt-sept",38,-27
3570,"allez de soixante-dix-huit à droite , puis descendez de trente et un",78,-31
3571,"allez de quatre-vingt-onze à droite , puis descendez de cent",91,-100
3572,"allez de quarante et un à droite , puis descendez de soixante-dix-sept",41,-77
3573,"allez de soixante-quinze à droite , puis descendez de soixante-douze",75,-72
3574,"allez de quatre-vingt-onze à droite , puis descendez de quatre-vingt-quatorze",91,-94
3575,"allez de neuf à droite , puis descendez de quatre-vingt-huit",9,-88
3576,"allez de soixante-seize à droite , puis descendez de deux",76,-2
3577,"allez de quatre-vingt-seize à droite , puis descendez de onze",96,-11
3578,"allez de soixante et onze à droite , puis descendez de dix",71,-10
3579,"allez de neuf à droite , puis descendez de quatre-vingt-cinq",9,-85
3580,"allez de cinquante-quatre à droite , puis descendez de soixante et onze",54,-71
3581,"allez de quarante-huit à droite , puis descendez de soixante et onze",48,-71
3582,"allez de quatre-vingt-dix à droite , puis descendez de cinquante-sept",90,-57
3583,"allez de cinquante-trois à droite , puis descendez de cinquante-sept",53,-57
3584,"allez de soixante-huit à droite , puis descendez de soixante-dix-neuf",68,-79
3585,"allez de quatre à droite , puis descendez de quatre-vingt-trois",4,-83
3586,"allez de trente-six à droite , puis descendez de cinquante-huit",36,-58
3587,"allez de quinze à droite , puis descendez de treize",15,-13
3588,"allez de sept à droite , puis descendez de un",7,-1
3589,"allez de dix-sept à droite , puis descendez de trente-deux",17,-32
3590,"allez de quatre-vingt-six à droite , puis descendez de trente",86,-30
3591,"allez de seize à droite , puis descendez de cinquante-sept",16,-57
3592,"allez de quatre-vingt-trois à droite , puis descendez de soixante-douze",83,-72
3593,"allez de cinquante-trois à droite , puis descendez de cinquante-six",53,-56
3594,"allez de soixante-huit à droite , puis descendez de cinquante-huit",68,-58
3595,"allez de quarante-neuf à droite , puis descendez de trente et un",49,-31
3596,"allez de quarante-six à droite , puis descendez de un",46,-1
3597,"allez de quatre-vingt-sept à droite , puis descendez de seize",87,-16
3598,"allez de quatre-vingt-six à droite , puis descendez de neuf",86,-9
3599,"allez de quatre-vingt-sept à droite , puis descendez de quatre-vingt-dix-neuf",87,-99
3600,"allez de quatre-vingt-quatorze à droite , puis descendez de soixante-treize",94,-73
3601,"allez de un à droite , puis descendez de soixante-huit",1,-68
3602,"allez de quatre-vingt-deux à droite , puis descendez de trente-trois",82,-33
3603,"allez de quatre-vingt-six à droite , puis descendez de vingt",86,-20
3604,"allez de vingt-cinq à droite , puis descendez de soixante-quinze",25,-75
3605,"allez de trente-quatre à droite , puis descendez de cinquante et un",34,-51
3606,"allez de soixante-neuf à droite , puis descendez de cinquante",69,-50
3607,"allez de vingt à droite , puis descendez de vingt-quatre",20,-24
3608,"allez de treize à droite , puis descendez de trente-quatre",13,-34
3609,"allez de dix-huit à droite , puis descendez de soixante-huit",18,-68
3610,"allez de trente-huit à droite , puis descendez de quatre-vingt-cinq",38,-85
3611,"allez de soixante-quinze à droite , puis descendez de dix-huit",75,-18
3612,"allez de quinze à droite , puis descendez de onze",15,-11
3613,"allez de quarante-neuf à droite , puis descendez de soixante-dix-neuf",49,-79
3614,"allez de soixante-six à droite , puis descendez de vingt-cinq",66,-25
3615,"allez de soixante-dix-huit à droite , puis descendez de cinquante-trois",78,-53
3616,"allez de quatre-vingt-un à droite , puis descendez de quarante",81,-40
3617,"allez de quatre-vingt-treize à droite , puis descendez de quatre-vingt-quatre",93,-84
3618,"allez de quatre-vingt-seize à droite , puis descendez de cinquante-deux",96,-52
3619,"allez de dix-neuf à droite , puis descendez de quatre-vingt-neuf",19,-89
3620,"allez de trente à droite , puis descendez de trente-sept",30,-37
3621,"allez de quinze à droite , puis descendez de soixante-sept",15,-67
3622,"allez de soixante-dix-huit à droite , puis descendez de soixante et onze",78,-71
3623,"allez de trente-quatre à droite , puis descendez de quatre-vingt-onze",34,-91
3624,"allez de cinquante-sept à droite , puis descendez de soixante et un",57,-61
3625,"allez de quatre-vingt-quinze à droite , puis descendez de onze",95,-11
3626,"allez de quatre-vingt-onze à droite , puis descendez de un",91,-1
3627,"allez de quarante-trois à droite , puis descendez de trente-cinq",43,-35
3628,"allez de quatre-vingts à droite , puis descendez de vingt-neuf",80,-29
3629,"allez de quarante-huit à droite , puis descendez de quatre-vingt-sept",48,-87
3630,"allez de soixante-sept à droite , puis descendez de cinquante-six",67,-56
3631,"allez de quatre-vingt-treize à droite , puis descendez de sept",93,-7
3632,"allez de quinze à droite , puis descendez de dix-sept",15,-17
3633,"allez de cent à droite , puis descendez de dix-huit",100,-18
3634,"allez de vingt-trois à droite , puis descendez de soixante-sept",23,-67
3635,"allez de quatre-vingt-un à droite , puis descendez de soixante-quatorze",81,-74
3636,"allez de quarante et un à droite , puis descendez de quarante-huit",41,-48
3637,"allez de trente-sept à droite , puis descendez de cinquante-deux",37,-52
3638,"allez de quatre-vingt-quinze à droite , puis descendez de trente-trois",95,-33
3639,"allez de quatre-vingt-douze à droite , puis descendez de dix-neuf",92,-19
3640,"allez de quatre-vingt-quinze à droite , puis descendez de soixante-douze",95,-72
3641,"allez de trente-six à droite , puis descendez de vingt et un",36,-21
3642,"allez de quatre-vingt-quatorze à droite , puis descendez de onze",94,-11
3643,"allez de neuf à droite , puis descendez de soixante-huit",9,-68
3644,"allez de soixante et onze à droite , puis descendez de six",71,-6
3645,"allez de quatre-vingt-quatre à droite , puis descendez de trente-six",84,-36
3646,"allez de quarante-six à droite , puis descendez de vingt-sept",46,-27
3647,"allez de quatre-vingt-dix à droite , puis descendez de soixante-cinq",90,-65
3648,"allez de quarante-six à droite , puis descendez de quatre-vingt-seize",46,-96
3649,"allez de vingt et un à droite , puis descendez de quatre-vingt-dix-neuf",21,-99
3650,"allez de vingt-trois à droite , puis descendez de quarante-neuf",23,-49
3651,"allez de cinquante-huit à droite , puis descendez de cinquante-huit",58,-58
3652,"allez de trente et un à droite , puis descendez de quatre-vingt-quatre",31,-84
3653,"allez de cinquante-neuf à droite , puis descendez de quatre-vingt-onze",59,-91
3654,"allez de cinquante-neuf à droite , puis descendez de dix-huit",59,-18
3655,"allez de cinquante à droite , puis descendez de vingt-cinq",50,-25
3656,"allez de vingt-huit à droite , puis descendez de quarante-neuf",28,-49
3657,"allez de soixante-treize à droite , puis descendez de cinquante-cinq",73,-55
3658,"allez de vingt-quatre à droite , puis descendez de quatorze",24,-14
3659,"allez de soixante-dix-sept à droite , puis descendez de quatre-vingt-treize",77,-93
3660,"allez de quatre-vingts à droite , puis descendez de quarante-trois",80,-43
3661,"allez de quarante-sept à droite , puis descendez de soixante-quinze",47,-75
3662,"allez de soixante-douze à droite , puis descendez de un",72,-1
3663,"allez de soixante-quinze à droite , puis descendez de vingt-quatre",75,-24
3664,"allez de six à droite , puis descendez de quatre-vingt-deux",6,-82
3665,"allez de onze à droite , puis descendez de soixante",11,-60
3666,"allez de vingt-neuf à droite , puis descendez de quatre-vingt-onze",29,-91
3667,"allez de quarante-deux à droite , puis descendez de cinquante-sept",42,-57
3668,"allez de quarante-sept à droite , puis descendez de soixante-cinq",47,-65
3669,"allez de soixante-quatorze à droite , puis descendez de douze",74,-12
3670,"allez de cinquante-huit à droite , puis descendez de soixante-quatorze",58,-74
3671,"allez de trente et un à droite , puis descendez de quatre-vingt-sept",31,-87
3672,"allez de quatre-vingt-quatre à droite , puis descendez de cinquante-trois",84,-53
3673,"allez de trente-cinq à droite , puis descendez de soixante-huit",35,-68
3674,"allez de soixante-huit à droite , puis descendez de soixante-dix-sept",68,-77
3675,"allez de neuf à droite , puis descendez de vingt-quatre",9,-24
3676,"allez de quatre-vingts à droite , puis descendez de quatre-vingt-onze",80,-91
3677,"allez de vingt à droite , puis descendez de soixante-dix-huit",20,-78
3678,"allez de soixante-neuf à droite , puis descendez de quatre-vingt-douze",69,-92
3679,"allez de deux à droite , puis descendez de vingt-six",2,-26
3680,"allez de vingt-six à droite , puis descendez de trente-huit",26,-38
3681,"allez de quatre-vingt-douze à droite , puis descendez de quatre-vingt-neuf",92,-89
3682,"allez de soixante-quinze à droite , puis descendez de soixante et onze",75,-71
3683,"allez de soixante à droite , puis descendez de quatre-vingt-treize",60,-93
3684,"allez de soixante-sept à droite , puis descendez de cinquante-quatre",67,-54
3685,"allez de vingt-neuf à droite , puis descendez de quatre-vingt-quatre",29,-84
3686,"allez de quarante-six à droite , puis descendez de soixante-quatre",46,-64
3687,"allez de trente-six à droite , puis descendez de soixante-treize",36,-73
3688,"allez de quatre-vingt-quatorze à droite , puis descendez de quatre-vingts",94,-80
3689,"allez de soixante et onze à droite , puis descendez de soixante-neuf",71,-69
3690,"allez de quarante-quatre à droite , puis descendez de soixante-six",44,-66
3691,"allez de onze à droite , puis descendez de soixante-dix",11,-70
3692,"allez de quatre-vingts à droite , puis descendez de quatorze",80,-14
3693,"allez de trente-six à droite , puis descendez de cinquante-deux",36,-52
3694,"allez de quarante-six à droite , puis descendez de six",46,-6
3695,"allez de soixante-six à droite , puis descendez de quatre-vingt-douze",66,-92
3696,"allez de vingt-quatre à droite , puis descendez de quarante-trois",24,-43
3697,"allez de trente-neuf à droite , puis descendez de trente-quatre",39,-34
3698,"allez de cinquante à droite , puis descendez de dix",50,-10
3699,"allez de trois à droite , puis descendez de soixante-neuf",3,-69
3700,"allez de sept à droite , puis descendez de soixante et onze",7,-71
3701,"allez de quatre-vingt-deux à droite , puis descendez de soixante et onze",82,-71
3702,"allez de soixante-neuf à droite , puis descendez de dix-sept",69,-17
3703,"allez de quarante-sept à droite , puis descendez de treize",47,-13
3704,"allez de quatre-vingt-trois à droite , puis descendez de quatre-vingt-deux",83,-82
3705,"allez de vingt-trois à droite , puis descendez de quatre-vingt-six",23,-86
3706,"allez de deux à droite , puis descendez de quarante-cinq",2,-45
3707,"allez de quatre-vingt-un à droite , puis descendez de cent",81,-100
3708,"allez de quarante-neuf à droite , puis descendez de dix-sept",49,-17
3709,"allez de cinquante-huit à droite , puis descendez de quatre-vingt-douze",58,-92
3710,"allez de quatre-vingt-treize à droite , puis descendez de un",93,-1
3711,"allez de huit à droite , puis descendez de quarante-neuf",8,-49
3712,"allez de soixante-deux à droite , puis descendez de soixante-douze",62,-72
3713,"allez de quatre-vingt-seize à droite , puis descendez de onze",96,-11
3714,"allez de cinquante-neuf à droite , puis descendez de trente-sept",59,-37
3715,"allez de quarante-six à droite , puis descendez de trente-six",46,-36
3716,"allez de soixante-dix-neuf à droite , puis descendez de quarante-cinq",79,-45
3717,"allez de quarante-neuf à droite , puis descendez de onze",49,-11
3718,"allez de cinquante-six à droite , puis descendez de quatre-vingts",56,-80
3719,"allez de soixante-deux à droite , puis descendez de trente-deux",62,-32
3720,"allez de six à droite , puis descendez de cinquante-sept",6,-57
3721,"allez de dix à droite , puis descendez de cinquante-neuf",10,-59
3722,"allez de soixante-deux à droite , puis descendez de quatre-vingt-dix",62,-90
3723,"allez de soixante-deux à droite , puis descendez de vingt-deux",62,-22
3724,"allez de cinquante et un à droite , puis descendez de vingt-sept",51,-27
3725,"allez de vingt-sept à droite , puis descendez de sept",27,-7
3726,"allez de cinquante-deux à droite , puis descendez de trente-six",52,-36
3727,"allez de soixante-huit à droite , puis descendez de sept",68,-7
3728,"allez de dix-sept à droite , puis descendez de soixante-dix-neuf",17,-79
3729,"allez de vingt-cinq à droite , puis descendez de quarante-six",25,-46
3730,"allez de trente et un à droite , puis descendez de deux",31,-2
3731,"allez de cinquante-sept à droite , puis descendez de soixante et onze",57,-71
3732,"allez de cinquante-trois à droite , puis descendez de quatre-vingt-quinze",53,-95
3733,"allez de quatre-vingt-dix-huit à droite , puis descendez de quatre-vingt-dix-sept",98,-97
3734,"allez de deux à droite , puis descendez de cinquante-six",2,-56
3735,"allez de quatre-vingt-dix-huit à droite , puis descendez de treize",98,-13
3736,"allez de vingt-deux à droite , puis descendez de deux",22,-2
3737,"allez de quatre-vingt-six à droite , puis descendez de soixante-quatre",86,-64
3738,"allez de quatre-vingt-dix à droite , puis descendez de soixante-dix-neuf",90,-79
3739,"allez de quatre-vingt-dix-neuf à droite , puis descendez de cinquante-sept",99,-57
3740,"allez de soixante-dix-neuf à droite , puis descendez de quatre-vingt-huit",79,-88
3741,"allez de neuf à droite , puis descendez de vingt-huit",9,-28
3742,"allez de trente-six à droite , puis descendez de sept",36,-7
3743,"allez de quatre-vingt-quatre à droite , puis descendez de cinquante-neuf",84,-59
3744,"allez de soixante-quatorze à droite , puis descendez de quatre-vingt-treize",74,-93
3745,"allez de soixante-dix-sept à droite , puis descendez de quatre",77,-4
3746,"allez de vingt-quatre à droite , puis descendez de vingt-sept",24,-27
3747,"allez de quatre-vingt-un à droite , puis descendez de quatre-vingt-onze",81,-91
3748,"allez de seize à droite , puis descendez de trente",16,-30
3749,"allez de cinquante-trois à droite , puis descendez de quatre-vingt-deux",53,-82
3750,"allez de cinquante à droite , puis descendez de cinquante-trois",50,-53
3751,"allez de quinze à droite , puis descendez de trente et un",15,-31
3752,"allez de quatre-vingt-dix-huit à droite , puis descendez de soixante-quatre",98,-64
3753,"allez de trente-trois à droite , puis descendez de quatorze",33,-14
3754,"allez de trente à droite , puis descendez de quarante-huit",30,-48
3755,"allez de soixante-douze à droite , puis descendez de vingt-deux",72,-22
3756,"allez de un à droite , puis descendez de quatre-vingt-quatorze",1,-94
3757,"allez de soixante-deux à droite , puis descendez de cinquante-deux",62,-52
3758,"allez de treize à droite , puis descendez de deux",13,-2
3759,"allez de trente-trois à droite , puis descendez de quarante-six",33,-46
3760,"allez de onze à droite , puis descendez de quarante-six",11,-46
3761,"allez de quatre-vingt-quinze à droite , puis descendez de soixante-deux",95,-62
3762,"allez de quatorze à droite , puis descendez de quinze",14,-15
3763,"allez de trente-six à droite , puis descendez de quarante-trois",36,-43
3764,"allez de soixante-cinq à droite , puis descendez de quatre-vingts",65,-80
3765,"allez de soixante-trois à droite , puis descendez de vingt",63,-20
3766,"allez de quarante-trois à droite , puis descendez de vingt et un",43,-21
3767,"allez de cinquante à droite , puis descendez de soixante-dix-sept",50,-77
3768,"allez de cinquante-cinq à droite , puis descendez de quatre-vingts",55,-80
3769,"allez de soixante-cinq à droite , puis descendez de quarante",65,-40
3770,"allez de vingt-six à droite , puis descendez de vingt-six",26,-26
3771,"allez de soixante-sept à droite , puis descendez de soixante-trois",67,-63
3772,"allez de cinquante et un à droite , puis descendez de cinquante",51,-50
3773,"allez de soixante-dix-sept à droite , puis descendez de quarante-neuf",77,-49
3774,"allez de quarante et un à droite , puis descendez de quarante-cinq",41,-45
3775,"allez de soixante-douze à droite , puis descendez de trois",72,-3
3776,"allez de cinq à droite , puis descendez de quatre-vingt-treize",5,-93
3777,"allez de soixante-quinze à droite , puis descendez de soixante-quinze",75,-75
3778,"allez de vingt-huit à droite , puis descendez de cinquante-huit",28,-58
3779,"allez de trente-six à droite , puis descendez de dix-neuf",36,-19
3780,"allez de quatre-vingt-seize à droite , puis descendez de un",96,-1
3781,"allez de trente-huit à droite , puis descendez de quatre-vingt-treize",38,-93
3782,"allez de quatre-vingt-onze à droite , puis descendez de trente-sept",91,-37
3783,"allez de huit à droite , puis descendez de trente-quatre",8,-34
3784,"allez de soixante à droite , puis descendez de onze",60,-11
3785,"allez de vingt-quatre à droite , puis descendez de soixante-dix-huit",24,-78
3786,"allez de cinquante-huit à droite , puis descendez de quarante-six",58,-46
3787,"allez de cinquante-quatre à droite , puis descendez de vingt-cinq",54,-25
3788,"allez de quatre-vingt-sept à droite , puis descendez de soixante-huit",87,-68
3789,"allez de huit à droite , puis descendez de soixante-cinq",8,-65
3790,"allez de quarante-huit à droite , puis descendez de cinquante-neuf",48,-59
3791,"allez de huit à droite , puis descendez de quatre-vingt-deux",8,-82
3792,"allez de quatre-vingt-deux à droite , puis descendez de seize",82,-16
3793,"allez de soixante-cinq à droite , puis descendez de trente-neuf",65,-39
3794,"allez de quatre-vingt-onze à droite , puis descendez de vingt-cinq",91,-25
3795,"allez de cent à droite , puis descendez de cinquante-deux",100,-52
3796,"allez de vingt et un à droite , puis descendez de quatre-vingt-sept",21,-87
3797,"allez de quatorze à droite , puis descendez de quatre-vingt-trois",14,-83
3798,"allez de trente-deux à droite , puis descendez de dix-neuf",32,-19
3799,"allez de onze à droite , puis descendez de soixante-quinze",11,-75
3800,"allez de soixante-huit à droite , puis descendez de vingt-cinq",68,-25
3801,"allez de quatre à droite , puis descendez de soixante-quatorze",4,-74
3802,"allez de trente à droite , puis descendez de un",30,-1
3803,"allez de quarante-trois à droite , puis descendez de quarante-sept",43,-47
3804,"allez de cinquante-neuf à droite , puis descendez de vingt-six",59,-26
3805,"allez de quatre à droite , puis descendez de soixante-seize",4,-76
3806,"allez de dix-sept à droite , puis descendez de trois",17,-3
3807,"allez de soixante à droite , puis descendez de trente",60,-30
3808,"allez de cinquante-deux à droite , puis descendez de trente-huit",52,-38
3809,"allez de cinquante-deux à droite , puis descendez de dix-sept",52,-17
3810,"allez de cinquante-huit à droite , puis descendez de quarante et un",58,-41
3811,"allez de cinquante-trois à droite , puis descendez de trois",53,-3
3812,"allez de soixante-douze à droite , puis descendez de soixante-quatre",72,-64
3813,"allez de soixante-quatre à droite , puis descendez de treize",64,-13
3814,"allez de quatre-vingt-un à droite , puis descendez de quatre-vingts",81,-80
3815,"allez de soixante et onze à droite , puis descendez de six",71,-6
3816,"allez de douze à droite , puis descendez de soixante-dix-neuf",12,-79
3817,"allez de quatre-vingt-dix à droite , puis descendez de vingt-huit",90,-28
3818,"allez de vingt et un à droite , puis descendez de cinquante-deux",21,-52
3819,"allez de soixante et onze à droite , puis descendez de quatre-vingt-onze",71,-91
3820,"allez de quatre-vingt-quatorze à droite , puis descendez de dix-sept",94,-17
3821,"allez de un à droite , puis descendez de quarante-cinq",1,-45
3822,"allez de quatre-vingt-sept à droite , puis descendez de vingt-huit",87,-28
3823,"allez de soixante-six à droite , puis descendez de trois",66,-3
3824,"allez de vingt-quatre à droite , puis descendez de quatre-vingt-dix",24,-90
3825,"allez de quatre-vingt-trois à droite , puis descendez de trente",83,-30
3826,"allez de cinquante-six à droite , puis descendez de quarante-neuf",56,-49
3827,"allez de quatre-vingt-dix à droite , puis descendez de neuf",90,-9
3828,"allez de quarante-neuf à droite , puis descendez de quarante-deux",49,-42
3829,"allez de cinquante-sept à droite , puis descendez de quatre-vingt-dix-neuf",57,-99
3830,"allez de seize à droite , puis descendez de dix-huit",16,-18
3831,"allez de soixante-quinze à droite , puis descendez de quatre-vingt-neuf",75,-89
3832,"allez de soixante-sept à droite , puis descendez de un",67,-1
3833,"allez de soixante-douze à droite , puis descendez de quatre-vingt-neuf",72,-89
3834,"allez de trente-huit à droite , puis descendez de quatorze",38,-14
3835,"allez de quatre-vingt-dix-huit à droite , puis descendez de neuf",98,-9
3836,"allez de soixante-seize à droite , puis descendez de quatre-vingt-douze",76,-92
3837,"allez de vingt et un à droite , puis descendez de quatre-vingt-quatre",21,-84
3838,"allez de six à droite , puis descendez de vingt-six",6,-26
3839,"allez de cinquante-cinq à droite , puis descendez de cinq",55,-5
3840,"allez de vingt-trois à droite , puis descendez de quatre-vingt-cinq",23,-85
3841,"allez de soixante-six à droite , puis descendez de soixante-seize",66,-76
3842,"allez de soixante-dix à droite , puis descendez de cinquante-six",70,-56
3843,"allez de soixante-neuf à droite , puis descendez de cinquante et un",69,-51
3844,"allez de vingt-cinq à droite , puis descendez de vingt-neuf",25,-29
3845,"allez de soixante-dix-huit à droite , puis descendez de quatre-vingt-dix",78,-90
3846,"allez de quinze à droite , puis descendez de deux",15,-2
3847,"allez de soixante-seize à droite , puis descendez de quarante-deux",76,-42
3848,"allez de neuf à droite , puis descendez de vingt-huit",9,-28
3849,"allez de cinquante-huit à droite , puis descendez de quatre-vingt-dix-neuf",58,-99
3850,"allez de vingt-six à droite , puis descendez de un",26,-1
3851,"allez de trente-neuf à droite , puis descendez de seize",39,-16
3852,"allez de quarante-deux à droite , puis descendez de soixante et un",42,-61
3853,"allez de cinquante et un à droite , puis descendez de soixante-six",51,-66
3854,"allez de soixante-quatorze à droite , puis descendez de trente-huit",74,-38
3855,"allez de quatre-vingt-quinze à droite , puis descendez de trente-quatre",95,-34
3856,"allez de cinquante-sept à droite , puis descendez de trente-deux",57,-32
3857,"allez de quarante-six à droite , puis descendez de quarante-huit",46,-48
3858,"allez de dix-sept à droite , puis descendez de soixante-huit",17,-68
3859,"allez de cinquante à droite , puis descendez de cinquante-neuf",50,-59
3860,"allez de soixante-dix-neuf à droite , puis descendez de vingt-six",79,-26
3861,"allez de quatre-vingt-un à droite , puis descendez de quatre-vingt-six",81,-86
3862,"allez de quatre-vingt-quatorze à droite , puis descendez de quatre-vingts",94,-80
3863,"allez de cinquante-six à droite , puis descendez de dix-huit",56,-18
3864,"allez de quatre-vingt-onze à droite , puis descendez de trente-cinq",91,-35
3865,"allez de trente-deux à droite , puis descendez de trente-quatre",32,-34
3866,"allez de quatre-vingt-dix à droite , puis descendez de soixante-dix-huit",90,-78
3867,"allez de cinquante et un à droite , puis descendez de quatre-vingt-dix-neuf",51,-99
3868,"allez de quarante à droite , puis descendez de trente",40,-30
3869,"allez de vingt-deux à droite , puis descendez de cinquante-six",22,-56
3870,"allez de quatre-vingt-six à droite , puis descendez de quatre-vingt-douze",86,-92
3871,"allez de trente-cinq à droite , puis descendez de quatre-vingt-neuf",35,-89
3872,"allez de dix-huit à droite , puis descendez de soixante-cinq",18,-65
3873,"allez de quatre-vingt-sept à droite , puis descendez de un",87,-1
3874,"allez de soixante-quatre à droite , puis descendez de quatre-vingt-sept",64,-87
3875,"allez de sept à droite , puis descendez de trente et un",7,-31
3876,"allez de quatre-vingt-quatorze à droite , puis descendez de quarante-sept",94,-47
3877,"allez de un à droite , puis descendez de trente-neuf",1,-39
3878,"allez de quatre-vingt-quatorze à droite , puis descendez de vingt-trois",94,-23
3879,"allez de soixante-dix-neuf à droite , puis descendez de vingt-sept",79,-27
3880,"allez de soixante à droite , puis descendez de quatre-vingt-quinze",60,-95
3881,"allez de soixante-dix-neuf à droite , puis descendez de vingt-huit",79,-28
3882,"allez de quatre-vingt-quatre à droite , puis descendez de quatre-vingts",84,-80
3883,"allez de trente-cinq à droite , puis descendez de treize",35,-13
3884,"allez de vingt-trois à droite , puis descendez de cinquante-huit",23,-58
3885,"allez de quatre-vingt-neuf à droite , puis descendez de dix-huit",89,-18
3886,"allez de vingt-huit à droite , puis descendez de dix",28,-10
3887,"allez de trente-cinq à droite , puis descendez de quatre-vingt-treize",35,-93
3888,"allez de vingt-trois à droite , puis descendez de trente",23,-30
3889,"allez de quatre-vingt-dix-neuf à droite , puis descendez de soixante",99,-60
3890,"allez de soixante-quatre à droite , puis descendez de quatre",64,-4
3891,"allez de douze à droite , puis descendez de soixante-cinq",12,-65
3892,"allez de vingt-quatre à droite , puis descendez de cinquante-six",24,-56
3893,"allez de dix-huit à droite , puis descendez de quatre-vingt-dix-sept",18,-97
3894,"allez de quatre-vingt-treize à droite , puis descendez de vingt-neuf",93,-29
3895,"allez de quatre-vingt-dix-huit à droite , puis descendez de dix-sept",98,-17
3896,"allez de soixante-treize à droite , puis descendez de soixante-trois",73,-63
3897,"allez de soixante-dix-neuf à droite , puis descendez de soixante-huit",79,-68
3898,"allez de quarante-trois à droite , puis descendez de soixante-douze",43,-72
3899,"allez de trente-quatre à droite , puis descendez de soixante-dix-huit",34,-78
3900,"allez de soixante-dix à droite , puis descendez de cinquante-six",70,-56
3901,"allez de soixante-cinq à droite , puis descendez de cinquante-neuf",65,-59
3902,"allez de vingt à droite , puis descendez de cinquante-sept",20,-57
3903,"allez de trente-trois à droite , puis descendez de soixante-douze",33,-72
3904,"allez de quatre-vingt-trois à droite , puis descendez de quatre-vingt-quatorze",83,-94
3905,"allez de soixante-treize à droite , puis descendez de cinquante-six",73,-56
3906,"allez de quarante-huit à droite , puis descendez de trente et un",48,-31
3907,"allez de soixante-quatre à droite , puis descendez de vingt-cinq",64,-25
3908,"allez de seize à droite , puis descendez de quarante-neuf",16,-49
3909,"allez de soixante-dix-huit à droite , puis descendez de quatre-vingt-sept",78,-87
3910,"allez de trois à droite , puis descendez de quatre-vingts",3,-80
3911,"allez de trente-deux à droite , puis descendez de cinquante-neuf",32,-59
3912,"allez de trente à droite , puis descendez de trente-sept",30,-37
3913,"allez de quatre-vingt-neuf à droite , puis descendez de quarante-quatre",89,-44
3914,"allez de vingt-deux à droite , puis descendez de soixante-dix-huit",22,-78
3915,"allez de quatre-vingt-quatorze à droite , puis descendez de trente-quatre",94,-34
3916,"allez de trente-neuf à droite , puis descendez de vingt-sept",39,-27
3917,"allez de soixante-six à droite , puis descendez de cinquante",66,-50
3918,"allez de trente à droite , puis descendez de quatre-vingt-seize",30,-96
3919,"allez de vingt-huit à droite , puis descendez de vingt",28,-20
3920,"allez de soixante à droite , puis descendez de trente-neuf",60,-39
3921,"allez de trente à droite , puis descendez de cinquante-cinq",30,-55
3922,"allez de soixante-dix à droite , puis descendez de trente-neuf",70,-39
3923,"allez de quarante-deux à droite , puis descendez de soixante-quinze",42,-75
3924,"allez de quatre-vingt-six à droite , puis descendez de cinquante-cinq",86,-55
3925,"allez de trente à droite , puis descendez de trente-huit",30,-38
3926,"allez de dix à droite , puis descendez de soixante-dix",10,-70
3927,"allez de vingt-sept à droite , puis descendez de cinquante-sept",27,-57
3928,"allez de quatre-vingt-treize à droite , puis descendez de six",93,-6
3929,"allez de onze à droite , puis descendez de soixante-huit",11,-68
3930,"allez de cinquante-sept à droite , puis descendez de trois",57,-3
3931,"allez de trente-trois à droite , puis descendez de quatre-vingt-trois",33,-83
3932,"allez de trente-trois à droite , puis descendez de cinquante-huit",33,-58
3933,"allez de treize à droite , puis descendez de onze",13,-11
3934,"allez de quatre-vingt-cinq à droite , puis descendez de vingt-quatre",85,-24
3935,"allez de six à droite , puis descendez de soixante-quatorze",6,-74
3936,"allez de vingt-six à droite , puis descendez de quatre-vingt-onze",26,-91
3937,"allez de vingt et un à droite , puis descendez de un",21,-1
3938,"allez de vingt à droite , puis descendez de soixante-neuf",20,-69
3939,"allez de quarante à droite , puis descendez de trente-trois",40,-33
3940,"allez de trente-trois à droite , puis descendez de soixante",33,-60
3941,"allez de quatre-vingt-quatre à droite , puis descendez de vingt-quatre",84,-24
3942,"allez de quatre-vingt-neuf à droite , puis descendez de quatre-vingt-dix",89,-90
3943,"allez de quatre-vingt-dix à droite , puis descendez de cinquante",90,-50
3944,"allez de trente-neuf à droite , puis descendez de quatre-vingt-dix-neuf",39,-99
3945,"allez de quatre-vingt-dix à droite , puis descendez de soixante-douze",90,-72
3946,"allez de cinquante à droite , puis descendez de vingt-huit",50,-28
3947,"allez de soixante-dix-neuf à droite , puis descendez de quatre-vingt-sept",79,-87
3948,"allez de vingt-sept à droite , puis descendez de soixante-huit",27,-68
3949,"allez de soixante et onze à droite , puis descendez de quatre-vingt-quinze",71,-95
3950,"allez de soixante-quinze à droite , puis descendez de onze",75,-11
3951,"allez de soixante-treize à droite , puis descendez de soixante-cinq",73,-65
3952,"allez de quatre-vingt-neuf à droite , puis descendez de vingt-trois",89,-23
3953,"allez de trente-quatre à droite , puis descendez de quarante-quatre",34,-44
3954,"allez de soixante-deux à droite , puis descendez de quarante-quatre",62,-44
3955,"allez de dix-huit à droite , puis descendez de quatre-vingt-dix-huit",18,-98
3956,"allez de quatre-vingt-six à droite , puis descendez de un",86,-1
3957,"allez de quatre-vingt-six à droite , puis descendez de dix-neuf",86,-19
3958,"allez de soixante-quinze à droite , puis descendez de soixante et un",75,-61
3959,"allez de soixante-dix-neuf à droite , puis descendez de quarante-cinq",79,-45
3960,"allez de vingt à droite , puis descendez de dix",20,-10
3961,"allez de trente-trois à droite , puis descendez de trente-quatre",33,-34
3962,"allez de soixante-neuf à droite , puis descendez de dix-huit",69,-18
3963,"allez de soixante à droite , puis descendez de huit",60,-8
3964,"allez de soixante et un à droite , puis descendez de vingt-deux",61,-22
3965,"allez de quatre-vingt-huit à droite , puis descendez de trente-neuf",88,-39
3966,"allez de cinquante-huit à droite , puis descendez de seize",58,-16
3967,"allez de cent à droite , puis descendez de dix-neuf",100,-19
3968,"allez de soixante-dix-neuf à droite , puis descendez de seize",79,-16
3969,"allez de soixante-dix à droite , puis descendez de soixante-dix-neuf",70,-79
3970,"allez de quatre-vingt-deux à droite , puis descendez de cinquante-sept",82,-57
3971,"allez de vingt à droite , puis descendez de quarante-cinq",20,-45
3972,"allez de trente-quatre à droite , puis descendez de dix-neuf",34,-19
3973,"allez de soixante-huit à droite , puis descendez de trente",68,-30
3974,"allez de cinquante-sept à droite , puis descendez de onze",57,-11
3975,"allez de soixante-quatre à droite , puis descendez de cinquante-deux",64,-52
3976,"allez de cinquante-deux à droite , puis descendez de soixante-neuf",52,-69
3977,"allez de trente-quatre à droite , puis descendez de dix-huit",34,-18
3978,"allez de onze à droite , puis descendez de trente",11,-30
3979,"allez de trente-deux à droite , puis descendez de vingt-quatre",32,-24
3980,"allez de quarante-cinq à droite , puis descendez de soixante et onze",45,-71
3981,"allez de douze à droite , puis descendez de trois",12,-3
3982,"allez de vingt-trois à droite , puis descendez de cent",23,-100
3983,"allez de quarante-huit à droite , puis descendez de dix",48,-10
3984,"allez de cinquante-trois à droite , puis descendez de quatre-vingt-quatorze",53,-94
3985,"allez de deux à droite , puis descendez de quarante-sept",2,-47
3986,"allez de vingt-quatre à droite , puis descendez de quatre-vingt-quinze",24,-95
3987,"allez de quatre-vingt-un à droite , puis descendez de quatre-vingt-trois",81,-83
3988,"allez de cinquante-deux à droite , puis descendez de trente-deux",52,-32
3989,"allez de vingt-huit à droite , puis descendez de cinquante-huit",28,-58
3990,"allez de soixante-neuf à droite , puis descendez de quatre-vingt-treize",69,-93
3991,"allez de soixante-quinze à droite , puis descendez de quatre-vingt-deux",75,-82
3992,"allez de dix à droite , puis descendez de quarante-quatre",10,-44
3993,"allez de quarante-cinq à droite , puis descendez de quarante",45,-40
3994,"allez de vingt-trois à droite , puis descendez de cinquante-quatre",23,-54
3995,"allez de soixante-seize à droite , puis descendez de soixante-quinze",76,-75
3996,"allez de quatre-vingt-quatre à droite , puis descendez de cinquante-cinq",84,-55
3997,"allez de quarante-deux à droite , puis descendez de quarante-trois",42,-43
3998,"allez de cinquante-quatre à droite , puis descendez de vingt-trois",54,-23
3999,"allez de soixante-huit à droite , puis descendez de quatre-vingt-onze",68,-91
4000,allez de vingt-neuf à gauche puis montez de vingt et un,-29,21
4001,allez de quatre-vingt-douze à gauche puis montez de trente-deux,-92,32
4002,allez de soixante-douze à gauche puis montez de cinquante-cinq,-72,55
4003,allez de cinquante-trois à gauche puis montez de seize,-53,16
4004,allez de vingt à gauche puis montez de vingt-trois,-20,23
4005,allez de quarante et un à gauche puis montez de soixante et un,-41,61
4006,allez de soixante-quatre à gauche puis montez de trente-huit,-64,38
4007,allez de onze à gauche puis montez de quatre-vingt-seize,-11,96
4008,allez de vingt et un à gauche puis montez de douze,-21,12
4009,allez de douze à gauche puis montez de quatre-vingt-quatre,-12,84
4010,allez de trente-sept à gauche puis montez de trente-neuf,-37,39
4011,allez de trois à gauche puis montez de trente,-3,30
4012,allez de vingt et un à gauche puis montez de soixante-dix,-21,70
4013,allez de vingt-sept à gauche puis montez de cinquante,-27,50
4014,allez de soixante-neuf à gauche puis montez de soixante-cinq,-69,65
4015,allez de quatre-vingt-sept à gauche puis montez de cinquante-cinq,-87,55
4016,allez de soixante-huit à gauche puis montez de quarante-six,-68,46
4017,allez de soixante-huit à gauche puis montez de quarante,-68,40
4018,allez de trente-sept à gauche puis montez de vingt-six,-37,26
4019,allez de cinquante-deux à gauche puis montez de cinquante,-52,50
4020,allez de quatre-vingts à gauche puis montez de quatre-vingt-treize,-80,93
4021,allez de quarante-neuf à gauche puis montez de quatre-vingt-sept,-49,87
4022,allez de vingt-deux à gauche puis montez de quarante-neuf,-22,49
4023,allez de soixante-dix-huit à gauche puis montez de quatre-vingt-dix,-78,90
4024,allez de cent à gauche puis montez de quarante-sept,-100,47
4025,allez de cinquante-trois à gauche puis montez de soixante-six,-53,66
4026,allez de quatre-vingt-deux à gauche puis montez de quarante-trois,-82,43
4027,allez de soixante-dix à gauche puis montez de trente-deux,-70,32
4028,allez de cinquante à gauche puis montez de vingt-neuf,-50,29
4029,allez de quarante-cinq à gauche puis montez de soixante-dix-neuf,-45,79
4030,allez de trente-sept à gauche puis montez de trente-sept,-37,37
4031,allez de trente-huit à gauche puis montez de quarante-trois,-38,43
4032,allez de quatre-vingt-sept à gauche puis montez de quatre-vingt-dix-sept,-87,97
4033,allez de un à gauche puis montez de vingt-six,-1,26
4034,allez de soixante-quatre à gauche puis montez de soixante-cinq,-64,65
4035,allez de soixante à gauche puis montez de quarante-quatre,-60,44
4036,allez de soixante-neuf à gauche puis montez de trente-six,-69,36
4037,allez de quatre-vingt-dix-neuf à gauche puis montez de soixante et un,-99,61
4038,allez de vingt-huit à gauche puis montez de soixante-quatorze,-28,74
4039,allez de soixante-deux à gauche puis montez de soixante-quatre,-62,64
4040,allez de quarante-deux à gauche puis montez de quatre-vingt-quatre,-42,84
4041,allez de soixante à gauche puis montez de quarante-deux,-60,42
4042,allez de dix-sept à gauche puis montez de cinquante-huit,-17,58
4043,allez de vingt-neuf à gauche puis montez de trente-deux,-29,32
4044,allez de soixante-douze à gauche puis montez de vingt-sept,-72,27
4045,allez de cinquante-deux à gauche puis montez de un,-52,1
4046,allez de quatorze à gauche puis montez de quatre-vingt-seize,-14,96
4047,allez de cinquante-quatre à gauche puis montez de dix-huit,-54,18
4048,allez de vingt-cinq à gauche puis montez de soixante-douze,-25,72
4049,allez de douze à gauche puis montez de soixante-seize,-12,76
4050,allez de soixante-quatorze à gauche puis montez de cinquante-six,-74,56
4051,allez de vingt-deux à gauche puis montez de onze,-22,11
4052,allez de cinquante et un à gauche puis montez de quarante-huit,-51,48
4053,allez de soixante-deux à gauche puis montez de quatre,-62,4
4054,allez de vingt-neuf à gauche puis montez de vingt-deux,-29,22
4055,allez de trente-huit à gauche puis montez de quatre-vingt-un,-38,81
4056,allez de trente-trois à gauche puis montez de quatre-vingt-huit,-33,88
4057,allez de soixante-sept à gauche puis montez de quatre-vingt-deux,-67,82
4058,allez de vingt-huit à gauche puis montez de quatre-vingt-dix-huit,-28,98
4059,allez de soixante-quatorze à gauche puis montez de quatre-vingt-un,-74,81
4060,allez de cinquante-trois à gauche puis montez de treize,-53,13
4061,allez de trois à gauche puis montez de dix-sept,-3,17
4062,allez de quatre-vingt-seize à gauche puis montez de quarante-trois,-96,43
4063,allez de cinquante-trois à gauche puis montez de soixante-trois,-53,63
4064,allez de soixante-douze à gauche puis montez de cent,-72,100
4065,allez de cinquante-cinq à gauche puis montez de quatre-vingt-seize,-55,96
4066,allez de quatre-vingt-trois à gauche puis montez de vingt-deux,-83,22
4067,allez de trente-deux à gauche puis montez de huit,-32,8
4068,allez de vingt-neuf à gauche puis montez de seize,-29,16
4069,allez de soixante-dix-sept à gauche puis montez de cinquante-six,-77,56
4070,allez de vingt-quatre à gauche puis montez de soixante-trois,-24,63
4071,allez de soixante-seize à gauche puis montez de soixante-six,-76,66
4072,allez de vingt à gauche puis montez de quatorze,-20,14
4073,allez de vingt-deux à gauche puis montez de vingt-sept,-22,27
4074,allez de quinze à gauche puis montez de soixante-dix-neuf,-15,79
4075,allez de vingt-cinq à gauche puis montez de cinquante-quatre,-25,54
4076,allez de soixante-quinze à gauche puis montez de vingt-sept,-75,27
4077,allez de quarante-quatre à gauche puis montez de quatre-vingt-huit,-44,88
4078,allez de quatre à gauche puis montez de soixante-dix-huit,-4,78
4079,allez de quatre-vingt-deux à gauche puis montez de soixante-dix-neuf,-82,79
4080,allez de quarante à gauche puis montez de un,-40,1
4081,allez de soixante-seize à gauche puis montez de quarante-huit,-76,48
4082,allez de quarante-deux à gauche puis montez de quarante-six,-42,46
4083,allez de soixante-cinq à gauche puis montez de cinquante-cinq,-65,55
4084,allez de cinquante-neuf à gauche puis montez de vingt-huit,-59,28
4085,allez de trente à gauche puis montez de cinquante-sept,-30,57
4086,allez de vingt à gauche puis montez de quatre-vingt-quinze,-20,95
4087,allez de quarante-cinq à gauche puis montez de soixante-huit,-45,68
4088,allez de quatre-vingts à gauche puis montez de un,-80,1
4089,allez de soixante-dix à gauche puis montez de quinze,-70,15
4090,allez de cinquante-quatre à gauche puis montez de quarante et un,-54,41
4091,allez de quatre à gauche puis montez de cinquante-quatre,-4,54
4092,allez de quatre-vingt-douze à gauche puis montez de dix,-92,10
4093,allez de vingt à gauche puis montez de soixante-sept,-20,67
4094,allez de soixante-quatorze à gauche puis montez de soixante et un,-74,61
4095,allez de soixante-quinze à gauche puis montez de trente,-75,30
4096,allez de quatre-vingt-deux à gauche puis montez de soixante-dix,-82,70
4097,allez de deux à gauche puis montez de soixante et onze,-2,71
4098,allez de cinquante-six à gauche puis montez de quatre-vingt-quinze,-56,95
4099,allez de quatorze à gauche puis montez de quatre-vingt-trois,-14,83
4100,allez de quarante-trois à gauche puis montez de soixante-quatorze,-43,74
4101,allez de soixante-quinze à gauche puis montez de trente-six,-75,36
4102,allez de soixante-treize à gauche puis montez de quatre-vingt-deux,-73,82
4103,allez de huit à gauche puis montez de soixante-dix-sept,-8,77
4104,allez de soixante-dix-neuf à gauche puis montez de soixante-six,-79,66
4105,allez de quatre-vingt-douze à gauche puis montez de cinquante-deux,-92,52
4106,allez de quarante-sept à gauche puis montez de onze,-47,11
4107,allez de soixante-treize à gauche puis montez de quarante-cinq,-73,45
4108,allez de six à gauche puis montez de cinquante-quatre,-6,54
4109,allez de trente-deux à gauche puis montez de un,-32,1
4110,allez de quatre-vingt-dix-sept à gauche puis montez de trente-huit,-97,38
4111,allez de quatre-vingt-trois à gauche puis montez de vingt-quatre,-83,24
4112,allez de trente-neuf à gauche puis montez de soixante-huit,-39,68
4113,allez de six à gauche puis montez de dix-neuf,-6,19
4114,allez de soixante-douze à gauche puis montez de dix,-72,10
4115,allez de soixante-cinq à gauche puis montez de quarante-huit,-65,48
4116,allez de quatre-vingt-seize à gauche puis montez de quatre-vingt-un,-96,81
4117,allez de quatre-vingt-seize à gauche puis montez de soixante-quatre,-96,64
4118,allez de cinq à gauche puis montez de soixante-neuf,-5,69
4119,allez de quatre-vingt-six à gauche puis montez de soixante-sept,-86,67
4120,allez de quatre-vingt-deux à gauche puis montez de quatre-vingt-un,-82,81
4121,allez de dix-huit à gauche puis montez de huit,-18,8
4122,allez de quatre-vingt-dix à gauche puis montez de cinquante-quatre,-90,54
4123,allez de treize à gauche puis montez de trois,-13,3
4124,allez de deux à gauche puis montez de cinquante-deux,-2,52
4125,allez de onze à gauche puis montez de soixante-quatre,-11,64
4126,allez de quatre-vingt-dix-huit à gauche puis montez de trente-six,-98,36
4127,allez de quarante-deux à gauche puis montez de trois,-42,3
4128,allez de quatre-vingt-un à gauche puis montez de quatre-vingt-douze,-81,92
4129,allez de quatre-vingt-quinze à gauche puis montez de quatre-vingt-dix,-95,90
4130,allez de soixante-quatre à gauche puis montez de quatre-vingt-quinze,-64,95
4131,allez de quarante-deux à gauche puis montez de cinquante-sept,-42,57
4132,allez de quarante-quatre à gauche puis montez de douze,-44,12
4133,allez de vingt-neuf à gauche puis montez de trente-quatre,-29,34
4134,allez de quatre-vingt-seize à gauche puis montez de soixante-quatorze,-96,74
4135,allez de seize à gauche puis montez de soixante-deux,-16,62
4136,allez de quarante-six à gauche puis montez de cinq,-46,5
4137,allez de vingt-huit à gauche puis montez de cent,-28,100
4138,allez de quarante-quatre à gauche puis montez de huit,-44,8
4139,allez de quatre-vingt-huit à gauche puis montez de cinq,-88,5
4140,allez de soixante-trois à gauche puis montez de quarante et un,-63,41
4141,allez de quarante-trois à gauche puis montez de vingt-quatre,-43,24
4142,allez de trois à gauche puis montez de quarante-cinq,-3,45
4143,allez de soixante-douze à gauche puis montez de trente-neuf,-72,39
4144,allez de quarante-cinq à gauche puis montez de trente-quatre,-45,34
4145,allez de quatre-vingt-quatorze à gauche puis montez de soixante-treize,-94,73
4146,allez de quarante-sept à gauche puis montez de six,-47,6
4147,allez de trente-huit à gauche puis montez de cent,-38,100
4148,allez de quatre-vingt-douze à gauche puis montez de trente-cinq,-92,35
4149,allez de trente à gauche puis montez de quarante-deux,-30,42
4150,allez de cinquante-six à gauche puis montez de trente-deux,-56,32
4151,allez de quarante-quatre à gauche puis montez de trente-deux,-44,32
4152,allez de onze à gauche puis montez de soixante-six,-11,66
4153,allez de vingt-deux à gauche puis montez de quatre-vingt-quatre,-22,84
4154,allez de quatre-vingt-douze à gauche puis montez de soixante-neuf,-92,69
4155,allez de six à gauche puis montez de soixante-quatre,-6,64
4156,allez de trente-cinq à gauche puis montez de six,-35,6
4157,allez de soixante-quinze à gauche puis montez de trois,-75,3
4158,allez de quarante-six à gauche puis montez de cinquante-sept,-46,57
4159,allez de cent à gauche puis montez de quarante-huit,-100,48
4160,allez de quatre-vingt-cinq à gauche puis montez de vingt-sept,-85,27
4161,allez de cinquante-huit à gauche puis montez de vingt-sept,-58,27
4162,allez de trente-six à gauche puis montez de quarante-huit,-36,48
4163,allez de quatre-vingt-seize à gauche puis montez de deux,-96,2
4164,allez de soixante-dix-neuf à gauche puis montez de cinquante-cinq,-79,55
4165,allez de trente-huit à gauche puis montez de trente-six,-38,36
4166,allez de quarante-trois à gauche puis montez de soixante-dix-neuf,-43,79
4167,allez de soixante-treize à gauche puis montez de soixante-dix,-73,70
4168,allez de neuf à gauche puis montez de cinq,-9,5
4169,allez de trente-trois à gauche puis montez de huit,-33,8
4170,allez de quarante-deux à gauche puis montez de trente-trois,-42,33
4171,allez de quarante-cinq à gauche puis montez de cinquante-sept,-45,57
4172,allez de vingt-sept à gauche puis montez de soixante-six,-27,66
4173,allez de quatre-vingt-cinq à gauche puis montez de quatre,-85,4
4174,allez de quinze à gauche puis montez de soixante-cinq,-15,65
4175,allez de quarante et un à gauche puis montez de dix-sept,-41,17
4176,allez de treize à gauche puis montez de soixante-neuf,-13,69
4177,allez de cinquante et un à gauche puis montez de trente,-51,30
4178,allez de trente-huit à gauche puis montez de quarante et un,-38,41
4179,allez de cinq à gauche puis montez de soixante-dix-sept,-5,77
4180,allez de quatre-vingt-seize à gauche puis montez de trois,-96,3
4181,allez de cinquante-neuf à gauche puis montez de soixante-dix-neuf,-59,79
4182,allez de vingt-quatre à gauche puis montez de quatre-vingt-trois,-24,83
4183,allez de quatre-vingt-cinq à gauche puis montez de deux,-85,2
4184,allez de cinquante à gauche puis montez de soixante et onze,-50,71
4185,allez de vingt-cinq à gauche puis montez de treize,-25,13
4186,allez de quatre-vingt-dix-neuf à gauche puis montez de onze,-99,11
4187,allez de six à gauche puis montez de dix,-6,10
4188,allez de soixante-quatre à gauche puis montez de quatre-vingt-quatre,-64,84
4189,allez de soixante-quatorze à gauche puis montez de trente-six,-74,36
4190,allez de quatre à gauche puis montez de quatre-vingt-six,-4,86
4191,allez de quarante-trois à gauche puis montez de trente-huit,-43,38
4192,allez de dix-sept à gauche puis montez de cent,-17,100
4193,allez de trente-huit à gauche puis montez de trente-quatre,-38,34
4194,allez de soixante-dix-sept à gauche puis montez de quarante-neuf,-77,49
4195,allez de quinze à gauche puis montez de vingt-huit,-15,28
4196,allez de cent à gauche puis montez de soixante-dix-neuf,-100,79
4197,allez de quarante à gauche puis montez de quarante-huit,-40,48
4198,allez de trente-huit à gauche puis montez de neuf,-38,9
4199,allez de trente à gauche puis montez de soixante-seize,-30,76
4200,allez de soixante-sept à gauche puis montez de trente-neuf,-67,39
4201,allez de quarante-deux à gauche puis montez de soixante-sept,-42,67
4202,allez de quatre-vingt-deux à gauche puis montez de cinquante,-82,50
4203,allez de quatorze à gauche puis montez de trente-quatre,-14,34
4204,allez de sept à gauche puis montez de douze,-7,12
4205,allez de cinquante-deux à gauche puis montez de trente-sept,-52,37
4206,allez de cinquante et un à gauche puis montez de vingt-deux,-51,22
4207,allez de quarante-cinq à gauche puis montez de soixante-quinze,-45,75
4208,allez de quatre-vingt-dix-neuf à gauche puis montez de trente-huit,-99,38
4209,allez de vingt-sept à gauche puis montez de quatre-vingt-dix-neuf,-27,99
4210,allez de onze à gauche puis montez de quatre-vingt-huit,-11,88
4211,allez de quinze à gauche puis montez de trente,-15,30
4212,allez de cinquante-sept à gauche puis montez de dix-huit,-57,18
4213,allez de trente-trois à gauche puis montez de soixante-quinze,-33,75
4214,allez de quatre-vingt-six à gauche puis montez de cinquante-quatre,-86,54
4215,allez de soixante-dix-huit à gauche puis montez de quatorze,-78,14
4216,allez de quatre-vingt-cinq à gauche puis montez de cinquante-huit,-85,58
4217,allez de vingt-quatre à gauche puis montez de dix-neuf,-24,19
4218,allez de quatorze à gauche puis montez de soixante,-14,60
4219,allez de quarante-huit à gauche puis montez de quatre-vingts,-48,80
4220,allez de quarante à gauche puis montez de trente-neuf,-40,39
4221,allez de vingt-huit à gauche puis montez de soixante-dix-neuf,-28,79
4222,allez de quatre-vingt-cinq à gauche puis montez de cinquante-cinq,-85,55
4223,allez de trente-sept à gauche puis montez de quatre-vingt-dix-huit,-37,98
4224,allez de cinquante-deux à gauche puis montez de quarante-cinq,-52,45
4225,allez de soixante-sept à gauche puis montez de cent,-67,100
4226,allez de six à gauche puis montez de cinquante-neuf,-6,59
4227,allez de quatre-vingt-treize à gauche puis montez de seize,-93,16
4228,allez de quatre-vingt-huit à gauche puis montez de dix-sept,-88,17
4229,allez de dix à gauche puis montez de quatre-vingt-treize,-10,93
4230,allez de quarante-trois à gauche puis montez de soixante-seize,-43,76
4231,allez de neuf à gauche puis montez de cinquante-cinq,-9,55
4232,allez de quatre-vingt-dix-sept à gauche puis montez de vingt-huit,-97,28
4233,allez de quatre-vingt-dix-sept à gauche puis montez de dix,-97,10
4234,allez de trois à gauche puis montez de quarante-huit,-3,48
4235,allez de quatre-vingt-seize à gauche puis montez de quatre-vingt-neuf,-96,89
4236,allez de cinquante-deux à gauche puis montez de vingt-deux,-52,22
4237,allez de soixante-dix-neuf à gauche puis montez de quarante-six,-79,46
4238,allez de soixante et onze à gauche puis montez de huit,-71,8
4239,allez de quatre-vingt-deux à gauche puis montez de trente-deux,-82,32
4240,allez de quarante-quatre à gauche puis montez de soixante-cinq,-44,65
4241,allez de quatre-vingt-sept à gauche puis montez de quatre-vingt-cinq,-87,85
4242,allez de soixante-cinq à gauche puis montez de quatre-vingt-quatre,-65,84
4243,allez de vingt-huit à gauche puis montez de onze,-28,11
4244,allez de douze à gauche puis montez de quatre-vingt-quinze,-12,95
4245,allez de soixante et onze à gauche puis montez de soixante-treize,-71,73
4246,allez de vingt et un à gauche puis montez de trente-trois,-21,33
4247,allez de soixante-seize à gauche puis montez de quatre,-76,4
4248,allez de soixante-treize à gauche puis montez de trente-trois,-73,33
4249,allez de un à gauche puis montez de soixante-seize,-1,76
4250,allez de soixante-seize à gauche puis montez de quarante-cinq,-76,45
4251,allez de cinquante et un à gauche puis montez de soixante-six,-51,66
4252,allez de trois à gauche puis montez de soixante-six,-3,66
4253,allez de treize à gauche puis montez de trente,-13,30
4254,allez de quatre à gauche puis montez de trente,-4,30
4255,allez de quarante-trois à gauche puis montez de dix-sept,-43,17
4256,allez de soixante-sept à gauche puis montez de soixante et un,-67,61
4257,allez de vingt-sept à gauche puis montez de soixante-dix,-27,70
4258,allez de quarante-huit à gauche puis montez de six,-48,6
4259,allez de quatre-vingt-dix-huit à gauche puis montez de quatre-vingt-quinze,-98,95
4260,allez de sept à gauche puis montez de cinquante,-7,50
4261,allez de soixante-quinze à gauche puis montez de quarante-huit,-75,48
4262,allez de cinquante à gauche puis montez de quatre-vingt-quinze,-50,95
4263,allez de trente-neuf à gauche puis montez de soixante et un,-39,61
4264,allez de quatorze à gauche puis montez de soixante,-14,60
4265,allez de onze à gauche puis montez de soixante,-11,60
4266,allez de soixante-seize à gauche puis montez de quatre-vingt-dix-huit,-76,98
4267,allez de trente à gauche puis montez de quatre-vingt-treize,-30,93
4268,allez de quatre-vingt-huit à gauche puis montez de trois,-88,3
4269,allez de quarante-neuf à gauche puis montez de quatre-vingt-trois,-49,83
4270,allez de douze à gauche puis montez de quatre-vingt-huit,-12,88
4271,allez de trente-six à gauche puis montez de quarante-neuf,-36,49
4272,allez de cent à gauche puis montez de quarante-neuf,-100,49
4273,allez de vingt-trois à gauche puis montez de quarante-neuf,-23,49
4274,allez de vingt-neuf à gauche puis montez de sept,-29,7
4275,allez de treize à gauche puis montez de seize,-13,16
4276,allez de trente et un à gauche puis montez de soixante et un,-31,61
4277,allez de quatre-vingt-six à gauche puis montez de soixante,-86,60
4278,allez de quatre-vingt-quatre à gauche puis montez de sept,-84,7
4279,allez de neuf à gauche puis montez de soixante-six,-9,66
4280,allez de quatorze à gauche puis montez de quatre-vingt-huit,-14,88
4281,allez de quinze à gauche puis montez de soixante-treize,-15,73
4282,allez de quatre-vingt-douze à gauche puis montez de trente-six,-92,36
4283,allez de vingt-huit à gauche puis montez de trente-cinq,-28,35
4284,allez de quatre-vingt-sept à gauche puis montez de soixante et onze,-87,71
4285,allez de quatre-vingt-dix-huit à gauche puis montez de soixante-quatre,-98,64
4286,allez de quarante à gauche puis montez de cinquante-neuf,-40,59
4287,allez de trente-deux à gauche puis montez de trente,-32,30
4288,allez de quarante à gauche puis montez de trente-six,-40,36
4289,allez de trente-deux à gauche puis montez de huit,-32,8
4290,allez de six à gauche puis montez de quatre-vingt-onze,-6,91
4291,allez de soixante et un à gauche puis montez de huit,-61,8
4292,allez de quatorze à gauche puis montez de quatre-vingt-quinze,-14,95
4293,allez de soixante-cinq à gauche puis montez de vingt-cinq,-65,25
4294,allez de soixante à gauche puis montez de soixante-dix,-60,70
4295,allez de trente-sept à gauche puis montez de vingt-huit,-37,28
4296,allez de soixante-dix-huit à gauche puis montez de vingt-neuf,-78,29
4297,allez de quarante-neuf à gauche puis montez de deux,-49,2
4298,allez de cinquante-sept à gauche puis montez de quarante-neuf,-57,49
4299,allez de quatre-vingt-sept à gauche puis montez de cinquante-quatre,-87,54
4300,allez de trente-neuf à gauche puis montez de cinquante-deux,-39,52
4301,allez de cinquante-huit à gauche puis montez de cinquante-cinq,-58,55
4302,allez de quatre-vingt-douze à gauche puis montez de soixante,-92,60
4303,allez de quatre-vingt-quatre à gauche puis montez de vingt-huit,-84,28
4304,allez de vingt-huit à gauche puis montez de quatre-vingt-dix-neuf,-28,99
4305,allez de douze à gauche puis montez de soixante-trois,-12,63
4306,allez de quatre-vingt-dix-huit à gauche puis montez de cinquante-trois,-98,53
4307,allez de quatre-vingt-neuf à gauche puis montez de soixante-treize,-89,73
4308,allez de vingt-quatre à gauche puis montez de quatre-vingts,-24,80
4309,allez de quatre-vingts à gauche puis montez de quarante-cinq,-80,45
4310,allez de un à gauche puis montez de trente-cinq,-1,35
4311,allez de trente à gauche puis montez de quatre-vingt-quatre,-30,84
4312,allez de dix à gauche puis montez de cinquante-six,-10,56
4313,allez de dix-sept à gauche puis montez de vingt-neuf,-17,29
4314,allez de quatre-vingt-quatre à gauche puis montez de dix,-84,10
4315,allez de quatre-vingt-neuf à gauche puis montez de trente-trois,-89,33
4316,allez de trente-quatre à gauche puis montez de soixante et onze,-34,71
4317,allez de dix-neuf à gauche puis montez de quarante-huit,-19,48
4318,allez de quatre-vingt-un à gauche puis montez de cinquante,-81,50
4319,allez de quatre-vingt-quinze à gauche puis montez de soixante-dix-huit,-95,78
4320,allez de quarante-deux à gauche puis montez de cinquante-quatre,-42,54
4321,allez de dix-sept à gauche puis montez de vingt-deux,-17,22
4322,allez de quatre-vingt-cinq à gauche puis montez de quarante-huit,-85,48
4323,allez de quatre-vingt-sept à gauche puis montez de soixante-neuf,-87,69
4324,allez de vingt à gauche puis montez de quarante-deux,-20,42
4325,allez de cinquante et un à gauche puis montez de vingt-six,-51,26
4326,allez de quatre-vingt-sept à gauche puis montez de douze,-87,12
4327,allez de quarante-huit à gauche puis montez de trente-six,-48,36
4328,allez de quatre-vingt-quatre à gauche puis montez de quatre-vingt-six,-84,86
4329,allez de cinquante-cinq à gauche puis montez de cinquante-huit,-55,58
4330,allez de cinquante-neuf à gauche puis montez de dix-huit,-59,18
4331,allez de trente-huit à gauche puis montez de quatre-vingt-un,-38,81
4332,allez de sept à gauche puis montez de vingt-huit,-7,28
4333,allez de quatre-vingt-trois à gauche puis montez de cinquante-trois,-83,53
4334,allez de quatre-vingt-dix à gauche puis montez de vingt et un,-90,21
4335,allez de trente à gauche puis montez de vingt-six,-30,26
4336,allez de quatre-vingt-quatre à gauche puis montez de vingt-deux,-84,22
4337,allez de quatre à gauche puis montez de sept,-4,7
4338,allez de trente-quatre à gauche puis montez de soixante-dix-sept,-34,77
4339,allez de quarante-cinq à gauche puis montez de six,-45,6
4340,allez de trente-quatre à gauche puis montez de vingt-sept,-34,27
4341,allez de soixante-six à gauche puis montez de soixante-quatorze,-66,74
4342,allez de sept à gauche puis montez de neuf,-7,9
4343,allez de quatre-vingt-seize à gauche puis montez de quarante-quatre,-96,44
4344,allez de cinquante-neuf à gauche puis montez de quarante-neuf,-59,49
4345,allez de vingt-huit à gauche puis montez de soixante-douze,-28,72
4346,allez de neuf à gauche puis montez de vingt-quatre,-9,24
4347,allez de douze à gauche puis montez de trente-quatre,-12,34
4348,allez de soixante-trois à gauche puis montez de soixante-six,-63,66
4349,allez de quatre-vingt-sept à gauche puis montez de vingt et un,-87,21
4350,allez de quatre-vingt-douze à gauche puis montez de quatre-vingts,-92,80
4351,allez de vingt-sept à gauche puis montez de soixante-quatre,-27,64
4352,allez de soixante-seize à gauche puis montez de quarante-six,-76,46
4353,allez de soixante-cinq à gauche puis montez de quarante,-65,40
4354,allez de vingt-neuf à gauche puis montez de quatre-vingts,-29,80
4355,allez de soixante à gauche puis montez de seize,-60,16
4356,allez de soixante-douze à gauche puis montez de vingt-neuf,-72,29
4357,allez de seize à gauche puis montez de quarante-sept,-16,47
4358,allez de quatre-vingt-sept à gauche puis montez de quarante-huit,-87,48
4359,allez de soixante-douze à gauche puis montez de soixante-cinq,-72,65
4360,allez de cinquante-sept à gauche puis montez de quarante-trois,-57,43
4361,allez de cent à gauche puis montez de quarante-cinq,-100,45
4362,allez de quatre-vingt-cinq à gauche puis montez de quatre-vingt-neuf,-85,89
4363,allez de vingt-deux à gauche puis montez de trente-neuf,-22,39
4364,allez de quatre-vingt-douze à gauche puis montez de vingt et un,-92,21
4365,allez de treize à gauche puis montez de quarante-huit,-13,48
4366,allez de soixante-quinze à gauche puis montez de soixante-dix-neuf,-75,79
4367,allez de neuf à gauche puis montez de vingt-neuf,-9,29
4368,allez de soixante-dix-neuf à gauche puis montez de onze,-79,11
4369,allez de cinquante à gauche puis montez de vingt-cinq,-50,25
4370,allez de soixante-six à gauche puis montez de soixante-douze,-66,72
4371,allez de trente-six à gauche puis montez de trente et un,-36,31
4372,allez de quatre-vingt-trois à gauche puis montez de neuf,-83,9
4373,allez de quatre-vingt-dix-neuf à gauche puis montez de soixante-quatre,-99,64
4374,allez de trois à gauche puis montez de quatre-vingt-dix-sept,-3,97
4375,allez de huit à gauche puis montez de cinquante-deux,-8,52
4376,allez de vingt-six à gauche puis montez de soixante et un,-26,61
4377,allez de quatre-vingt-dix-neuf à gauche puis montez de cinquante-huit,-99,58
4378,allez de cinq à gauche puis montez de quatre-vingt-onze,-5,91
4379,allez de quarante et un à gauche puis montez de quatre-vingt-six,-41,86
4380,allez de trente-huit à gauche puis montez de cinquante-sept,-38,57
4381,allez de quatre-vingts à gauche puis montez de neuf,-80,9
4382,allez de quarante-huit à gauche puis montez de quatre-vingt-un,-48,81
4383,allez de onze à gauche puis montez de cinquante-neuf,-11,59
4384,allez de sept à gauche puis montez de cent,-7,100
4385,allez de soixante-douze à gauche puis montez de vingt-huit,-72,28
4386,allez de cent à gauche puis montez de trente,-100,30
4387,allez de quatre-vingt-dix-huit à gauche puis montez de quarante,-98,40
4388,allez de quarante-huit à gauche puis montez de cinquante-huit,-48,58
4389,allez de quarante-huit à gauche puis montez de treize,-48,13
4390,allez de douze à gauche puis montez de cinquante-huit,-12,58
4391,allez de soixante à gauche puis montez de cinquante-six,-60,56
4392,allez de cent à gauche puis montez de quatre-vingt-deux,-100,82
4393,allez de soixante-dix-neuf à gauche puis montez de quarante-trois,-79,43
4394,allez de vingt-huit à gauche puis montez de vingt-deux,-28,22
4395,allez de dix-huit à gauche puis montez de cent,-18,100
4396,allez de quatre-vingt-dix à gauche puis montez de huit,-90,8
4397,allez de un à gauche puis montez de vingt-quatre,-1,24
4398,allez de cinq à gauche puis montez de quatre,-5,4
4399,allez de quarante-quatre à gauche puis montez de cinquante-quatre,-44,54
4400,allez de cinquante à gauche puis montez de trente-trois,-50,33
4401,allez de trente-huit à gauche puis montez de quarante-quatre,-38,44
4402,allez de quarante-trois à gauche puis montez de soixante-cinq,-43,65
4403,allez de quatre-vingt-neuf à gauche puis montez de soixante et onze,-89,71
4404,allez de quatre-vingt-trois à gauche puis montez de vingt-cinq,-83,25
4405,allez de quarante-six à gauche puis montez de cinquante-neuf,-46,59
4406,allez de soixante-douze à gauche puis montez de quatorze,-72,14
4407,allez de cinquante-huit à gauche puis montez de vingt-deux,-58,22
4408,allez de soixante-huit à gauche puis montez de soixante-quatorze,-68,74
4409,allez de neuf à gauche puis montez de soixante-quinze,-9,75
4410,allez de quarante-sept à gauche puis montez de cinquante-sept,-47,57
4411,allez de soixante-neuf à gauche puis montez de quarante-huit,-69,48
4412,allez de quatre-vingt-dix-neuf à gauche puis montez de cinquante,-99,50
4413,allez de quatre-vingt-neuf à gauche puis montez de cinquante-sept,-89,57
4414,allez de huit à gauche puis montez de vingt,-8,20
4415,allez de cent à gauche puis montez de soixante-huit,-100,68
4416,allez de vingt-quatre à gauche puis montez de soixante-deux,-24,62
4417,allez de quarante-neuf à gauche puis montez de dix-huit,-49,18
4418,allez de quatre-vingt-seize à gauche puis montez de vingt-huit,-96,28
4419,allez de dix-neuf à gauche puis montez de soixante-dix-sept,-19,77
4420,allez de quatre-vingt-trois à gauche puis montez de quatre-vingt-seize,-83,96
4421,allez de quarante-cinq à gauche puis montez de trois,-45,3
4422,allez de cinquante-deux à gauche puis montez de cinquante-sept,-52,57
4423,allez de quatre-vingt-trois à gauche puis montez de quatre-vingt-treize,-83,93
4424,allez de soixante-dix-neuf à gauche puis montez de soixante-dix,-79,70
4425,allez de trente et un à gauche puis montez de dix-neuf,-31,19
4426,allez de seize à gauche puis montez de dix,-16,10
4427,allez de soixante et un à gauche puis montez de cinquante et un,-61,51
4428,allez de quarante-cinq à gauche puis montez de cinquante-trois,-45,53
4429,allez de quatre-vingt-dix-neuf à gauche puis montez de quarante,-99,40
4430,allez de trente et un à gauche puis montez de vingt-quatre,-31,24
4431,allez de cent à gauche puis montez de quatre-vingt-seize,-100,96
4432,allez de quatre-vingt-onze à gauche puis montez de neuf,-91,9
4433,allez de trente-six à gauche puis montez de huit,-36,8
4434,allez de trente-sept à gauche puis montez de huit,-37,8
4435,allez de cinquante-neuf à gauche puis montez de quatre,-59,4
4436,allez de cinquante-huit à gauche puis montez de quatre-vingt-cinq,-58,85
4437,allez de quarante à gauche puis montez de soixante-dix-huit,-40,78
4438,allez de quatre-vingt-six à gauche puis montez de quatre-vingt-dix-huit,-86,98
4439,allez de quatorze à gauche puis montez de onze,-14,11
4440,allez de quarante-sept à gauche puis montez de trente-neuf,-47,39
4441,allez de seize à gauche puis montez de quatre-vingt-onze,-16,91
4442,allez de deux à gauche puis montez de quatre-vingt-quinze,-2,95
4443,allez de vingt-deux à gauche puis montez de vingt et un,-22,21
4444,allez de vingt-cinq à gauche puis montez de quarante-deux,-25,42
4445,allez de huit à gauche puis montez de trente et un,-8,31
4446,allez de quarante et un à gauche puis montez de vingt-cinq,-41,25
4447,allez de soixante-cinq à gauche puis montez de quatre-vingt-douze,-65,92
4448,allez de vingt-quatre à gauche puis montez de vingt,-24,20
4449,allez de quatre-vingt-six à gauche puis montez de quatre-vingt-dix,-86,90
4450,allez de vingt-cinq à gauche puis montez de soixante-douze,-25,72
4451,allez de soixante-deux à gauche puis montez de trente et un,-62,31
4452,allez de quinze à gauche puis montez de quarante-neuf,-15,49
4453,allez de trente-six à gauche puis montez de cinq,-36,5
4454,allez de soixante-sept à gauche puis montez de trente,-67,30
4455,allez de dix-huit à gauche puis montez de quatorze,-18,14
4456,allez de quarante-quatre à gauche puis montez de quatre-vingt-cinq,-44,85
4457,allez de quarante-trois à gauche puis montez de cinquante,-43,50
4458,allez de soixante à gauche puis montez de cinquante-quatre,-60,54
4459,allez de quatre-vingt-sept à gauche puis montez de dix-neuf,-87,19
4460,allez de sept à gauche puis montez de quarante-cinq,-7,45
4461,allez de quatre-vingt-deux à gauche puis montez de soixante et un,-82,61
4462,allez de seize à gauche puis montez de cinquante-sept,-16,57
4463,allez de quatre-vingt-huit à gauche puis montez de cinquante-six,-88,56
4464,allez de dix-huit à gauche puis montez de vingt-sept,-18,27
4465,allez de douze à gauche puis montez de seize,-12,16
4466,allez de un à gauche puis montez de trente-trois,-1,33
4467,allez de vingt-neuf à gauche puis montez de cinq,-29,5
4468,allez de quarante-quatre à gauche puis montez de quarante,-44,40
4469,allez de quarante-six à gauche puis montez de quatre-vingt-un,-46,81
4470,allez de quarante-sept à gauche puis montez de trente-cinq,-47,35
4471,allez de quarante à gauche puis montez de quatre-vingt-seize,-40,96
4472,allez de quatre-vingt-quatorze à gauche puis montez de vingt-neuf,-94,29
4473,allez de quatre-vingt-sept à gauche puis montez de vingt-cinq,-87,25
4474,allez de soixante-douze à gauche puis montez de quatre-vingt-huit,-72,88
4475,allez de quatre-vingt-quinze à gauche puis montez de trente-trois,-95,33
4476,allez de quatre-vingt-quinze à gauche puis montez de cinquante-sept,-95,57
4477,allez de neuf à gauche puis montez de trente-six,-9,36
4478,allez de quatre-vingt-quinze à gauche puis montez de quarante-deux,-95,42
4479,allez de quatre-vingts à gauche puis montez de dix-huit,-80,18
4480,allez de quinze à gauche puis montez de soixante-quatorze,-15,74
4481,allez de soixante-trois à gauche puis montez de quatre-vingt-un,-63,81
4482,allez de cinquante-neuf à gauche puis montez de soixante-dix,-59,70
4483,allez de trente-huit à gauche puis montez de vingt-cinq,-38,25
4484,allez de quatre-vingt-neuf à gauche puis montez de quatre-vingt-huit,-89,88
4485,allez de quatre-vingt-douze à gauche puis montez de trente-huit,-92,38
4486,allez de soixante-dix à gauche puis montez de dix,-70,10
4487,allez de vingt-huit à gauche puis montez de dix-huit,-28,18
4488,allez de un à gauche puis montez de quatre-vingt-seize,-1,96
4489,allez de soixante-deux à gauche puis montez de quatre-vingt-treize,-62,93
4490,allez de quarante-cinq à gauche puis montez de quatre-vingt-sept,-45,87
4491,allez de quarante-neuf à gauche puis montez de quatre-vingt-trois,-49,83
4492,allez de quatre-vingt-douze à gauche puis montez de vingt-cinq,-92,25
4493,allez de soixante-trois à gauche puis montez de quatre-vingt-neuf,-63,89
4494,allez de dix-huit à gauche puis montez de quatre-vingts,-18,80
4495,allez de vingt-trois à gauche puis montez de soixante-trois,-23,63
4496,allez de quatre-vingt-quinze à gauche puis montez de quatre-vingt-dix-sept,-95,97
4497,allez de soixante-quatorze à gauche puis montez de soixante-seize,-74,76
4498,allez de soixante-quinze à gauche puis montez de cinquante-quatre,-75,54
4499,allez de vingt-huit à gauche puis montez de cinquante-neuf,-28,59
4500,allez de dix-sept à gauche puis montez de quatre-vingt-quinze,-17,95
4501,allez de cinquante-quatre à gauche puis montez de soixante et un,-54,61
4502,allez de cinquante-quatre à gauche puis montez de quarante,-54,40
4503,allez de quatre-vingt-neuf à gauche puis montez de trente-deux,-89,32
4504,allez de quatre-vingt-trois à gauche puis montez de trois,-83,3
4505,allez de vingt et un à gauche puis montez de vingt-trois,-21,23
4506,allez de trois à gauche puis montez de soixante-dix-huit,-3,78
4507,allez de quatre-vingt-cinq à gauche puis montez de soixante-huit,-85,68
4508,allez de soixante-cinq à gauche puis montez de neuf,-65,9
4509,allez de neuf à gauche puis montez de quatre-vingt-onze,-9,91
4510,allez de quatre-vingts à gauche puis montez de soixante-dix,-80,70
4511,allez de trente-neuf à gauche puis montez de soixante-douze,-39,72
4512,allez de soixante-quinze à gauche puis montez de vingt,-75,20
4513,allez de quatre-vingt-quatorze à gauche puis montez de cinquante-neuf,-94,59
4514,allez de douze à gauche puis montez de vingt-deux,-12,22
4515,allez de cinq à gauche puis montez de soixante-douze,-5,72
4516,allez de soixante-quinze à gauche puis montez de cinq,-75,5
4517,allez de cinquante-six à gauche puis montez de cinquante-cinq,-56,55
4518,allez de quatre-vingt-onze à gauche puis montez de quatre-vingts,-91,80
4519,allez de cinquante-deux à gauche puis montez de vingt-quatre,-52,24
4520,allez de vingt-quatre à gauche puis montez de huit,-24,8
4521,allez de six à gauche puis montez de vingt-cinq,-6,25
4522,allez de quatre-vingt-cinq à gauche puis montez de soixante-sept,-85,67
4523,allez de quatre-vingt-trois à gauche puis montez de vingt-trois,-83,23
4524,allez de soixante-dix à gauche puis montez de quarante-sept,-70,47
4525,allez de quatre-vingt-sept à gauche puis montez de quarante-neuf,-87,49
4526,allez de soixante-dix-neuf à gauche puis montez de quarante-neuf,-79,49
4527,allez de vingt-six à gauche puis montez de soixante-trois,-26,63
4528,allez de quarante-cinq à gauche puis montez de quatre,-45,4
4529,allez de cinquante-deux à gauche puis montez de cinquante,-52,50
4530,allez de six à gauche puis montez de soixante-dix-neuf,-6,79
4531,allez de soixante-deux à gauche puis montez de vingt-six,-62,26
4532,allez de vingt-trois à gauche puis montez de soixante-six,-23,66
4533,allez de quarante-quatre à gauche puis montez de huit,-44,8
4534,allez de quatre-vingt-dix à gauche puis montez de cinquante-trois,-90,53
4535,allez de cinquante-cinq à gauche puis montez de soixante-quatre,-55,64
4536,allez de vingt et un à gauche puis montez de quatre-vingt-trois,-21,83
4537,allez de trente-deux à gauche puis montez de vingt-six,-32,26
4538,allez de quarante-six à gauche puis montez de quarante,-46,40
4539,allez de cinquante-neuf à gauche puis montez de quarante et un,-59,41
4540,allez de soixante-treize à gauche puis montez de vingt-six,-73,26
4541,allez de cinq à gauche puis montez de trente-cinq,-5,35
4542,allez de cinquante-six à gauche puis montez de soixante-dix,-56,70
4543,allez de huit à gauche puis montez de soixante-seize,-8,76
4544,allez de trente-trois à gauche puis montez de soixante-seize,-33,76
4545,allez de douze à gauche puis montez de quatre,-12,4
4546,allez de six à gauche puis montez de huit,-6,8
4547,allez de quatre-vingt-six à gauche puis montez de soixante-six,-86,66
4548,allez de quatre-vingt-dix-sept à gauche puis montez de soixante-six,-97,66
4549,allez de cinquante-cinq à gauche puis montez de soixante et un,-55,61
4550,allez de trente et un à gauche puis montez de soixante-trois,-31,63
4551,allez de vingt à gauche puis montez de dix-neuf,-20,19
4552,allez de quatre-vingt-treize à gauche puis montez de cinquante-huit,-93,58
4553,allez de quatre-vingt-quatorze à gauche puis montez de quatre,-94,4
4554,allez de vingt à gauche puis montez de cinquante et un,-20,51
4555,allez de neuf à gauche puis montez de quatre-vingt-six,-9,86
4556,allez de neuf à gauche puis montez de quatre-vingt-onze,-9,91
4557,allez de vingt-huit à gauche puis montez de quarante-quatre,-28,44
4558,allez de soixante-trois à gauche puis montez de trente-cinq,-63,35
4559,allez de quatre-vingt-six à gauche puis montez de soixante-neuf,-86,69
4560,allez de soixante-sept à gauche puis montez de vingt et un,-67,21
4561,allez de cinquante-huit à gauche puis montez de vingt,-58,20
4562,allez de trente-neuf à gauche puis montez de soixante,-39,60
4563,allez de cinquante-deux à gauche puis montez de dix-huit,-52,18
4564,allez de quarante à gauche puis montez de trente-quatre,-40,34
4565,allez de cinquante-deux à gauche puis montez de quarante-neuf,-52,49
4566,allez de quarante-sept à gauche puis montez de cinquante-neuf,-47,59
4567,allez de quatre-vingt-dix-huit à gauche puis montez de cinquante-sept,-98,57
4568,allez de un à gauche puis montez de quarante-huit,-1,48
4569,allez de vingt-neuf à gauche puis montez de quatre-vingt-quatre,-29,84
4570,allez de soixante-dix à gauche puis montez de quarante-trois,-70,43
4571,allez de trente-six à gauche puis montez de vingt-huit,-36,28
4572,allez de vingt-deux à gauche puis montez de trente-sept,-22,37
4573,allez de cinquante-huit à gauche puis montez de douze,-58,12
4574,allez de quatre-vingt-quinze à gauche puis montez de quarante-cinq,-95,45
4575,allez de dix à gauche puis montez de cinquante-six,-10,56
4576,allez de seize à gauche puis montez de quatre-vingt-quinze,-16,95
4577,allez de soixante-huit à gauche puis montez de soixante-douze,-68,72
4578,allez de soixante-six à gauche puis montez de soixante et un,-66,61
4579,allez de cinquante et un à gauche puis montez de quatre-vingt-quatre,-51,84
4580,allez de cinquante à gauche puis montez de soixante-dix,-50,70
4581,allez de trente-huit à gauche puis montez de cinquante-cinq,-38,55
4582,allez de cent à gauche puis montez de cinquante-six,-100,56
4583,allez de trente-cinq à gauche puis montez de vingt,-35,20
4584,allez de trente-sept à gauche puis montez de quarante,-37,40
4585,allez de vingt-neuf à gauche puis montez de dix-sept,-29,17
4586,allez de soixante-dix-huit à gauche puis montez de neuf,-78,9
4587,allez de onze à gauche puis montez de vingt-quatre,-11,24
4588,allez de quatre-vingt-six à gauche puis montez de trente et un,-86,31
4589,allez de soixante-neuf à gauche puis montez de soixante-sept,-69,67
4590,allez de trente-huit à gauche puis montez de quarante,-38,40
4591,allez de vingt-neuf à gauche puis montez de cinquante-trois,-29,53
4592,allez de neuf à gauche puis montez de quatre-vingt-seize,-9,96
4593,allez de quarante-cinq à gauche puis montez de cinquante-quatre,-45,54
4594,allez de cinquante-neuf à gauche puis montez de quatre-vingt-huit,-59,88
4595,allez de soixante-dix-huit à gauche puis montez de cent,-78,100
4596,allez de quatre-vingt-onze à gauche puis montez de trente-quatre,-91,34
4597,allez de quatre-vingt-neuf à gauche puis montez de trente,-89,30
4598,allez de quarante-cinq à gauche puis montez de soixante-seize,-45,76
4599,allez de quatre-vingts à gauche puis montez de cinquante-six,-80,56
4600,allez de quatre-vingt-douze à gauche puis montez de quarante-cinq,-92,45
4601,allez de vingt et un à gauche puis montez de soixante-dix-neuf,-21,79
4602,allez de vingt-huit à gauche puis montez de six,-28,6
4603,allez de quatre-vingt-un à gauche puis montez de cinquante et un,-81,51
4604,allez de quatre-vingt-neuf à gauche puis montez de cinquante et un,-89,51
4605,allez de cinquante-deux à gauche puis montez de cinquante-neuf,-52,59
4606,allez de soixante-sept à gauche puis montez de quatre-vingts,-67,80
4607,allez de douze à gauche puis montez de treize,-12,13
4608,allez de trente-cinq à gauche puis montez de cinq,-35,5
4609,allez de quarante-cinq à gauche puis montez de soixante-huit,-45,68
4610,allez de vingt-quatre à gauche puis montez de soixante-six,-24,66
4611,allez de quatre-vingt-treize à gauche puis montez de quarante-trois,-93,43
4612,allez de soixante-deux à gauche puis montez de quarante-trois,-62,43
4613,allez de quatre-vingt-neuf à gauche puis montez de soixante-treize,-89,73
4614,allez de soixante-trois à gauche puis montez de cinquante-huit,-63,58
4615,allez de soixante-quinze à gauche puis montez de vingt-cinq,-75,25
4616,allez de soixante-douze à gauche puis montez de quatre-vingt-dix,-72,90
4617,allez de vingt à gauche puis montez de trente,-20,30
4618,allez de trente et un à gauche puis montez de vingt-quatre,-31,24
4619,allez de douze à gauche puis montez de vingt-deux,-12,22
4620,allez de quatre-vingts à gauche puis montez de soixante et un,-80,61
4621,allez de quatre-vingt-seize à gauche puis montez de vingt-quatre,-96,24
4622,allez de quatre à gauche puis montez de vingt-trois,-4,23
4623,allez de quatorze à gauche puis montez de quatre-vingt-un,-14,81
4624,allez de soixante-sept à gauche puis montez de quatre-vingt-onze,-67,91
4625,allez de quarante-cinq à gauche puis montez de quatre-vingt-un,-45,81
4626,allez de trente à gauche puis montez de vingt-six,-30,26
4627,allez de quatre-vingt-quatorze à gauche puis montez de vingt-cinq,-94,25
4628,allez de quatre-vingt-dix-huit à gauche puis montez de quatre-vingt-dix-neuf,-98,99
4629,allez de cinquante-neuf à gauche puis montez de soixante-trois,-59,63
4630,allez de cinquante et un à gauche puis montez de soixante-deux,-51,62
4631,allez de quatre-vingt-quatorze à gauche puis montez de vingt-quatre,-94,24
4632,allez de trente-cinq à gauche puis montez de quatre-vingt-dix,-35,90
4633,allez de cinquante-huit à gauche puis montez de soixante-neuf,-58,69
4634,allez de cent à gauche puis montez de cent,-100,100
4635,allez de cinquante-neuf à gauche puis montez de cinquante-quatre,-59,54
4636,allez de quatre-vingt-trois à gauche puis montez de dix-huit,-83,18
4637,allez de cinquante-sept à gauche puis montez de quatre-vingts,-57,80
4638,allez de cinquante-sept à gauche puis montez de vingt-huit,-57,28
4639,allez de soixante-cinq à gauche puis montez de vingt-huit,-65,28
4640,allez de dix-huit à gauche puis montez de douze,-18,12
4641,allez de quarante-huit à gauche puis montez de trente-sept,-48,37
4642,allez de trente-six à gauche puis montez de onze,-36,11
4643,allez de quarante-quatre à gauche puis montez de soixante-cinq,-44,65
4644,allez de quatre-vingt-quatorze à gauche puis montez de neuf,-94,9
4645,allez de quarante-sept à gauche puis montez de vingt,-47,20
4646,allez de trente à gauche puis montez de dix-neuf,-30,19
4647,allez de cinquante-neuf à gauche puis montez de quatre-vingt-un,-59,81
4648,allez de cinquante-huit à gauche puis montez de vingt-huit,-58,28
4649,allez de quatre-vingt-onze à gauche puis montez de vingt-neuf,-91,29
4650,allez de trente-six à gauche puis montez de quatre-vingt-cinq,-36,85
4651,allez de quarante à gauche puis montez de trente-six,-40,36
4652,allez de quinze à gauche puis montez de quarante-quatre,-15,44
4653,allez de un à gauche puis montez de cinquante-six,-1,56
4654,allez de trente-huit à gauche puis montez de trente-sept,-38,37
4655,allez de cinquante-sept à gauche puis montez de quatre-vingt-dix,-57,90
4656,allez de quatre-vingt-onze à gauche puis montez de soixante-six,-91,66
4657,allez de quatre-vingt-un à gauche puis montez de quatre-vingt-dix-sept,-81,97
4658,allez de cinquante-huit à gauche puis montez de cent,-58,100
4659,allez de quatre-vingt-douze à gauche puis montez de quatre-vingt-quinze,-92,95
4660,allez de quarante-sept à gauche puis montez de vingt-neuf,-47,29
4661,allez de treize à gauche puis montez de quatre-vingt-quinze,-13,95
4662,allez de trente et un à gauche puis montez de quarante-huit,-31,48
4663,allez de douze à gauche puis montez de vingt-deux,-12,22
4664,allez de quatre-vingts à gauche puis montez de soixante-dix-neuf,-80,79
4665,allez de soixante-quatorze à gauche puis montez de six,-74,6
4666,allez de quatre-vingt-quatre à gauche puis montez de soixante-huit,-84,68
4667,allez de quarante et un à gauche puis montez de quatre-vingt-deux,-41,82
4668,allez de cinquante-cinq à gauche puis montez de quarante-neuf,-55,49
4669,allez de treize à gauche puis montez de quarante-trois,-13,43
4670,allez de vingt et un à gauche puis montez de vingt,-21,20
4671,allez de quatre-vingt-dix-neuf à gauche puis montez de cinquante-quatre,-99,54
4672,allez de vingt et un à gauche puis montez de soixante-quatorze,-21,74
4673,allez de cinquante-huit à gauche puis montez de cinq,-58,5
4674,allez de dix-sept à gauche puis montez de vingt-trois,-17,23
4675,allez de quatre-vingt-dix à gauche puis montez de quatre-vingt-douze,-90,92
4676,allez de quarante-cinq à gauche puis montez de trente-sept,-45,37
4677,allez de quatre-vingt-dix-neuf à gauche puis montez de soixante-sept,-99,67
4678,allez de quatre-vingt-dix-huit à gauche puis montez de cinquante-deux,-98,52
4679,allez de quarante-six à gauche puis montez de dix-huit,-46,18
4680,allez de quarante-neuf à gauche puis montez de soixante-dix-sept,-49,77
4681,allez de quatre-vingt-trois à gauche puis montez de onze,-83,11
4682,allez de soixante à gauche puis montez de onze,-60,11
4683,allez de soixante-dix-neuf à gauche puis montez de vingt-neuf,-79,29
4684,allez de soixante-six à gauche puis montez de quatre-vingt-dix-neuf,-66,99
4685,allez de quatre-vingt-dix à gauche puis montez de cinquante-six,-90,56
4686,allez de dix-sept à gauche puis montez de quatre-vingt-quinze,-17,95
4687,allez de soixante-dix-neuf à gauche puis montez de soixante-quinze,-79,75
4688,allez de soixante-dix-sept à gauche puis montez de douze,-77,12
4689,allez de cinquante-huit à gauche puis montez de cinq,-58,5
4690,allez de vingt et un à gauche puis montez de trente et un,-21,31
4691,allez de cinquante-six à gauche puis montez de quatre-vingt-dix-sept,-56,97
4692,allez de quatre à gauche puis montez de quatre-vingt-trois,-4,83
4693,allez de cent à gauche puis montez de trente et un,-100,31
4694,allez de quarante à gauche puis montez de cinquante-neuf,-40,59
4695,allez de vingt et un à gauche puis montez de trente-sept,-21,37
4696,allez de quatre-vingts à gauche puis montez de treize,-80,13
4697,allez de soixante-cinq à gauche puis montez de vingt,-65,20
4698,allez de quatre à gauche puis montez de six,-4,6
4699,allez de soixante à gauche puis montez de soixante-treize,-60,73
4700,allez de vingt-huit à gauche puis montez de soixante et un,-28,61
4701,allez de cinquante et un à gauche puis montez de quatre-vingt-quinze,-51,95
4702,allez de vingt-deux à gauche puis montez de vingt,-22,20
4703,allez de trente et un à gauche puis montez de quarante-quatre,-31,44
4704,allez de soixante-neuf à gauche puis montez de quatre-vingt-un,-69,81
4705,allez de quarante-sept à gauche puis montez de soixante-quinze,-47,75
4706,allez de cinquante-neuf à gauche puis montez de quatre-vingt-huit,-59,88
4707,allez de quatre-vingt-quatorze à gauche puis montez de huit,-94,8
4708,allez de soixante à gauche puis montez de vingt-trois,-60,23
4709,allez de soixante et onze à gauche puis montez de cinquante-huit,-71,58
4710,allez de quatre-vingt-quatorze à gauche puis montez de quatre-vingt-douze,-94,92
4711,allez de soixante-cinq à gauche puis montez de vingt-sept,-65,27
4712,allez de quarante-neuf à gauche puis montez de vingt-huit,-49,28
4713,allez de soixante-dix-huit à gauche puis montez de soixante-cinq,-78,65
4714,allez de quatre-vingts à gauche puis montez de trente-cinq,-80,35
4715,allez de quatorze à gauche puis montez de quatre-vingt-trois,-14,83
4716,allez de quatre-vingts à gauche puis montez de trente-cinq,-80,35
4717,allez de vingt-six à gauche puis montez de soixante-quatorze,-26,74
4718,allez de cinq à gauche puis montez de vingt-deux,-5,22
4719,allez de quarante à gauche puis montez de vingt et un,-40,21
4720,allez de soixante-dix-neuf à gauche puis montez de cinquante-sept,-79,57
4721,allez de quatre-vingt-seize à gauche puis montez de cinquante-huit,-96,58
4722,allez de quatre-vingt-seize à gauche puis montez de six,-96,6
4723,allez de quarante-sept à gauche puis montez de quatre-vingt-quatorze,-47,94
4724,allez de trente-trois à gauche puis montez de dix-sept,-33,17
4725,allez de soixante-trois à gauche puis montez de cinquante-sept,-63,57
4726,allez de soixante à gauche puis montez de trente,-60,30
4727,allez de quatorze à gauche puis montez de dix-neuf,-14,19
4728,allez de trente-quatre à gauche puis montez de quatre-vingt-quatorze,-34,94
4729,allez de cinquante-cinq à gauche puis montez de deux,-55,2
4730,allez de cinquante-sept à gauche puis montez de quatre-vingt-seize,-57,96
4731,allez de cinquante-sept à gauche puis montez de cent,-57,100
4732,allez de trente-deux à gauche puis montez de quatre-vingt-neuf,-32,89
4733,allez de quatre-vingt-huit à gauche puis montez de trente,-88,30
4734,allez de dix à gauche puis montez de quatre-vingts,-10,80
4735,allez de quarante-quatre à gauche puis montez de quarante-deux,-44,42
4736,allez de soixante-treize à gauche puis montez de quatre-vingt-dix,-73,90
4737,allez de vingt-cinq à gauche puis montez de cinq,-25,5
4738,allez de quatre-vingt-neuf à gauche puis montez de trente-sept,-89,37
4739,allez de soixante-seize à gauche puis montez de quarante-trois,-76,43
4740,allez de vingt-cinq à gauche puis montez de cinquante et un,-25,51
4741,allez de vingt-six à gauche puis montez de vingt-huit,-26,28
4742,allez de soixante-treize à gauche puis montez de quatre-vingt-quinze,-73,95
4743,allez de soixante et un à gauche puis montez de quatre-vingt-treize,-61,93
4744,allez de soixante-six à gauche puis montez de quatre-vingt-dix,-66,90
4745,allez de soixante-huit à gauche puis montez de soixante et un,-68,61
4746,allez de quatre-vingts à gauche puis montez de quatre,-80,4
4747,allez de soixante-dix-neuf à gauche puis montez de treize,-79,13
4748,allez de vingt-quatre à gauche puis montez de quatre-vingt-treize,-24,93
4749,allez de un à gauche puis montez de soixante-dix-neuf,-1,79
4750,allez de cinq à gauche puis montez de quarante-neuf,-5,49
4751,allez de soixante-quatorze à gauche puis montez de cinquante-huit,-74,58
4752,allez de soixante-quinze à gauche puis montez de dix,-75,10
4753,allez de douze à gauche puis montez de quarante-quatre,-12,44
4754,allez de quatre-vingt-deux à gauche puis montez de dix-neuf,-82,19
4755,allez de vingt-quatre à gauche puis montez de quarante-cinq,-24,45
4756,allez de quatorze à gauche puis montez de quarante-quatre,-14,44
4757,allez de quinze à gauche puis montez de cinquante-six,-15,56
4758,allez de sept à gauche puis montez de soixante-quatre,-7,64
4759,allez de soixante-sept à gauche puis montez de six,-67,6
4760,allez de quarante-deux à gauche puis montez de vingt et un,-42,21
4761,allez de quatre-vingt-trois à gauche puis montez de trois,-83,3
4762,allez de quatre-vingt-quatorze à gauche puis montez de cinq,-94,5
4763,allez de vingt-huit à gauche puis montez de soixante-cinq,-28,65
4764,allez de cinquante-deux à gauche puis montez de soixante-neuf,-52,69
4765,allez de quarante-deux à gauche puis montez de soixante-huit,-42,68
4766,allez de quarante à gauche puis montez de quatre-vingt-dix-neuf,-40,99
4767,allez de vingt-deux à gauche puis montez de sept,-22,7
4768,allez de quatre-vingt-quatre à gauche puis montez de quatre,-84,4
4769,allez de quatre-vingt-quatre à gauche puis montez de cinq,-84,5
4770,allez de trente-quatre à gauche puis montez de vingt-six,-34,26
4771,allez de quatre-vingt-neuf à gauche puis montez de dix,-89,10
4772,allez de trente et un à gauche puis montez de vingt,-31,20
4773,allez de quatre-vingt-dix à gauche puis montez de soixante-cinq,-90,65
4774,allez de soixante-dix à gauche puis montez de sept,-70,7
4775,allez de quarante-neuf à gauche puis montez de soixante-seize,-49,76
4776,allez de treize à gauche puis montez de vingt-quatre,-13,24
4777,allez de vingt-six à gauche puis montez de quarante,-26,40
4778,allez de soixante-dix à gauche puis montez de cinquante-huit,-70,58
4779,allez de trois à gauche puis montez de quatre-vingts,-3,80
4780,allez de deux à gauche puis montez de quatre-vingt-trois,-2,83
4781,allez de quatre-vingt-sept à gauche puis montez de cinquante-huit,-87,58
4782,allez de trente-cinq à gauche puis montez de soixante-dix-huit,-35,78
4783,allez de quatre-vingt-quatre à gauche puis montez de quatre-vingt-seize,-84,96
4784,allez de huit à gauche puis montez de cinquante-deux,-8,52
4785,allez de quarante-neuf à gauche puis montez de soixante-dix-sept,-49,77
4786,allez de quarante-quatre à gauche puis montez de dix-huit,-44,18
4787,allez de quatre-vingt-quatorze à gauche puis montez de soixante-quatre,-94,64
4788,allez de neuf à gauche puis montez de dix-neuf,-9,19
4789,allez de cent à gauche puis montez de vingt-neuf,-100,29
4790,allez de quatre-vingt-trois à gauche puis montez de neuf,-83,9
4791,allez de soixante et onze à gauche puis montez de quarante-trois,-71,43
4792,allez de quarante-deux à gauche puis montez de quatre-vingt-quinze,-42,95
4793,allez de onze à gauche puis montez de trente,-11,30
4794,allez de cinquante-huit à gauche puis montez de vingt-trois,-58,23
4795,allez de cent à gauche puis montez de dix,-100,10
4796,allez de quarante-deux à gauche puis montez de trente et un,-42,31
4797,allez de trois à gauche puis montez de trente-huit,-3,38
4798,allez de quatre-vingt-treize à gauche puis montez de dix-huit,-93,18
4799,allez de vingt-six à gauche puis montez de cinquante-deux,-26,52
4800,allez de quatre-vingt-huit à gauche puis montez de cinquante-cinq,-88,55
4801,allez de dix-huit à gauche puis montez de quarante-neuf,-18,49
4802,allez de soixante-sept à gauche puis montez de quatre-vingt-cinq,-67,85
4803,allez de cinquante-huit à gauche puis montez de quatre-vingt-seize,-58,96
4804,allez de vingt-deux à gauche puis montez de quatre-vingt-six,-22,86
4805,allez de quarante-deux à gauche puis montez de quatre-vingt-trois,-42,83
4806,allez de trente-huit à gauche puis montez de soixante-huit,-38,68
4807,allez de soixante-huit à gauche puis montez de quatre-vingt-dix-huit,-68,98
4808,allez de quatre-vingt-un à gauche puis montez de trente-trois,-81,33
4809,allez de un à gauche puis montez de soixante et onze,-1,71
4810,allez de quatre-vingt-neuf à gauche puis montez de soixante-cinq,-89,65
4811,allez de vingt-sept à gauche puis montez de dix-huit,-27,18
4812,allez de trente-cinq à gauche puis montez de quatre-vingts,-35,80
4813,allez de quatre-vingts à gauche puis montez de soixante-huit,-80,68
4814,allez de soixante à gauche puis montez de quatre-vingt-un,-60,81
4815,allez de soixante-quinze à gauche puis montez de vingt-huit,-75,28
4816,allez de un à gauche puis montez de vingt,-1,20
4817,allez de trente et un à gauche puis montez de quatre,-31,4
4818,allez de neuf à gauche puis montez de quatre-vingt-neuf,-9,89
4819,allez de soixante-seize à gauche puis montez de vingt-deux,-76,22
4820,allez de quatre-vingt-neuf à gauche puis montez de soixante-dix-sept,-89,77
4821,allez de quarante-cinq à gauche puis montez de quarante,-45,40
4822,allez de vingt et un à gauche puis montez de cinquante-neuf,-21,59
4823,allez de quarante-trois à gauche puis montez de soixante-huit,-43,68
4824,allez de quatre-vingts à gauche puis montez de cinquante-huit,-80,58
4825,allez de quatre-vingt-dix à gauche puis montez de huit,-90,8
4826,allez de dix à gauche puis montez de quatre-vingt-huit,-10,88
4827,allez de trente-quatre à gauche puis montez de vingt-sept,-34,27
4828,allez de quatre-vingt-un à gauche puis montez de soixante-dix-huit,-81,78
4829,allez de quatre-vingt-sept à gauche puis montez de quarante-neuf,-87,49
4830,allez de quarante-neuf à gauche puis montez de trente-quatre,-49,34
4831,allez de dix-sept à gauche puis montez de quarante-six,-17,46
4832,allez de onze à gauche puis montez de cinquante-trois,-11,53
4833,allez de quarante-sept à gauche puis montez de vingt-sept,-47,27
4834,allez de soixante-trois à gauche puis montez de trente,-63,30
4835,allez de vingt et un à gauche puis montez de quatre-vingt-huit,-21,88
4836,allez de soixante-trois à gauche puis montez de quatre-vingt-douze,-63,92
4837,allez de onze à gauche puis montez de soixante-dix-huit,-11,78
4838,allez de six à gauche puis montez de dix-sept,-6,17
4839,allez de cinquante-deux à gauche puis montez de quatre-vingt-un,-52,81
4840,allez de trente-sept à gauche puis montez de cinquante-neuf,-37,59
4841,allez de quatre-vingt-treize à gauche puis montez de trente-cinq,-93,35
4842,allez de vingt-trois à gauche puis montez de soixante-quatre,-23,64
4843,allez de quarante-six à gauche puis montez de trente-cinq,-46,35
4844,allez de deux à gauche puis montez de vingt-six,-2,26
4845,allez de quarante-huit à gauche puis montez de trente,-48,30
4846,allez de quatre-vingt-cinq à gauche puis montez de cinquante-huit,-85,58
4847,allez de quinze à gauche puis montez de quarante-neuf,-15,49
4848,allez de soixante-deux à gauche puis montez de quarante-neuf,-62,49
4849,allez de vingt à gauche puis montez de quatre-vingt-seize,-20,96
4850,allez de vingt-six à gauche puis montez de soixante-sept,-26,67
4851,allez de soixante-sept à gauche puis montez de soixante-dix-neuf,-67,79
4852,allez de quarante-deux à gauche puis montez de soixante et onze,-42,71
4853,allez de vingt-trois à gauche puis montez de quatre-vingt-treize,-23,93
4854,allez de neuf à gauche puis montez de quarante,-9,40
4855,allez de trente-neuf à gauche puis montez de vingt-six,-39,26
4856,allez de deux à gauche puis montez de soixante-dix,-2,70
4857,allez de soixante-dix-huit à gauche puis montez de quarante,-78,40
4858,allez de soixante-quatre à gauche puis montez de quarante-quatre,-64,44
4859,allez de soixante-six à gauche puis montez de soixante-dix-huit,-66,78
4860,allez de quarante-huit à gauche puis montez de soixante-quatre,-48,64
4861,allez de cinquante-sept à gauche puis montez de six,-57,6
4862,allez de quatre-vingt-dix-neuf à gauche puis montez de dix-sept,-99,17
4863,allez de soixante-quatre à gauche puis montez de vingt-cinq,-64,25
4864,allez de quarante et un à gauche puis montez de vingt-sept,-41,27
4865,allez de quatre-vingt-quatre à gauche puis montez de quatre-vingt-trois,-84,83
4866,allez de quarante et un à gauche puis montez de quatre-vingt-un,-41,81
4867,allez de vingt-sept à gauche puis montez de quatre-vingt-douze,-27,92
4868,allez de quatre-vingt-sept à gauche puis montez de quatre-vingt-cinq,-87,85
4869,allez de quatorze à gauche puis montez de trente-trois,-14,33
4870,allez de quatre-vingt-treize à gauche puis montez de huit,-93,8
4871,allez de onze à gauche puis montez de cinquante et un,-11,51
4872,allez de vingt-cinq à gauche puis montez de cinq,-25,5
4873,allez de cinquante-neuf à gauche puis montez de quatre-vingt-quatre,-59,84
4874,allez de quatre-vingt-sept à gauche puis montez de trois,-87,3
4875,allez de cinquante-deux à gauche puis montez de soixante-dix-huit,-52,78
4876,allez de dix-sept à gauche puis montez de soixante-quinze,-17,75
4877,allez de trente à gauche puis montez de soixante-seize,-30,76
4878,allez de cinquante-quatre à gauche puis montez de quarante-cinq,-54,45
4879,allez de dix-huit à gauche puis montez de douze,-18,12
4880,allez de quatre-vingt-cinq à gauche puis montez de quatre-vingt-un,-85,81
4881,allez de quatre-vingt-huit à gauche puis montez de quatre-vingt-dix-huit,-88,98
4882,allez de cinquante-huit à gauche puis montez de huit,-58,8
4883,allez de cinquante-six à gauche puis montez de quarante et un,-56,41
4884,allez de soixante-sept à gauche puis montez de quatre-vingt-treize,-67,93
4885,allez de cinquante et un à gauche puis montez de soixante-seize,-51,76
4886,allez de quatre-vingt-six à gauche puis montez de quarante,-86,40
4887,allez de trente-huit à gauche puis montez de soixante-sept,-38,67
4888,allez de dix à gauche puis montez de douze,-10,12
4889,allez de dix à gauche puis montez de quatre-vingt-quatorze,-10,94
4890,allez de soixante à gauche puis montez de quatre-vingt-un,-60,81
4891,allez de quarante-cinq à gauche puis montez de cinquante-cinq,-45,55
4892,allez de soixante-quatre à gauche puis montez de soixante-dix,-64,70
4893,allez de sept à gauche puis montez de cent,-7,100
4894,allez de cinquante-huit à gauche puis montez de quarante-sept,-58,47
4895,allez de soixante-six à gauche puis montez de vingt-quatre,-66,24
4896,allez de vingt à gauche puis montez de onze,-20,11
4897,allez de vingt-six à gauche puis montez de soixante et onze,-26,71
4898,allez de soixante-cinq à gauche puis montez de cinquante-trois,-65,53
4899,allez de cent à gauche puis montez de onze,-100,11
4900,allez de cinquante-six à gauche puis montez de trente-trois,-56,33
4901,allez de six à gauche puis montez de soixante-neuf,-6,69
4902,allez de soixante-neuf à gauche puis montez de trente-trois,-69,33
4903,allez de trente-neuf à gauche puis montez de trente-huit,-39,38
4904,allez de quarante à gauche puis montez de quatre-vingt-quatorze,-40,94
4905,allez de soixante-dix-sept à gauche puis montez de quatre-vingt-treize,-77,93
4906,allez de cinquante-huit à gauche puis montez de soixante et onze,-58,71
4907,allez de dix-huit à gauche puis montez de vingt et un,-18,21
4908,allez de cinquante-trois à gauche puis montez de vingt-six,-53,26
4909,allez de cinquante-sept à gauche puis montez de quatre-vingt-six,-57,86
4910,allez de quatre-vingt-deux à gauche puis montez de trente-sept,-82,37
4911,allez de dix-sept à gauche puis montez de trente-cinq,-17,35
4912,allez de quatre-vingt-quatre à gauche puis montez de quarante-sept,-84,47
4913,allez de vingt et un à gauche puis montez de soixante et un,-21,61
4914,allez de dix-huit à gauche puis montez de soixante-dix,-18,70
4915,allez de trente-cinq à gauche puis montez de vingt-quatre,-35,24
4916,allez de trois à gauche puis montez de quatre-vingt-quatorze,-3,94
4917,allez de cinquante-deux à gauche puis montez de soixante-dix-neuf,-52,79
4918,allez de quatorze à gauche puis montez de quatre,-14,4
4919,allez de soixante-cinq à gauche puis montez de soixante-quatorze,-65,74
4920,allez de soixante-quinze à gauche puis montez de cinq,-75,5
4921,allez de quatre-vingt-neuf à gauche puis montez de dix-huit,-89,18
4922,allez de soixante et un à gauche puis montez de trente-sept,-61,37
4923,allez de quatorze à gauche puis montez de trente-neuf,-14,39
4924,allez de dix-neuf à gauche puis montez de quarante-neuf,-19,49
4925,allez de quinze à gauche puis montez de cinquante-trois,-15,53
4926,allez de cent à gauche puis montez de cinquante-six,-100,56
4927,allez de cinquante-sept à gauche puis montez de soixante-sept,-57,67
4928,allez de trente-deux à gauche puis montez de soixante-quatre,-32,64
4929,allez de quarante à gauche puis montez de vingt-quatre,-40,24
4930,allez de quarante-quatre à gauche puis montez de neuf,-44,9
4931,allez de vingt-quatre à gauche puis montez de trois,-24,3
4932,allez de quatre-vingt-quinze à gauche puis montez de cinquante-six,-95,56
4933,allez de quatre-vingt-un à gauche puis montez de soixante-trois,-81,63
4934,allez de trente-cinq à gauche puis montez de quatre-vingt-dix,-35,90
4935,allez de soixante et un à gauche puis montez de dix-huit,-61,18
4936,allez de onze à gauche puis montez de vingt-deux,-11,22
4937,allez de cinquante à gauche puis montez de deux,-50,2
4938,allez de neuf à gauche puis montez de quarante-trois,-9,43
4939,allez de cinquante-neuf à gauche puis montez de cinquante-cinq,-59,55
4940,allez de trente-quatre à gauche puis montez de soixante-cinq,-34,65
4941,allez de cinquante-sept à gauche puis montez de quatre-vingt-trois,-57,83
4942,allez de cinquante-six à gauche puis montez de dix-neuf,-56,19
4943,allez de vingt-huit à gauche puis montez de cinquante-sept,-28,57
4944,allez de quatorze à gauche puis montez de dix-sept,-14,17
4945,allez de cinq à gauche puis montez de trois,-5,3
4946,allez de treize à gauche puis montez de trente-quatre,-13,34
4947,allez de seize à gauche puis montez de sept,-16,7
4948,allez de dix-huit à gauche puis montez de cent,-18,100
4949,allez de quatre-vingts à gauche puis montez de quatre-vingt-huit,-80,88
4950,allez de vingt à gauche puis montez de quatre-vingt-six,-20,86
4951,allez de neuf à gauche puis montez de quatre-vingt-quatorze,-9,94
4952,allez de soixante-quatorze à gauche puis montez de soixante-treize,-74,73
4953,allez de quatre-vingt-cinq à gauche puis montez de trente-trois,-85,33
4954,allez de dix-sept à gauche puis montez de quatre-vingt-dix-sept,-17,97
4955,allez de douze à gauche puis montez de trois,-12,3
4956,allez de onze à gauche puis montez de vingt-trois,-11,23
4957,allez de soixante-dix-huit à gauche puis montez de soixante-neuf,-78,69
4958,allez de vingt-deux à gauche puis montez de neuf,-22,9
4959,allez de cinq à gauche puis montez de vingt,-5,20
4960,allez de cinquante-huit à gauche puis montez de un,-58,1
4961,allez de cinquante-huit à gauche puis montez de vingt-quatre,-58,24
4962,allez de quarante-six à gauche puis montez de quatre-vingt-cinq,-46,85
4963,allez de quatre-vingt-huit à gauche puis montez de vingt-sept,-88,27
4964,allez de vingt-deux à gauche puis montez de quarante-deux,-22,42
4965,allez de cinquante et un à gauche puis montez de soixante-huit,-51,68
4966,allez de quarante-six à gauche puis montez de vingt-six,-46,26
4967,allez de quatorze à gauche puis montez de quatre-vingt-dix-huit,-14,98
4968,allez de vingt-six à gauche puis montez de soixante-quinze,-26,75
4969,allez de cinquante-neuf à gauche puis montez de soixante-dix-sept,-59,77
4970,allez de soixante-quatre à gauche puis montez de quatre-vingt-douze,-64,92
4971,allez de soixante-quinze à gauche puis montez de huit,-75,8
4972,allez de quatre-vingt-onze à gauche puis montez de quarante-trois,-91,43
4973,allez de vingt-quatre à gauche puis montez de soixante-dix,-24,70
4974,allez de vingt-huit à gauche puis montez de dix,-28,10
4975,allez de soixante-dix-neuf à gauche puis montez de soixante,-79,60
4976,allez de quarante-huit à gauche puis montez de soixante-quinze,-48,75
4977,allez de trente-huit à gauche puis montez de quatorze,-38,14
4978,allez de soixante-dix à gauche puis montez de soixante-dix-sept,-70,77
4979,allez de soixante-dix-sept à gauche puis montez de soixante-dix-neuf,-77,79
4980,allez de quarante-quatre à gauche puis montez de cinquante et un,-44,51
4981,allez de trente-sept à gauche puis montez de quatre-vingt-douze,-37,92
4982,allez de cinquante et un à gauche puis montez de quatre-vingt-quinze,-51,95
4983,allez de un à gauche puis montez de dix-neuf,-1,19
4984,allez de vingt à gauche puis montez de trente-quatre,-20,34
4985,allez de soixante-six à gauche puis montez de onze,-66,11
4986,allez de cinquante-six à gauche puis montez de vingt et un,-56,21
4987,allez de trente-quatre à gauche puis montez de soixante-quatorze,-34,74
4988,allez de trente-sept à gauche puis montez de soixante-quinze,-37,75
4989,allez de quarante-deux à gauche puis montez de quatre-vingt-six,-42,86
4990,allez de cinquante-sept à gauche puis montez de cinquante,-57,50
4991,allez de soixante-quinze à gauche puis montez de soixante et onze,-75,71
4992,allez de quatre-vingt-douze à gauche puis montez de quatorze,-92,14
4993,allez de soixante et onze à gauche puis montez de quarante,-71,40
4994,allez de soixante-seize à gauche puis montez de quatre-vingt-quatorze,-76,94
4995,allez de trente-trois à gauche puis montez de cinquante-cinq,-33,55
4996,allez de soixante-cinq à gauche puis montez de quatre-vingt-dix,-65,90
4997,allez de vingt-cinq à gauche puis montez de trente-huit,-25,38
4998,allez de soixante-trois à gauche puis montez de vingt-huit,-63,28
4999,allez de cinquante-trois à gauche puis montez de vingt et un,-53,21
5000,allez de quatre-vingt-huit à gauche puis descendez de quarante-neuf,-88,-49
5001,allez de dix-neuf à gauche puis descendez de cinquante,-19,-50
5002,allez de soixante-neuf à gauche puis descendez de soixante-treize,-69,-73
5003,allez de vingt-sept à gauche puis descendez de quatorze,-27,-14
5004,allez de quatre-vingts à gauche puis descendez de quatre-vingt-huit,-80,-88
5005,allez de trente-huit à gauche puis descendez de soixante-quatre,-38,-64
5006,allez de quatre-vingt-sept à gauche puis descendez de neuf,-87,-9
5007,allez de quarante-six à gauche puis descendez de quatre-vingt-quinze,-46,-95
5008,allez de vingt-neuf à gauche puis descendez de trente-cinq,-29,-35
5009,allez de cinquante-neuf à gauche puis descendez de vingt-quatre,-59,-24
5010,allez de quatre-vingt-treize à gauche puis descendez de soixante-dix-neuf,-93,-79
5011,allez de quarante-six à gauche puis descendez de vingt et un,-46,-21
5012,allez de vingt-six à gauche puis descendez de vingt-deux,-26,-22
5013,allez de cinquante-quatre à gauche puis descendez de quarante-sept,-54,-47
5014,allez de vingt-trois à gauche puis descendez de quatre-vingt-neuf,-23,-89
5015,allez de un à gauche puis descendez de trente-six,-1,-36
5016,allez de dix-neuf à gauche puis descendez de quatre-vingt-seize,-19,-96
5017,allez de cinq à gauche puis descendez de cinquante-quatre,-5,-54
5018,allez de quatre-vingt-quatorze à gauche puis descendez de un,-94,-1
5019,allez de trente-cinq à gauche puis descendez de sept,-35,-7
5020,allez de vingt-six à gauche puis descendez de dix-neuf,-26,-19
5021,allez de soixante et un à gauche puis descendez de trente-trois,-61,-33
5022,allez de trente-cinq à gauche puis descendez de vingt-neuf,-35,-29
5023,allez de quarante-cinq à gauche puis descendez de quatre-vingt-dix-neuf,-45,-99
5024,allez de deux à gauche puis descendez de trente-trois,-2,-33
5025,allez de soixante-sept à gauche puis descendez de soixante-treize,-67,-73
5026,allez de vingt-quatre à gauche puis descendez de trente-six,-24,-36
5027,allez de soixante-quatre à gauche puis descendez de quatre-vingt-onze,-64,-91
5028,allez de treize à gauche puis descendez de quatre-vingt-deux,-13,-82
5029,allez de sept à gauche puis descendez de soixante-trois,-7,-63
5030,allez de seize à gauche puis descendez de quatre-vingt-sept,-16,-87
5031,allez de vingt-deux à gauche puis descendez de vingt-quatre,-22,-24
5032,allez de cinquante-quatre à gauche puis descendez de soixante-huit,-54,-68
5033,allez de trente-deux à gauche puis descendez de douze,-32,-12
5034,allez de cinquante-sept à gauche puis descendez de quatre-vingt-huit,-57,-88
5035,allez de quatre-vingt-dix-sept à gauche puis descendez de soixante-treize,-97,-73
5036,allez de soixante-treize à gauche puis descendez de vingt-six,-73,-26
5037,allez de quarante-trois à gauche puis descendez de cinquante-huit,-43,-58
5038,allez de vingt-neuf à gauche puis descendez de soixante et un,-29,-61
5039,allez de vingt et un à gauche puis descendez de cinquante-neuf,-21,-59
5040,allez de huit à gauche puis descendez de soixante-dix-neuf,-8,-79
5041,allez de soixante-douze à gauche puis descendez de quarante et un,-72,-41
5042,allez de quatre-vingt-dix-huit à gauche puis descendez de trente-deux,-98,-32
5043,allez de quatre-vingts à gauche puis descendez de vingt-six,-80,-26
5044,allez de trente-trois à gauche puis descendez de soixante-dix,-33,-70
5045,allez de dix-sept à gauche puis descendez de quatre-vingt-un,-17,-81
5046,allez de cinquante à gauche puis descendez de trente et un,-50,-31
5047,allez de cent à gauche puis descendez de soixante-seize,-100,-76
5048,allez de quatre-vingt-quatorze à gauche puis descendez de quatre-vingt-huit,-94,-88
5049,allez de trente-six à gauche puis descendez de six,-36,-6
5050,allez de trente-sept à gauche puis descendez de quatre-vingts,-37,-80
5051,allez de trente-deux à gauche puis descendez de quatre-vingt-dix-sept,-32,-97
5052,allez de quinze à gauche puis descendez de quarante-cinq,-15,-45
5053,allez de quinze à gauche puis descendez de quinze,-15,-15
5054,allez de trente-huit à gauche puis descendez de quatre-vingt-douze,-38,-92
5055,allez de soixante et onze à gauche puis descendez de quarante-huit,-71,-48
5056,allez de soixante-dix-sept à gauche puis descendez de vingt et un,-77,-21
5057,allez de dix-huit à gauche puis descendez de soixante-dix-neuf,-18,-79
5058,allez de cinquante à gauche puis descendez de vingt et un,-50,-21
5059,allez de trente-neuf à gauche puis descendez de trente-huit,-39,-38
5060,allez de soixante-dix à gauche puis descendez de trente-six,-70,-36
5061,allez de cinquante et un à gauche puis descendez de cinquante-quatre,-51,-54
5062,allez de soixante-quatre à gauche puis descendez de soixante-cinq,-64,-65
5063,allez de dix à gauche puis descendez de un,-10,-1
5064,allez de quatre-vingt-quatre à gauche puis descendez de trente-six,-84,-36
5065,allez de treize à gauche puis descendez de vingt,-13,-20
5066,allez de sept à gauche puis descendez de soixante-cinq,-7,-65
5067,allez de soixante-deux à gauche puis descendez de quatre-vingt-dix-neuf,-62,-99
5068,allez de quarante-neuf à gauche puis descendez de trente-trois,-49,-33
5069,allez de soixante et onze à gauche puis descendez de vingt,-71,-20
5070,allez de cinquante-deux à gauche puis descendez de trente et un,-52,-31
5071,allez de quatre-vingt-sept à gauche puis descendez de deux,-87,-2
5072,allez de vingt-six à gauche puis descendez de cinquante-trois,-26,-53
5073,allez de onze à gauche puis descendez de quatre-vingt-dix-sept,-11,-97
5074,allez de trente à gauche puis descendez de cinquante-deux,-30,-52
5075,allez de trente-quatre à gauche puis descendez de quatre-vingt-quatre,-34,-84
5076,allez de trente-neuf à gauche puis descendez de quatre,-39,-4
5077,allez de quatorze à gauche puis descendez de vingt-sept,-14,-27
5078,allez de dix-huit à gauche puis descendez de trente-sept,-18,-37
5079,allez de trente-cinq à gauche puis descendez de vingt-cinq,-35,-25
5080,allez de sept à gauche puis descendez de quarante-neuf,-7,-49
5081,allez de quatre-vingt-seize à gauche puis descendez de cinquante,-96,-50
5082,allez de quarante et un à gauche puis descendez de quatre-vingt-quatorze,-41,-94
5083,allez de vingt-quatre à gauche puis descendez de quatre-vingt-treize,-24,-93
5084,allez de douze à gauche puis descendez de trente-sept,-12,-37
5085,allez de quarante et un à gauche puis descendez de trente-quatre,-41,-34
5086,allez de douze à gauche puis descendez de quatre-vingt-quatorze,-12,-94
5087,allez de cinquante-quatre à gauche puis descendez de cinquante-neuf,-54,-59
5088,allez de onze à gauche puis descendez de quatre,-11,-4
5089,allez de quatre-vingt-un à gauche puis descendez de vingt et un,-81,-21
5090,allez de quatorze à gauche puis descendez de cinquante-deux,-14,-52
5091,allez de vingt-huit à gauche puis descendez de quarante,-28,-40
5092,allez de quarante-cinq à gauche puis descendez de soixante-deux,-45,-62
5093,allez de quatre-vingt-seize à gauche puis descendez de quatre-vingt-quinze,-96,-95
5094,allez de quatre-vingt-treize à gauche puis descendez de quarante-trois,-93,-43
5095,allez de soixante-douze à gauche puis descendez de vingt-deux,-72,-22
5096,allez de quarante à gauche puis descendez de soixante-sept,-40,-67
5097,allez de quatre-vingt-quatorze à gauche puis descendez de soixante-seize,-94,-76
5098,allez de trente-sept à gauche puis descendez de six,-37,-6
5099,allez de sept à gauche puis descendez de cinquante-deux,-7,-52
5100,allez de soixante-dix-neuf à gauche puis descendez de soixante-quatre,-79,-64
5101,allez de quatre à gauche puis descendez de vingt-cinq,-4,-25
5102,allez de soixante-six à gauche puis descendez de soixante-treize,-66,-73
5103,allez de soixante-trois à gauche puis descendez de quatre-vingt-cinq,-63,-85
5104,allez de cinquante-deux à gauche puis descendez de cinquante,-52,-50
5105,allez de vingt à gauche puis descendez de soixante-seize,-20,-76
5106,allez de quatre-vingt-onze à gauche puis descendez de dix-huit,-91,-18
5107,allez de dix-neuf à gauche puis descendez de quatre-vingt-seize,-19,-96
5108,allez de soixante-quatorze à gauche puis descendez de cinquante-trois,-74,-53
5109,allez de dix-sept à gauche puis descendez de deux,-17,-2
5110,allez de quatre à gauche puis descendez de quatre-vingt-dix-sept,-4,-97
5111,allez de vingt et un à gauche puis descendez de quarante-sept,-21,-47
5112,allez de quatre-vingt-deux à gauche puis descendez de dix-huit,-82,-18
5113,allez de soixante-dix-sept à gauche puis descendez de trente-trois,-77,-33
5114,allez de cinquante-cinq à gauche puis descendez de neuf,-55,-9
5115,allez de soixante-cinq à gauche puis descendez de trente-quatre,-65,-34
5116,allez de quarante-trois à gauche puis descendez de cinquante,-43,-50
5117,allez de quatre-vingt-onze à gauche puis descendez de soixante-dix-neuf,-91,-79
5118,allez de neuf à gauche puis descendez de trente et un,-9,-31
5119,allez de quatre à gauche puis descendez de quatre-vingt-onze,-4,-91
5120,allez de quarante-neuf à gauche puis descendez de soixante et un,-49,-61
5121,allez de soixante et un à gauche puis descendez de soixante-seize,-61,-76
5122,allez de quarante à gauche puis descendez de cinquante-trois,-40,-53
5123,allez de soixante-neuf à gauche puis descendez de quarante-neuf,-69,-49
5124,allez de vingt-huit à gauche puis descendez de quatre-vingt-neuf,-28,-89
5125,allez de trente-cinq à gauche puis descendez de vingt et un,-35,-21
5126,allez de soixante-quatre à gauche puis descendez de soixante-six,-64,-66
5127,allez de cinq à gauche puis descendez de vingt-trois,-5,-23
5128,allez de quatre-vingt-onze à gauche puis descendez de trente,-91,-30
5129,allez de quatre-vingt-trois à gauche puis descendez de vingt,-83,-20
5130,allez de quarante-sept à gauche puis descendez de soixante-quinze,-47,-75
5131,allez de soixante-trois à gauche puis descendez de dix-neuf,-63,-19
5132,allez de quarante-sept à gauche puis descendez de soixante et un,-47,-61
5133,allez de dix à gauche puis descendez de quinze,-10,-15
5134,allez de trois à gauche puis descendez de un,-3,-1
5135,allez de soixante à gauche puis descendez de trente-quatre,-60,-34
5136,allez de cinquante-trois à gauche puis descendez de soixante-dix,-53,-70
5137,allez de quinze à gauche puis descendez de neuf,-15,-9
5138,allez de vingt et un à gauche puis descendez de quatre-vingt-dix,-21,-90
5139,allez de soixante à gauche puis descendez de soixante-dix-sept,-60,-77
5140,allez de soixante-treize à gauche puis descendez de trente-deux,-73,-32
5141,allez de quarante à gauche puis descendez de trente-deux,-40,-32
5142,allez de quarante à gauche puis descendez de trente-huit,-40,-38
5143,allez de quatre-vingt-dix à gauche puis descendez de quatre-vingt-dix-neuf,-90,-99
5144,allez de cent à gauche puis descendez de soixante-seize,-100,-76
5145,allez de quatre-vingt-six à gauche puis descendez de trente-trois,-86,-33
5146,allez de trente-neuf à gauche puis descendez de quarante-six,-39,-46
5147,allez de vingt-six à gauche puis descendez de trente-cinq,-26,-35
5148,allez de cinquante-huit à gauche puis descendez de vingt-sept,-58,-27
5149,allez de cinquante-quatre à gauche puis descendez de trente-quatre,-54,-34
5150,allez de soixante à gauche puis descendez de vingt et un,-60,-21
5151,allez de quarante-neuf à gauche puis descendez de dix-neuf,-49,-19
5152,allez de quarante-trois à gauche puis descendez de quatre-vingt-douze,-43,-92
5153,allez de onze à gauche puis descendez de quarante-deux,-11,-42
5154,allez de soixante-quinze à gauche puis descendez de vingt et un,-75,-21
5155,allez de trente-trois à gauche puis descendez de deux,-33,-2
5156,allez de quarante-quatre à gauche puis descendez de cinquante et un,-44,-51
5157,allez de quarante à gauche puis descendez de soixante-huit,-40,-68
5158,allez de quatre-vingt-quatorze à gauche puis descendez de soixante-quatorze,-94,-74
5159,allez de seize à gauche puis descendez de trente-deux,-16,-32
5160,allez de trente-cinq à gauche puis descendez de soixante,-35,-60
5161,allez de quarante-neuf à gauche puis descendez de trente-cinq,-49,-35
5162,allez de cinquante-deux à gauche puis descendez de quarante et un,-52,-41
5163,allez de soixante-six à gauche puis descendez de soixante et onze,-66,-71
5164,allez de quatre-vingt-dix-huit à gauche puis descendez de vingt-quatre,-98,-24
5165,allez de quarante-quatre à gauche puis descendez de quatre-vingt-onze,-44,-91
5166,allez de quatre-vingt-deux à gauche puis descendez de neuf,-82,-9
5167,allez de cinquante-six à gauche puis descendez de sept,-56,-7
5168,allez de trois à gauche puis descendez de six,-3,-6
5169,allez de trente-huit à gauche puis descendez de quatre-vingt-trois,-38,-83
5170,allez de quatre-vingt-treize à gauche puis descendez de huit,-93,-8
5171,allez de soixante-quinze à gauche puis descendez de soixante et onze,-75,-71
5172,allez de quatre-vingt-dix-sept à gauche puis descendez de soixante-quatorze,-97,-74
5173,allez de quatre-vingt-huit à gauche puis descendez de soixante-huit,-88,-68
5174,allez de soixante-treize à gauche puis descendez de deux,-73,-2
5175,allez de quatre-vingt-onze à gauche puis descendez de soixante-dix-huit,-91,-78
5176,allez de quinze à gauche puis descendez de quatre-vingt-huit,-15,-88
5177,allez de quatre-vingt-sept à gauche puis descendez de quatre-vingt-sept,-87,-87
5178,allez de cinquante-neuf à gauche puis descendez de neuf,-59,-9
5179,allez de quatre-vingt-quatorze à gauche puis descendez de quatre-vingt-quatorze,-94,-94
5180,allez de soixante-quatorze à gauche puis descendez de vingt-trois,-74,-23
5181,allez de quatre-vingt-neuf à gauche puis descendez de soixante-huit,-89,-68
5182,allez de vingt-huit à gauche puis descendez de soixante,-28,-60
5183,allez de quarante-quatre à gauche puis descendez de soixante-neuf,-44,-69
5184,allez de cinq à gauche puis descendez de soixante et onze,-5,-71
5185,allez de soixante à gauche puis descendez de quarante et un,-60,-41
5186,allez de vingt-huit à gauche puis descendez de quatre-vingts,-28,-80
5187,allez de quinze à gauche puis descendez de quarante-quatre,-15,-44
5188,allez de quinze à gauche puis descendez de soixante-quinze,-15,-75
5189,allez de cinquante-quatre à gauche puis descendez de trente-huit,-54,-38
5190,allez de soixante à gauche puis descendez de seize,-60,-16
5191,allez de trente-huit à gauche puis descendez de soixante-neuf,-38,-69
5192,allez de quatre-vingt-cinq à gauche puis descendez de quarante et un,-85,-41
5193,allez de vingt-cinq à gauche puis descendez de onze,-25,-11
5194,allez de quatre-vingt-seize à gauche puis descendez de cinquante-deux,-96,-52
5195,allez de quarante-deux à gauche puis descendez de quatre-vingt-cinq,-42,-85
5196,allez de dix à gauche puis descendez de quarante-quatre,-10,-44
5197,allez de dix-sept à gauche puis descendez de deux,-17,-2
5198,allez de quatre-vingt-onze à gauche puis descendez de dix,-91,-10
5199,allez de treize à gauche puis descendez de neuf,-13,-9
5200,allez de quatre-vingt-quinze à gauche puis descendez de dix-sept,-95,-17
5201,allez de quatre-vingt-quinze à gauche puis descendez de vingt-sept,-95,-27
5202,allez de huit à gauche puis descendez de quatre-vingt-quinze,-8,-95
5203,allez de soixante-douze à gauche puis descendez de cinquante-quatre,-72,-54
5204,allez de quatre-vingt-trois à gauche puis descendez de quatre-vingt-sept,-83,-87
5205,allez de vingt-sept à gauche puis descendez de soixante-dix-sept,-27,-77
5206,allez de douze à gauche puis descendez de quatre-vingt-trois,-12,-83
5207,allez de quatre-vingt-deux à gauche puis descendez de cent,-82,-100
5208,allez de seize à gauche puis descendez de vingt-neuf,-16,-29
5209,allez de quarante-deux à gauche puis descendez de dix-neuf,-42,-19
5210,allez de cinquante-trois à gauche puis descendez de six,-53,-6
5211,allez de vingt-huit à gauche puis descendez de soixante-neuf,-28,-69
5212,allez de dix-neuf à gauche puis descendez de quarante,-19,-40
5213,allez de quatre-vingt-trois à gauche puis descendez de trente-deux,-83,-32
5214,allez de trente-cinq à gauche puis descendez de quatre-vingt-onze,-35,-91
5215,allez de cinquante-trois à gauche puis descendez de trente-trois,-53,-33
5216,allez de cent à gauche puis descendez de vingt-huit,-100,-28
5217,allez de cinq à gauche puis descendez de cinquante-trois,-5,-53
5218,allez de vingt et un à gauche puis descendez de trois,-21,-3
5219,allez de trente-neuf à gauche puis descendez de cinquante-neuf,-39,-59
5220,allez de soixante-neuf à gauche puis descendez de trois,-69,-3
5221,allez de soixante et un à gauche puis descendez de quatre-vingt-seize,-61,-96
5222,allez de vingt-deux à gauche puis descendez de quatre-vingt-onze,-22,-91
5223,allez de quatre-vingt-quatorze à gauche puis descendez de quatre-vingt-douze,-94,-92
5224,allez de trente-deux à gauche puis descendez de quatre-vingt-deux,-32,-82
5225,allez de cinquante-neuf à gauche puis descendez de quatre-vingt-trois,-59,-83
5226,allez de quatre-vingt-quinze à gauche puis descendez de cinq,-95,-5
5227,allez de trente-quatre à gauche puis descendez de quatre-vingt-sept,-34,-87
5228,allez de quarante-trois à gauche puis descendez de quarante et un,-43,-41
5229,allez de quarante à gauche puis descendez de soixante-dix,-40,-70
5230,allez de vingt-cinq à gauche puis descendez de treize,-25,-13
5231,allez de douze à gauche puis descendez de vingt-deux,-12,-22
5232,allez de cinquante-deux à gauche puis descendez de soixante-quinze,-52,-75
5233,allez de quarante-huit à gauche puis descendez de vingt-huit,-48,-28
5234,allez de quarante-deux à gauche puis descendez de cinquante-cinq,-42,-55
5235,allez de vingt-quatre à gauche puis descendez de quatre-vingt-six,-24,-86
5236,allez de vingt-six à gauche puis descendez de vingt-trois,-26,-23
5237,allez de quatre-vingt-dix-huit à gauche puis descendez de quatre,-98,-4
5238,allez de cinquante-neuf à gauche puis descendez de six,-59,-6
5239,allez de cent à gauche puis descendez de huit,-100,-8
5240,allez de douze à gauche puis descendez de un,-12,-1
5241,allez de cinquante-huit à gauche puis descendez de quatre-vingt-quatre,-58,-84
5242,allez de soixante-dix-huit à gauche puis descendez de trente-trois,-78,-33
5243,allez de douze à gauche puis descendez de quatre-vingt-dix,-12,-90
5244,allez de quatre-vingt-dix-neuf à gauche puis descendez de quatre-vingt-seize,-99,-96
5245,allez de vingt et un à gauche puis descendez de soixante-deux,-21,-62
5246,allez de quarante à gauche puis descendez de soixante-cinq,-40,-65
5247,allez de quatre-vingt-un à gauche puis descendez de soixante-cinq,-81,-65
5248,allez de cinquante-trois à gauche puis descendez de soixante-treize,-53,-73
5249,allez de soixante à gauche puis descendez de quatre-vingt-quatorze,-60,-94
5250,allez de dix à gauche puis descendez de quatre-vingt-quinze,-10,-95
5251,allez de trente-deux à gauche puis descendez de quatre-vingt-quinze,-32,-95
5252,allez de onze à gauche puis descendez de soixante-deux,-11,-62
5253,allez de deux à gauche puis descendez de cinquante-neuf,-2,-59
5254,allez de soixante et onze à gauche puis descendez de cinquante-neuf,-71,-59
5255,allez de quarante-neuf à gauche puis descendez de trente-six,-49,-36
5256,allez de vingt-cinq à gauche puis descendez de vingt-six,-25,-26
5257,allez de quatre-vingts à gauche puis descendez de vingt-cinq,-80,-25
5258,allez de quatre-vingt-un à gauche puis descendez de trente et un,-81,-31
5259,allez de quatre-vingt-dix-sept à gauche puis descendez de quatre-vingt-quatorze,-97,-94
5260,allez de soixante-dix-sept à gauche puis descendez de trente-six,-77,-36
5261,allez de quatre-vingt-quinze à gauche puis descendez de deux,-95,-2
5262,allez de trente-deux à gauche puis descendez de soixante-cinq,-32,-65
5263,allez de quatre-vingt-huit à gauche puis descendez de dix-huit,-88,-18
5264,allez de quatre-vingt-dix-neuf à gauche puis descendez de trente,-99,-30
5265,allez de un à gauche puis descendez de quatre-vingt-sept,-1,-87
5266,allez de quatre-vingt-seize à gauche puis descendez de quarante-six,-96,-46
5267,allez de soixante-trois à gauche puis descendez de cinquante-six,-63,-56
5268,allez de soixante à gauche puis descendez de quarante et un,-60,-41
5269,allez de cinquante-neuf à gauche puis descendez de seize,-59,-16
5270,allez de vingt-sept à gauche puis descendez de trente-huit,-27,-38
5271,allez de cinquante-quatre à gauche puis descendez de soixante-seize,-54,-76
5272,allez de neuf à gauche puis descendez de quatre-vingt-huit,-9,-88
5273,allez de trois à gauche puis descendez de quatre-vingt-huit,-3,-88
5274,allez de quatre-vingt-quinze à gauche puis descendez de quarante-trois,-95,-43
5275,allez de quatre-vingt-six à gauche puis descendez de cinquante-sept,-86,-57
5276,allez de quatre-vingt-dix à gauche puis descendez de quatre-vingt-six,-90,-86
5277,allez de quatre-vingt-onze à gauche puis descendez de quarante-quatre,-91,-44
5278,allez de trente-deux à gauche puis descendez de quarante-six,-32,-46
5279,allez de quinze à gauche puis descendez de soixante-dix,-15,-70
5280,allez de quarante-six à gauche puis descendez de trente-deux,-46,-32
5281,allez de quarante-huit à gauche puis descendez de quatre-vingt-sept,-48,-87
5282,allez de vingt à gauche puis descendez de quatre-vingt-onze,-20,-91
5283,allez de quarante-deux à gauche puis descendez de vingt-trois,-42,-23
5284,allez de trente-sept à gauche puis descendez de cinquante-huit,-37,-58
5285,allez de vingt-neuf à gauche puis descendez de neuf,-29,-9
5286,allez de soixante-cinq à gauche puis descendez de cinquante-neuf,-65,-59
5287,allez de quarante-huit à gauche puis descendez de vingt-six,-48,-26
5288,allez de quatre-vingt-douze à gauche puis descendez de six,-92,-6
5289,allez de soixante-quatorze à gauche puis descendez de quatre-vingt-quatorze,-74,-94
5290,allez de douze à gauche puis descendez de douze,-12,-12
5291,allez de soixante-quinze à gauche puis descendez de un,-75,-1
5292,allez de deux à gauche puis descendez de un,-2,-1
5293,allez de vingt-deux à gauche puis descendez de neuf,-22,-9
5294,allez de trois à gauche puis descendez de quatre-vingt-onze,-3,-91
5295,allez de onze à gauche puis descendez de neuf,-11,-9
5296,allez de quatre-vingt-un à gauche puis descendez de cinquante-cinq,-81,-55
5297,allez de quatre-vingt-un à gauche puis descendez de quatre-vingt-cinq,-81,-85
5298,allez de quatorze à gauche puis descendez de quatre-vingt-cinq,-14,-85
5299,allez de quarante-quatre à gauche puis descendez de huit,-44,-8
5300,allez de quinze à gauche puis descendez de trente-huit,-15,-38
5301,allez de trente-quatre à gauche puis descendez de soixante-dix,-34,-70
5302,allez de dix-sept à gauche puis descendez de vingt,-17,-20
5303,allez de vingt-sept à gauche puis descendez de quarante-six,-27,-46
5304,allez de quarante-sept à gauche puis descendez de cinquante-cinq,-47,-55
5305,allez de trente-sept à gauche puis descendez de quatre-vingt-dix-neuf,-37,-99
5306,allez de soixante-dix-huit à gauche puis descendez de vingt,-78,-20
5307,allez de quatre-vingts à gauche puis descendez de soixante-cinq,-80,-65
5308,allez de quatre-vingt-neuf à gauche puis descendez de trente-sept,-89,-37
5309,allez de douze à gauche puis descendez de cinquante-cinq,-12,-55
5310,allez de cinquante-deux à gauche puis descendez de soixante et onze,-52,-71
5311,allez de cinquante-sept à gauche puis descendez de soixante-seize,-57,-76
5312,allez de quatre-vingt-sept à gauche puis descendez de soixante-sept,-87,-67
5313,allez de soixante-dix-huit à gauche puis descendez de quatre-vingt-deux,-78,-82
5314,allez de quatre-vingt-quinze à gauche puis descendez de dix-neuf,-95,-19
5315,allez de cinquante-quatre à gauche puis descendez de trente-six,-54,-36
5316,allez de vingt-quatre à gauche puis descendez de cinquante-neuf,-24,-59
5317,allez de trente-trois à gauche puis descendez de soixante-dix-huit,-33,-78
5318,allez de soixante et onze à gauche puis descendez de quatre-vingt-un,-71,-81
5319,allez de cinquante-trois à gauche puis descendez de quatorze,-53,-14
5320,allez de quatre-vingt-huit à gauche puis descendez de quatre-vingt-dix-huit,-88,-98
5321,allez de vingt-huit à gauche puis descendez de cinquante,-28,-50
5322,allez de cinquante-six à gauche puis descendez de quatre-vingt-seize,-56,-96
5323,allez de cinquante-neuf à gauche puis descendez de trente-cinq,-59,-35
5324,allez de quatre-vingt-dix-neuf à gauche puis descendez de trente-neuf,-99,-39
5325,allez de quatre-vingt-quinze à gauche puis descendez de six,-95,-6
5326,allez de quatre-vingt-cinq à gauche puis descendez de dix-huit,-85,-18
5327,allez de quarante à gauche puis descendez de dix-sept,-40,-17
5328,allez de vingt-neuf à gauche puis descendez de quatre-vingt-trois,-29,-83
5329,allez de quatre-vingt-douze à gauche puis descendez de quatre-vingt-onze,-92,-91
5330,allez de quarante-neuf à gauche puis descendez de soixante-dix-neuf,-49,-79
5331,allez de sept à gauche puis descendez de soixante-quinze,-7,-75
5332,allez de cinquante-quatre à gauche puis descendez de soixante et onze,-54,-71
5333,allez de cinq à gauche puis descendez de quarante-cinq,-5,-45
5334,allez de quarante et un à gauche puis descendez de cinquante,-41,-50
5335,allez de cinquante-sept à gauche puis descendez de trente et un,-57,-31
5336,allez de cinq à gauche puis descendez de trente et un,-5,-31
5337,allez de soixante-treize à gauche puis descendez de dix-sept,-73,-17
5338,allez de neuf à gauche puis descendez de quatre-vingt-huit,-9,-88
5339,allez de soixante-trois à gauche puis descendez de quatre-vingt-trois,-63,-83
5340,allez de quatorze à gauche puis descendez de soixante-treize,-14,-73
5341,allez de soixante-six à gauche puis descendez de quatre-vingt-neuf,-66,-89
5342,allez de cinquante-sept à gauche puis descendez de soixante-trois,-57,-63
5343,allez de soixante-dix à gauche puis descendez de soixante,-70,-60
5344,allez de quarante et un à gauche puis descendez de quatre-vingt-treize,-41,-93
5345,allez de cinquante-sept à gauche puis descendez de seize,-57,-16
5346,allez de cinq à gauche puis descendez de dix,-5,-10
5347,allez de quarante et un à gauche puis descendez de soixante-quatorze,-41,-74
5348,allez de trente-quatre à gauche puis descendez de vingt-cinq,-34,-25
5349,allez de soixante-dix-huit à gauche puis descendez de quatre-vingts,-78,-80
5350,allez de trente-six à gauche puis descendez de quarante-neuf,-36,-49
5351,allez de soixante-cinq à gauche puis descendez de soixante-neuf,-65,-69
5352,allez de six à gauche puis descendez de quatre-vingt-sept,-6,-87
5353,allez de deux à gauche puis descendez de quatre-vingt-huit,-2,-88
5354,allez de quinze à gauche puis descendez de cinquante-cinq,-15,-55
5355,allez de vingt-trois à gauche puis descendez de vingt-neuf,-23,-29
5356,allez de soixante-dix à gauche puis descendez de quatre-vingts,-70,-80
5357,allez de soixante-quatre à gauche puis descendez de soixante-dix,-64,-70
5358,allez de quarante-cinq à gauche puis descendez de vingt-neuf,-45,-29
5359,allez de trente-quatre à gauche puis descendez de vingt-six,-34,-26
5360,allez de quatre-vingt-cinq à gauche puis descendez de cinquante-huit,-85,-58
5361,allez de cinquante-six à gauche puis descendez de vingt-quatre,-56,-24
5362,allez de trente-huit à gauche puis descendez de neuf,-38,-9
5363,allez de quarante-deux à gauche puis descendez de quatre-vingt-quatre,-42,-84
5364,allez de quarante-quatre à gauche puis descendez de quatre-vingt-deux,-44,-82
5365,allez de quarante-sept à gauche puis descendez de quatre-vingt-sept,-47,-87
5366,allez de soixante à gauche puis descendez de soixante-huit,-60,-68
5367,allez de soixante-quatorze à gauche puis descendez de seize,-74,-16
5368,allez de quatre-vingt-seize à gauche puis descendez de dix,-96,-10
5369,allez de quarante-trois à gauche puis descendez de trente et un,-43,-31
5370,allez de trente-neuf à gauche puis descendez de quarante-neuf,-39,-49
5371,allez de soixante-douze à gauche puis descendez de cinquante et un,-72,-51
5372,allez de quatre-vingt-sept à gauche puis descendez de soixante-huit,-87,-68
5373,allez de quatre-vingt-deux à gauche puis descendez de trente-neuf,-82,-39
5374,allez de cinquante-neuf à gauche puis descendez de trente-six,-59,-36
5375,allez de quatre-vingt-douze à gauche puis descendez de vingt-trois,-92,-23
5376,allez de sept à gauche puis descendez de trente-trois,-7,-33
5377,allez de soixante-quinze à gauche puis descendez de trente-sept,-75,-37
5378,allez de quatre à gauche puis descendez de soixante-douze,-4,-72
5379,allez de soixante-dix-neuf à gauche puis descendez de quatre-vingt-sept,-79,-87
5380,allez de quatre-vingt-quatre à gauche puis descendez de vingt,-84,-20
5381,allez de sept à gauche puis descendez de quarante-neuf,-7,-49
5382,allez de soixante-quinze à gauche puis descendez de quatre,-75,-4
5383,allez de soixante et un à gauche puis descendez de soixante et onze,-61,-71
5384,allez de quatre-vingt-dix-sept à gauche puis descendez de cinquante et un,-97,-51
5385,allez de dix-sept à gauche puis descendez de seize,-17,-16
5386,allez de quarante-six à gauche puis descendez de sept,-46,-7
5387,allez de huit à gauche puis descendez de onze,-8,-11
5388,allez de douze à gauche puis descendez de quarante-sept,-12,-47
5389,allez de vingt-trois à gauche puis descendez de quatre-vingt-dix-huit,-23,-98
5390,allez de quatre-vingt-seize à gauche puis descendez de vingt et un,-96,-21
5391,allez de trente-cinq à gauche puis descendez de soixante-trois,-35,-63
5392,allez de trente-huit à gauche puis descendez de quarante,-38,-40
5393,allez de soixante-deux à gauche puis descendez de quatre-vingt-deux,-62,-82
5394,allez de trente-deux à gauche puis descendez de treize,-32,-13
5395,allez de soixante-dix-neuf à gauche puis descendez de quarante-trois,-79,-43
5396,allez de quarante-quatre à gauche puis descendez de quarante-quatre,-44,-44
5397,allez de quatre-vingt-seize à gauche puis descendez de vingt et un,-96,-21
5398,allez de quatre-vingt-quatre à gauche puis descendez de trente,-84,-30
5399,allez de cinquante à gauche puis descendez de quatre-vingt-quinze,-50,-95
5400,allez de soixante-seize à gauche puis descendez de seize,-76,-16
5401,allez de quatre-vingt-quatorze à gauche puis descendez de quatre-vingt-seize,-94,-96
5402,allez de trente-huit à gauche puis descendez de treize,-38,-13
5403,allez de quatre-vingt-cinq à gauche puis descendez de trente-deux,-85,-32
5404,allez de six à gauche puis descendez de quarante-deux,-6,-42
5405,allez de sept à gauche puis descendez de quatre-vingt-treize,-7,-93
5406,allez de quarante-sept à gauche puis descendez de vingt-deux,-47,-22
5407,allez de soixante-trois à gauche puis descendez de neuf,-63,-9
5408,allez de trente-trois à gauche puis descendez de vingt-huit,-33,-28
5409,allez de vingt-quatre à gauche puis descendez de soixante-dix,-24,-70
5410,allez de trente-huit à gauche puis descendez de quatre-vingt-neuf,-38,-89
5411,allez de vingt et un à gauche puis descendez de soixante-six,-21,-66
5412,allez de cinquante-huit à gauche puis descendez de soixante,-58,-60
5413,allez de quatre-vingt-sept à gauche puis descendez de deux,-87,-2
5414,allez de soixante-quinze à gauche puis descendez de quinze,-75,-15
5415,allez de douze à gauche puis descendez de trente,-12,-30
5416,allez de vingt à gauche puis descendez de quarante-deux,-20,-42
5417,allez de cinq à gauche puis descendez de soixante-quatre,-5,-64
5418,allez de vingt et un à gauche puis descendez de soixante-cinq,-21,-65
5419,allez de dix-huit à gauche puis descendez de treize,-18,-13
5420,allez de quatre-vingt-quinze à gauche puis descendez de cinquante-cinq,-95,-55
5421,allez de soixante-douze à gauche puis descendez de quatre-vingt-deux,-72,-82
5422,allez de vingt et un à gauche puis descendez de vingt-cinq,-21,-25
5423,allez de dix-sept à gauche puis descendez de quatre-vingt-sept,-17,-87
5424,allez de six à gauche puis descendez de trente-cinq,-6,-35
5425,allez de vingt-six à gauche puis descendez de quarante-six,-26,-46
5426,allez de vingt-neuf à gauche puis descendez de sept,-29,-7
5427,allez de dix à gauche puis descendez de quarante-huit,-10,-48
5428,allez de soixante-trois à gauche puis descendez de quatre-vingt-deux,-63,-82
5429,allez de quarante-deux à gauche puis descendez de soixante-seize,-42,-76
5430,allez de cinquante à gauche puis descendez de quarante-cinq,-50,-45
5431,allez de cinquante et un à gauche puis descendez de cinquante-deux,-51,-52
5432,allez de dix-huit à gauche puis descendez de quarante-trois,-18,-43
5433,allez de onze à gauche puis descendez de quarante,-11,-40
5434,allez de un à gauche puis descendez de cinquante-cinq,-1,-55
5435,allez de soixante-treize à gauche puis descendez de quarante-trois,-73,-43
5436,allez de soixante-quinze à gauche puis descendez de soixante et un,-75,-61
5437,allez de quatre-vingt-dix-neuf à gauche puis descendez de quatre-vingt-treize,-99,-93
5438,allez de cinquante-cinq à gauche puis descendez de cinquante-huit,-55,-58
5439,allez de trente-trois à gauche puis descendez de vingt,-33,-20
5440,allez de soixante-quatorze à gauche puis descendez de vingt-cinq,-74,-25
5441,allez de soixante-cinq à gauche puis descendez de trente-deux,-65,-32
5442,allez de cinquante-sept à gauche puis descendez de soixante-sept,-57,-67
5443,allez de vingt et un à gauche puis descendez de quarante-huit,-21,-48
5444,allez de quarante-deux à gauche puis descendez de soixante-trois,-42,-63
5445,allez de trente-neuf à gauche puis descendez de trente,-39,-30
5446,allez de seize à gauche puis descendez de soixante-dix-neuf,-16,-79
5447,allez de trente-quatre à gauche puis descendez de soixante-dix-huit,-34,-78
5448,allez de onze à gauche puis descendez de quatre-vingt-huit,-11,-88
5449,allez de cinq à gauche puis descendez de quatre-vingt-quatre,-5,-84
5450,allez de trente et un à gauche puis descendez de cinquante-huit,-31,-58
5451,allez de quarante-quatre à gauche puis descendez de quatre,-44,-4
5452,allez de quatre-vingt-huit à gauche puis descendez de cinquante-quatre,-88,-54
5453,allez de dix à gauche puis descendez de soixante-douze,-10,-72
5454,allez de soixante-sept à gauche puis descendez de quatre-vingt-dix-neuf,-67,-99
5455,allez de vingt-huit à gauche puis descendez de trente-quatre,-28,-34
5456,allez de quarante et un à gauche puis descendez de quatre-vingt-dix-neuf,-41,-99
5457,allez de quinze à gauche puis descendez de quarante-sept,-15,-47
5458,allez de soixante-huit à gauche puis descendez de quarante et un,-68,-41
5459,allez de un à gauche puis descendez de vingt,-1,-20
5460,allez de quatre-vingt-onze à gauche puis descendez de dix,-91,-10
5461,allez de quatre-vingt-deux à gauche puis descendez de trente-cinq,-82,-35
5462,allez de douze à gauche puis descendez de trente-quatre,-12,-34
5463,allez de cinquante-deux à gauche puis descendez de quarante-cinq,-52,-45
5464,allez de dix-neuf à gauche puis descendez de quarante,-19,-40
5465,allez de quatre-vingt-treize à gauche puis descendez de dix-sept,-93,-17
5466,allez de cinquante-six à gauche puis descendez de soixante-treize,-56,-73
5467,allez de quatre-vingt-deux à gauche puis descendez de cinq,-82,-5
5468,allez de douze à gauche puis descendez de quatre-vingt-six,-12,-86
5469,allez de trente-neuf à gauche puis descendez de soixante-dix,-39,-70
5470,allez de dix-neuf à gauche puis descendez de quarante-trois,-19,-43
5471,allez de soixante-deux à gauche puis descendez de soixante-deux,-62,-62
5472,allez de quarante-deux à gauche puis descendez de soixante-deux,-42,-62
5473,allez de cinquante-cinq à gauche puis descendez de soixante et onze,-55,-71
5474,allez de quarante-six à gauche puis descendez de quatre-vingt-huit,-46,-88
5475,allez de dix-huit à gauche puis descendez de quatre-vingt-quinze,-18,-95
5476,allez de vingt-six à gauche puis descendez de deux,-26,-2
5477,allez de sept à gauche puis descendez de soixante-trois,-7,-63
5478,allez de treize à gauche puis descendez de soixante et un,-13,-61
5479,allez de quarante-trois à gauche puis descendez de soixante-douze,-43,-72
5480,allez de vingt-huit à gauche puis descendez de trente-six,-28,-36
5481,allez de soixante-quatre à gauche puis descendez de dix-sept,-64,-17
5482,allez de quarante-six à gauche puis descendez de quatre-vingt-huit,-46,-88
5483,allez de dix-huit à gauche puis descendez de soixante-deux,-18,-62
5484,allez de cinquante-cinq à gauche puis descendez de vingt-deux,-55,-22
5485,allez de quatre-vingt-dix-sept à gauche puis descendez de quatre-vingt-treize,-97,-93
5486,allez de quatre-vingt-treize à gauche puis descendez de trente-six,-93,-36
5487,allez de quatre-vingt-deux à gauche puis descendez de soixante-quatorze,-82,-74
5488,allez de huit à gauche puis descendez de quatre-vingt-cinq,-8,-85
5489,allez de soixante-dix-huit à gauche puis descendez de trente-huit,-78,-38
5490,allez de quarante-quatre à gauche puis descendez de vingt-six,-44,-26
5491,allez de soixante-deux à gauche puis descendez de soixante-huit,-62,-68
5492,allez de quatorze à gauche puis descendez de quatre-vingt-neuf,-14,-89
5493,allez de trente-six à gauche puis descendez de dix-sept,-36,-17
5494,allez de neuf à gauche puis descendez de soixante-dix-neuf,-9,-79
5495,allez de quarante à gauche puis descendez de quatre-vingt-dix,-40,-90
5496,allez de quatre-vingt-quatorze à gauche puis descendez de vingt-neuf,-94,-29
5497,allez de soixante et un à gauche puis descendez de quatre-vingt-dix-neuf,-61,-99
5498,allez de quatre-vingt-sept à gauche puis descendez de trente,-87,-30
5499,allez de huit à gauche puis descendez de soixante-trois,-8,-63
5500,allez de quatre-vingt-quatorze à gauche puis descendez de cinquante-deux,-94,-52
5501,allez de onze à gauche puis descendez de treize,-11,-13
5502,allez de quatre-vingt-douze à gauche puis descendez de vingt-neuf,-92,-29
5503,allez de quatre-vingt-huit à gauche puis descendez de soixante-seize,-88,-76
5504,allez de vingt-sept à gauche puis descendez de trente-six,-27,-36
5505,allez de soixante-douze à gauche puis descendez de soixante-dix,-72,-70
5506,allez de trente-trois à gauche puis descendez de soixante-six,-33,-66
5507,allez de soixante-treize à gauche puis descendez de huit,-73,-8
5508,allez de cinquante-six à gauche puis descendez de quatre-vingts,-56,-80
5509,allez de quarante-deux à gauche puis descendez de quatorze,-42,-14
5510,allez de cinquante à gauche puis descendez de quarante-sept,-50,-47
5511,allez de dix à gauche puis descendez de dix,-10,-10
5512,allez de quatre-vingt-douze à gauche puis descendez de soixante-deux,-92,-62
5513,allez de soixante-neuf à gauche puis descendez de quarante,-69,-40
5514,allez de soixante et un à gauche puis descendez de cinquante-deux,-61,-52
5515,allez de dix-huit à gauche puis descendez de soixante-dix-huit,-18,-78
5516,allez de soixante-quatre à gauche puis descendez de soixante,-64,-60
5517,allez de vingt-six à gauche puis descendez de cinquante-cinq,-26,-55
5518,allez de soixante-quatre à gauche puis descendez de cinquante-trois,-64,-53
5519,allez de trente-cinq à gauche puis descendez de soixante-dix-sept,-35,-77
5520,allez de quatre-vingts à gauche puis descendez de soixante-quinze,-80,-75
5521,allez de cinquante-deux à gauche puis descendez de soixante-quinze,-52,-75
5522,allez de trente-quatre à gauche puis descendez de cinquante-quatre,-34,-54
5523,allez de quarante-six à gauche puis descendez de cinquante-sept,-46,-57
5524,allez de quatre-vingt-douze à gauche puis descendez de dix-huit,-92,-18
5525,allez de un à gauche puis descendez de vingt-cinq,-1,-25
5526,allez de vingt-six à gauche puis descendez de cinquante et un,-26,-51
5527,allez de vingt-huit à gauche puis descendez de deux,-28,-2
5528,allez de trente-trois à gauche puis descendez de douze,-33,-12
5529,allez de cinquante à gauche puis descendez de cinquante-huit,-50,-58
5530,allez de seize à gauche puis descendez de trente-sept,-16,-37
5531,allez de soixante-six à gauche puis descendez de cinquante-huit,-66,-58
5532,allez de trente-neuf à gauche puis descendez de quatre-vingt-cinq,-39,-85
5533,allez de cinq à gauche puis descendez de quatre-vingt-trois,-5,-83
5534,allez de trente et un à gauche puis descendez de soixante et onze,-31,-71
5535,allez de quatre-vingt-deux à gauche puis descendez de vingt-quatre,-82,-24
5536,allez de trente-huit à gauche puis descendez de soixante-treize,-38,-73
5537,allez de quatre-vingt-huit à gauche puis descendez de vingt-sept,-88,-27
5538,allez de soixante-deux à gauche puis descendez de vingt-quatre,-62,-24
5539,allez de soixante-six à gauche puis descendez de vingt-deux,-66,-22
5540,allez de vingt-trois à gauche puis descendez de cent,-23,-100
5541,allez de vingt-six à gauche puis descendez de douze,-26,-12
5542,allez de quatre-vingt-onze à gauche puis descendez de quatre-vingt-seize,-91,-96
5543,allez de trente-quatre à gauche puis descendez de quatre-vingt-deux,-34,-82
5544,allez de vingt-deux à gauche puis descendez de cent,-22,-100
5545,allez de quatre-vingt-huit à gauche puis descendez de cent,-88,-100
5546,allez de dix-huit à gauche puis descendez de soixante-quatorze,-18,-74
5547,allez de quatre à gauche puis descendez de cinquante,-4,-50
5548,allez de vingt-cinq à gauche puis descendez de quarante-trois,-25,-43
5549,allez de dix-neuf à gauche puis descendez de quatre-vingt-quinze,-19,-95
5550,allez de vingt-deux à gauche puis descendez de quatre-vingt-dix-huit,-22,-98
5551,allez de trente-quatre à gauche puis descendez de vingt-deux,-34,-22
5552,allez de quatre-vingt-six à gauche puis descendez de quarante-trois,-86,-43
5553,allez de cinquante-huit à gauche puis descendez de soixante-sept,-58,-67
5554,allez de six à gauche puis descendez de quarante-quatre,-6,-44
5555,allez de soixante-cinq à gauche puis descendez de quarante-huit,-65,-48
5556,allez de quatre à gauche puis descendez de six,-4,-6
5557,allez de seize à gauche puis descendez de soixante-seize,-16,-76
5558,allez de quinze à gauche puis descendez de quatre-vingt-douze,-15,-92
5559,allez de soixante et onze à gauche puis descendez de quinze,-71,-15
5560,allez de quatre-vingt-onze à gauche puis descendez de trente et un,-91,-31
5561,allez de quatre-vingt-dix-neuf à gauche puis descendez de vingt-six,-99,-26
5562,allez de treize à gauche puis descendez de seize,-13,-16
5563,allez de soixante-quatre à gauche puis descendez de quatre-vingt-quinze,-64,-95
5564,allez de quatre-vingt-quatorze à gauche puis descendez de soixante-neuf,-94,-69
5565,allez de huit à gauche puis descendez de quatre-vingt-un,-8,-81
5566,allez de soixante-deux à gauche puis descendez de cinquante,-62,-50
5567,allez de quatre à gauche puis descendez de quatre-vingt-trois,-4,-83
5568,allez de quatre-vingt-dix-sept à gauche puis descendez de cinquante-sept,-97,-57
5569,allez de quatre-vingt-un à gauche puis descendez de vingt-sept,-81,-27
5570,allez de soixante-dix-huit à gauche puis descendez de cinquante-cinq,-78,-55
5571,allez de quatre-vingt-douze à gauche puis descendez de soixante,-92,-60
5572,allez de soixante à gauche puis descendez de quatre-vingt-douze,-60,-92
5573,allez de trente-huit à gauche puis descendez de quatre-vingt-dix-sept,-38,-97
5574,allez de quatre-vingt-huit à gauche puis descendez de quatre-vingt-dix,-88,-90
5575,allez de soixante-seize à gauche puis descendez de quatre-vingt-trois,-76,-83
5576,allez de six à gauche puis descendez de huit,-6,-8
5577,allez de soixante-huit à gauche puis descendez de quatre-vingts,-68,-80
5578,allez de soixante et onze à gauche puis descendez de quatre-vingt-quatorze,-71,-94
5579,allez de soixante à gauche puis descendez de quatre-vingt-trois,-60,-83
5580,allez de deux à gauche puis descendez de soixante-six,-2,-66
5581,allez de seize à gauche puis descendez de soixante-sept,-16,-67
5582,allez de cinquante-sept à gauche puis descendez de quatre-vingt-onze,-57,-91
5583,allez de quatre-vingt-neuf à gauche puis descendez de huit,-89,-8
5584,allez de quatre-vingt-huit à gauche puis descendez de trente-quatre,-88,-34
5585,allez de dix-sept à gauche puis descendez de vingt et un,-17,-21
5586,allez de cinquante-cinq à gauche puis descendez de trois,-55,-3
5587,allez de dix à gauche puis descendez de soixante-sept,-10,-67
5588,allez de cinquante et un à gauche puis descendez de vingt,-51,-20
5589,allez de quarante-quatre à gauche puis descendez de soixante-quinze,-44,-75
5590,allez de trente à gauche puis descendez de quatre-vingt-dix,-30,-90
5591,allez de vingt-six à gauche puis descendez de quarante et un,-26,-41
5592,allez de quatre-vingt-onze à gauche puis descendez de quatre-vingt-un,-91,-81
5593,allez de soixante-sept à gauche puis descendez de onze,-67,-11
5594,allez de trente-six à gauche puis descendez de quatre-vingt-dix-sept,-36,-97
5595,allez de trente-neuf à gauche puis descendez de vingt,-39,-20
5596,allez de soixante-dix à gauche puis descendez de huit,-70,-8
5597,allez de cent à gauche puis descendez de cinquante-cinq,-100,-55
5598,allez de quarante-cinq à gauche puis descendez de vingt-six,-45,-26
5599,allez de quatre-vingt-dix-neuf à gauche puis descendez de neuf,-99,-9
5600,allez de soixante-trois à gauche puis descendez de quarante-huit,-63,-48
5601,allez de vingt-deux à gauche puis descendez de quatre-vingt-douze,-22,-92
5602,allez de trente-quatre à gauche puis descendez de quarante-sept,-34,-47
5603,allez de vingt-trois à gauche puis descendez de cinquante,-23,-50
5604,allez de dix à gauche puis descendez de soixante et un,-10,-61
5605,allez de dix-sept à gauche puis descendez de soixante-seize,-17,-76
5606,allez de quatre-vingt-sept à gauche puis descendez de soixante-neuf,-87,-69
5607,allez de sept à gauche puis descendez de trente-cinq,-7,-35
5608,allez de six à gauche puis descendez de douze,-6,-12
5609,allez de quatre-vingt-dix-neuf à gauche puis descendez de soixante-cinq,-99,-65
5610,allez de quatre-vingt-un à gauche puis descendez de six,-81,-6
5611,allez de soixante et un à gauche puis descendez de trente-deux,-61,-32
5612,allez de quatre-vingt-dix-huit à gauche puis descendez de quatre-vingt-quinze,-98,-95
5613,allez de trente-six à gauche puis descendez de vingt-sept,-36,-27
5614,allez de quatre-vingt-douze à gauche puis descendez de soixante-quinze,-92,-75
5615,allez de soixante-huit à gauche puis descendez de trente-sept,-68,-37
5616,allez de quatre-vingt-neuf à gauche puis descendez de cinquante-six,-89,-56
5617,allez de quatre-vingt-onze à gauche puis descendez de trente-quatre,-91,-34
5618,allez de soixante-dix-huit à gauche puis descendez de huit,-78,-8
5619,allez de vingt-trois à gauche puis descendez de cent,-23,-100
5620,allez de trente-six à gauche puis descendez de trente-huit,-36,-38
5621,allez de quatre-vingt-sept à gauche puis descendez de quatre-vingt-quatorze,-87,-94
5622,allez de soixante et onze à gauche puis descendez de douze,-71,-12
5623,allez de vingt à gauche puis descendez de quinze,-20,-15
5624,allez de cinquante-huit à gauche puis descendez de quatre,-58,-4
5625,allez de cinquante et un à gauche puis descendez de quarante et un,-51,-41
5626,allez de douze à gauche puis descendez de quatre-vingt-neuf,-12,-89
5627,allez de quatre-vingt-douze à gauche puis descendez de six,-92,-6
5628,allez de quarante-trois à gauche puis descendez de soixante-douze,-43,-72
5629,allez de soixante à gauche puis descendez de quatre-vingt-quinze,-60,-95
5630,allez de quatre-vingt-dix à gauche puis descendez de dix-neuf,-90,-19
5631,allez de soixante-quatorze à gauche puis descendez de trente et un,-74,-31
5632,allez de quatre-vingt-onze à gauche puis descendez de soixante-deux,-91,-62
5633,allez de quatre-vingt-quatre à gauche puis descendez de cinquante-quatre,-84,-54
5634,allez de soixante-quatorze à gauche puis descendez de soixante-dix,-74,-70
5635,allez de vingt et un à gauche puis descendez de quarante-deux,-21,-42
5636,allez de soixante-trois à gauche puis descendez de soixante-huit,-63,-68
5637,allez de cinquante-sept à gauche puis descendez de quarante-cinq,-57,-45
5638,allez de sept à gauche puis descendez de quatre-vingt-dix,-7,-90
5639,allez de dix-huit à gauche puis descendez de trente-cinq,-18,-35
5640,allez de soixante-douze à gauche puis descendez de quatre-vingt-sept,-72,-87
5641,allez de neuf à gauche puis descendez de vingt-huit,-9,-28
5642,allez de quatre à gauche puis descendez de quatre-vingt-douze,-4,-92
5643,allez de soixante-dix-sept à gauche puis descendez de quatre-vingts,-77,-80
5644,allez de soixante-douze à gauche puis descendez de trente-trois,-72,-33
5645,allez de trois à gauche puis descendez de trente et un,-3,-31
5646,allez de cent à gauche puis descendez de quatre-vingt-dix,-100,-90
5647,allez de quinze à gauche puis descendez de quatre-vingt-quatre,-15,-84
5648,allez de quatre-vingt-dix-huit à gauche puis descendez de vingt-sept,-98,-27
5649,allez de soixante-sept à gauche puis descendez de soixante-quinze,-67,-75
5650,allez de soixante-dix à gauche puis descendez de soixante et onze,-70,-71
5651,allez de quatre-vingt-cinq à gauche puis descendez de cinquante-trois,-85,-53
5652,allez de soixante-douze à gauche puis descendez de soixante-quinze,-72,-75
5653,allez de six à gauche puis descendez de six,-6,-6
5654,allez de quatre-vingt-sept à gauche puis descendez de quatorze,-87,-14
5655,allez de vingt-quatre à gauche puis descendez de trente et un,-24,-31
5656,allez de soixante et un à gauche puis descendez de cinq,-61,-5
5657,allez de vingt-cinq à gauche puis descendez de soixante-cinq,-25,-65
5658,allez de trente-six à gauche puis descendez de deux,-36,-2
5659,allez de quarante-neuf à gauche puis descendez de quatre-vingt-cinq,-49,-85
5660,allez de trente-sept à gauche puis descendez de quatre-vingt-trois,-37,-83
5661,allez de quatre-vingt-six à gauche puis descendez de six,-86,-6
5662,allez de vingt-neuf à gauche puis descendez de vingt-cinq,-29,-25
5663,allez de deux à gauche puis descendez de vingt-quatre,-2,-24
5664,allez de quatre-vingt-un à gauche puis descendez de cinquante,-81,-50
5665,allez de onze à gauche puis descendez de quatre-vingt-cinq,-11,-85
5666,allez de soixante-huit à gauche puis descendez de cinquante-neuf,-68,-59
5667,allez de quatre-vingt-onze à gauche puis descendez de vingt-trois,-91,-23
5668,allez de soixante-dix-sept à gauche puis descendez de quatre,-77,-4
5669,allez de soixante et onze à gauche puis descendez de neuf,-71,-9
5670,allez de dix-huit à gauche puis descendez de quarante-trois,-18,-43
5671,allez de cinquante-six à gauche puis descendez de vingt-six,-56,-26
5672,allez de cinquante-quatre à gauche puis descendez de cinquante-quatre,-54,-54
5673,allez de quatre-vingt-trois à gauche puis descendez de quatre-vingt-dix,-83,-90
5674,allez de cinquante-quatre à gauche puis descendez de trente-huit,-54,-38
5675,allez de quatre-vingt-dix-huit à gauche puis descendez de trente-huit,-98,-38
5676,allez de cinquante à gauche puis descendez de quarante,-50,-40
5677,allez de quatre-vingts à gauche puis descendez de quatre-vingt-dix-huit,-80,-98
5678,allez de quatre-vingt-huit à gauche puis descendez de trente-huit,-88,-38
5679,allez de quatre-vingt-huit à gauche puis descendez de soixante-quatorze,-88,-74
5680,allez de quarante-sept à gauche puis descendez de quarante et un,-47,-41
5681,allez de soixante-quatre à gauche puis descendez de quatre-vingt-seize,-64,-96
5682,allez de quatre-vingt-trois à gauche puis descendez de soixante-neuf,-83,-69
5683,allez de soixante et onze à gauche puis descendez de quatre-vingt-un,-71,-81
5684,allez de soixante-quatorze à gauche puis descendez de quatre-vingt-dix-neuf,-74,-99
5685,allez de trente-neuf à gauche puis descendez de vingt-neuf,-39,-29
5686,allez de quarante-six à gauche puis descendez de soixante-trois,-46,-63
5687,allez de quatre-vingt-dix-sept à gauche puis descendez de quarante-six,-97,-46
5688,allez de quatre-vingt-neuf à gauche puis descendez de soixante-seize,-89,-76
5689,allez de vingt-six à gauche puis descendez de trente et un,-26,-31
5690,allez de soixante-six à gauche puis descendez de trente,-66,-30
5691,allez de cinquante-quatre à gauche puis descendez de quatre-vingt-neuf,-54,-89
5692,allez de onze à gauche puis descendez de quatre-vingt-cinq,-11,-85
5693,allez de dix-huit à gauche puis descendez de vingt,-18,-20
5694,allez de soixante-six à gauche puis descendez de trente-huit,-66,-38
5695,allez de quatre-vingt-deux à gauche puis descendez de quarante et un,-82,-41
5696,allez de trente-deux à gauche puis descendez de soixante-deux,-32,-62
5697,allez de soixante-sept à gauche puis descendez de quarante-neuf,-67,-49
5698,allez de quarante-six à gauche puis descendez de quatorze,-46,-14
5699,allez de soixante-dix-sept à gauche puis descendez de quarante,-77,-40
5700,allez de soixante-deux à gauche puis descendez de deux,-62,-2
5701,allez de quatre-vingt-huit à gauche puis descendez de trente-cinq,-88,-35
5702,allez de soixante-huit à gauche puis descendez de huit,-68,-8
5703,allez de neuf à gauche puis descendez de quarante-neuf,-9,-49
5704,allez de neuf à gauche puis descendez de soixante-quinze,-9,-75
5705,allez de soixante et onze à gauche puis descendez de soixante-dix,-71,-70
5706,allez de soixante-quatorze à gauche puis descendez de trente-deux,-74,-32
5707,allez de soixante-quatorze à gauche puis descendez de soixante-quatre,-74,-64
5708,allez de soixante-trois à gauche puis descendez de quatre-vingt-cinq,-63,-85
5709,allez de vingt-neuf à gauche puis descendez de vingt-deux,-29,-22
5710,allez de soixante à gauche puis descendez de soixante-trois,-60,-63
5711,allez de trente et un à gauche puis descendez de quatre-vingt-un,-31,-81
5712,allez de quarante-cinq à gauche puis descendez de soixante-huit,-45,-68
5713,allez de cinquante et un à gauche puis descendez de soixante-neuf,-51,-69
5714,allez de douze à gauche puis descendez de quarante-deux,-12,-42
5715,allez de quatre-vingt-douze à gauche puis descendez de quarante-six,-92,-46
5716,allez de vingt-six à gauche puis descendez de dix-huit,-26,-18
5717,allez de quatre-vingt-dix-sept à gauche puis descendez de quatre-vingt-deux,-97,-82
5718,allez de cinquante à gauche puis descendez de cinq,-50,-5
5719,allez de quarante-huit à gauche puis descendez de cinquante-sept,-48,-57
5720,allez de vingt-quatre à gauche puis descendez de trente-quatre,-24,-34
5721,allez de cinquante-cinq à gauche puis descendez de quarante-six,-55,-46
5722,allez de soixante-neuf à gauche puis descendez de trente-trois,-69,-33
5723,allez de soixante-quatre à gauche puis descendez de soixante-treize,-64,-73
5724,allez de soixante-quinze à gauche puis descendez de quatre-vingt-dix-huit,-75,-98
5725,allez de cinquante-neuf à gauche puis descendez de cinquante-quatre,-59,-54
5726,allez de soixante-quinze à gauche puis descendez de six,-75,-6
5727,allez de quatre-vingt-douze à gauche puis descendez de quatre-vingt-dix-neuf,-92,-99
5728,allez de quatre-vingt-quatorze à gauche puis descendez de quatre,-94,-4
5729,allez de quarante-trois à gauche puis descendez de vingt-cinq,-43,-25
5730,allez de cinquante à gauche puis descendez de trente-trois,-50,-33
5731,allez de quarante-six à gauche puis descendez de trente,-46,-30
5732,allez de soixante-dix-neuf à gauche puis descendez de trente-deux,-79,-32
5733,allez de quarante à gauche puis descendez de trente-six,-40,-36
5734,allez de soixante-six à gauche puis descendez de cinquante-cinq,-66,-55
5735,allez de trente-deux à gauche puis descendez de douze,-32,-12
5736,allez de vingt-deux à gauche puis descendez de quatre-vingt-neuf,-22,-89
5737,allez de quarante et un à gauche puis descendez de vingt-quatre,-41,-24
5738,allez de soixante-dix à gauche puis descendez de quarante-trois,-70,-43
5739,allez de quatorze à gauche puis descendez de soixante-quinze,-14,-75
5740,allez de trente-cinq à gauche puis descendez de dix-huit,-35,-18
5741,allez de trente-sept à gauche puis descendez de quatre-vingt-neuf,-37,-89
5742,allez de vingt-sept à gauche puis descendez de soixante-dix,-27,-70
5743,allez de vingt à gauche puis descendez de dix,-20,-10
5744,allez de seize à gauche puis descendez de soixante-sept,-16,-67
5745,allez de quatre-vingt-seize à gauche puis descendez de soixante-deux,-96,-62
5746,allez de quatre-vingt-onze à gauche puis descendez de soixante-dix-sept,-91,-77
5747,allez de quarante-deux à gauche puis descendez de seize,-42,-16
5748,allez de quarante-trois à gauche puis descendez de douze,-43,-12
5749,allez de soixante à gauche puis descendez de cinquante,-60,-50
5750,allez de quarante-deux à gauche puis descendez de vingt-cinq,-42,-25
5751,allez de soixante-dix-neuf à gauche puis descendez de cinquante-deux,-79,-52
5752,allez de trente-quatre à gauche puis descendez de soixante-dix,-34,-70
5753,allez de trente-neuf à gauche puis descendez de quarante et un,-39,-41
5754,allez de huit à gauche puis descendez de cinquante et un,-8,-51
5755,allez de quarante-sept à gauche puis descendez de soixante-dix-neuf,-47,-79
5756,allez de huit à gauche puis descendez de soixante-dix-neuf,-8,-79
5757,allez de soixante-sept à gauche puis descendez de cinquante-deux,-67,-52
5758,allez de cinquante à gauche puis descendez de soixante-neuf,-50,-69
5759,allez de un à gauche puis descendez de trente-quatre,-1,-34
5760,allez de soixante-dix-sept à gauche puis descendez de cinquante-trois,-77,-53
5761,allez de quatre-vingt-cinq à gauche puis descendez de soixante-dix-sept,-85,-77
5762,allez de cinquante-cinq à gauche puis descendez de trois,-55,-3
5763,allez de cinquante-trois à gauche puis descendez de quatre-vingt-seize,-53,-96
5764,allez de un à gauche puis descendez de trente-cinq,-1,-35
5765,allez de trente-quatre à gauche puis descendez de quatre-vingt-neuf,-34,-89
5766,allez de seize à gauche puis descendez de soixante-treize,-16,-73
5767,allez de cinquante-neuf à gauche puis descendez de quatre-vingt-dix-neuf,-59,-99
5768,allez de quatre-vingt-quatre à gauche puis descendez de trente-deux,-84,-32
5769,allez de quarante-six à gauche puis descendez de vingt et un,-46,-21
5770,allez de soixante-seize à gauche puis descendez de dix-sept,-76,-17
5771,allez de sept à gauche puis descendez de quatre-vingt-dix,-7,-90
5772,allez de dix-neuf à gauche puis descendez de quatre-vingt-quatre,-19,-84
5773,allez de soixante-quatre à gauche puis descendez de trois,-64,-3
5774,allez de soixante-cinq à gauche puis descendez de soixante,-65,-60
5775,allez de soixante à gauche puis descendez de neuf,-60,-9
5776,allez de cinquante-sept à gauche puis descendez de soixante-seize,-57,-76
5777,allez de trente-cinq à gauche puis descendez de quarante-trois,-35,-43
5778,allez de trente-quatre à gauche puis descendez de soixante-quatre,-34,-64
5779,allez de quarante-trois à gauche puis descendez de dix,-43,-10
5780,allez de soixante-quatre à gauche puis descendez de vingt,-64,-20
5781,allez de soixante-sept à gauche puis descendez de quarante et un,-67,-41
5782,allez de douze à gauche puis descendez de quatre-vingt-neuf,-12,-89
5783,allez de cinquante-six à gauche puis descendez de deux,-56,-2
5784,allez de quarante-deux à gauche puis descendez de quatre-vingt-six,-42,-86
5785,allez de cinquante-quatre à gauche puis descendez de soixante-six,-54,-66
5786,allez de soixante-dix à gauche puis descendez de quatre-vingt-seize,-70,-96
5787,allez de trente-huit à gauche puis descendez de six,-38,-6
5788,allez de seize à gauche puis descendez de vingt et un,-16,-21
5789,allez de vingt-quatre à gauche puis descendez de trente-sept,-24,-37
5790,allez de quatre-vingt-treize à gauche puis descendez de quatre-vingt-douze,-93,-92
5791,allez de quatre-vingt-neuf à gauche puis descendez de trente-trois,-89,-33
5792,allez de cent à gauche puis descendez de cinquante,-100,-50
5793,allez de soixante-douze à gauche puis descendez de quatre-vingt-trois,-72,-83
5794,allez de quatre-vingt-six à gauche puis descendez de quatre,-86,-4
5795,allez de quatre-vingt-un à gauche puis descendez de vingt et un,-81,-21
5796,allez de soixante-dix-sept à gauche puis descendez de soixante et onze,-77,-71
5797,allez de soixante-deux à gauche puis descendez de vingt-cinq,-62,-25
5798,allez de quatre-vingt-trois à gauche puis descendez de vingt-trois,-83,-23
5799,allez de quarante-quatre à gauche puis descendez de quatre-vingt-treize,-44,-93
5800,allez de quatre-vingt-sept à gauche puis descendez de vingt-cinq,-87,-25
5801,allez de trente-quatre à gauche puis descendez de trente-neuf,-34,-39
5802,allez de cinquante-six à gauche puis descendez de quarante-sept,-56,-47
5803,allez de quatre-vingt-onze à gauche puis descendez de quatre-vingt-onze,-91,-91
5804,allez de soixante-quinze à gauche puis descendez de quarante,-75,-40
5805,allez de cinquante-sept à gauche puis descendez de soixante-quinze,-57,-75
5806,allez de trente et un à gauche puis descendez de quarante-cinq,-31,-45
5807,allez de quarante-cinq à gauche puis descendez de dix,-45,-10
5808,allez de trois à gauche puis descendez de quatre-vingt-deux,-3,-82
5809,allez de quatorze à gauche puis descendez de cinquante-six,-14,-56
5810,allez de quatre-vingt-dix-sept à gauche puis descendez de soixante-quinze,-97,-75
5811,allez de trente-neuf à gauche puis descendez de seize,-39,-16
5812,allez de dix-sept à gauche puis descendez de soixante et un,-17,-61
5813,allez de vingt-neuf à gauche puis descendez de trente-trois,-29,-33
5814,allez de quarante et un à gauche puis descendez de cinquante-quatre,-41,-54
5815,allez de soixante-quatorze à gauche puis descendez de quatre-vingt-douze,-74,-92
5816,allez de deux à gauche puis descendez de neuf,-2,-9
5817,allez de trente-six à gauche puis descendez de quinze,-36,-15
5818,allez de quatre-vingt-quatorze à gauche puis descendez de soixante-neuf,-94,-69
5819,allez de soixante-huit à gauche puis descendez de cinquante-sept,-68,-57
5820,allez de soixante-huit à gauche puis descendez de vingt-neuf,-68,-29
5821,allez de quatre-vingt-dix-sept à gauche puis descendez de soixante-six,-97,-66
5822,allez de cinquante et un à gauche puis descendez de soixante-quatre,-51,-64
5823,allez de six à gauche puis descendez de cinquante-trois,-6,-53
5824,allez de soixante-cinq à gauche puis descendez de soixante-sept,-65,-67
5825,allez de trente à gauche puis descendez de soixante-deux,-30,-62
5826,allez de cinquante-cinq à gauche puis descendez de huit,-55,-8
5827,allez de quatre à gauche puis descendez de soixante-deux,-4,-62
5828,allez de quarante-quatre à gauche puis descendez de quatre,-44,-4
5829,allez de quarante-neuf à gauche puis descendez de trente et un,-49,-31
5830,allez de soixante-quatorze à gauche puis descendez de quatre-vingt-cinq,-74,-85
5831,allez de soixante-neuf à gauche puis descendez de trente-quatre,-69,-34
5832,allez de quarante-deux à gauche puis descendez de cinquante-trois,-42,-53
5833,allez de trente et un à gauche puis descendez de soixante-trois,-31,-63
5834,allez de un à gauche puis descendez de soixante-seize,-1,-76
5835,allez de cinquante-neuf à gauche puis descendez de quatre-vingt-deux,-59,-82
5836,allez de trente-neuf à gauche puis descendez de soixante et onze,-39,-71
5837,allez de soixante-quatorze à gauche puis descendez de soixante-neuf,-74,-69
5838,allez de trente-six à gauche puis descendez de quatre,-36,-4
5839,allez de un à gauche puis descendez de quarante-trois,-1,-43
5840,allez de douze à gauche puis descendez de soixante-seize,-12,-76
5841,allez de vingt et un à gauche puis descendez de un,-21,-1
5842,allez de trente-sept à gauche puis descendez de quatre,-37,-4
5843,allez de soixante-dix-sept à gauche puis descendez de quatre-vingt-quatre,-77,-84
5844,allez de neuf à gauche puis descendez de trente-neuf,-9,-39
5845,allez de soixante à gauche puis descendez de quatre-vingt-seize,-60,-96
5846,allez de vingt-deux à gauche puis descendez de vingt-huit,-22,-28
5847,allez de trois à gauche puis descendez de trente-trois,-3,-33
5848,allez de quatre-vingt-un à gauche puis descendez de soixante-quatre,-81,-64
5849,allez de vingt-huit à gauche puis descendez de cinquante et un,-28,-51
5850,allez de soixante-treize à gauche puis descendez de soixante-quatre,-73,-64
5851,allez de soixante-quinze à gauche puis descendez de sept,-75,-7
5852,allez de dix-neuf à gauche puis descendez de sept,-19,-7
5853,allez de vingt à gauche puis descendez de vingt-six,-20,-26
5854,allez de soixante à gauche puis descendez de quatre-vingt-cinq,-60,-85
5855,allez de quatre-vingt-huit à gauche puis descendez de quatre-vingt-quatre,-88,-84
5856,allez de quarante-huit à gauche puis descendez de cinquante-deux,-48,-52
5857,allez de soixante-quatorze à gauche puis descendez de soixante-quatorze,-74,-74
5858,allez de cinquante-quatre à gauche puis descendez de trente-six,-54,-36
5859,allez de soixante à gauche puis descendez de vingt-sept,-60,-27
5860,allez de quatre-vingt-trois à gauche puis descendez de vingt-sept,-83,-27
5861,allez de soixante-treize à gauche puis descendez de trente,-73,-30
5862,allez de quatre-vingt-huit à gauche puis descendez de soixante-dix,-88,-70
5863,allez de quatre-vingt-six à gauche puis descendez de cent,-86,-100
5864,allez de quarante-sept à gauche puis descendez de cinquante-sept,-47,-57
5865,allez de trente-neuf à gauche puis descendez de trente-trois,-39,-33
5866,allez de soixante-dix à gauche puis descendez de quatre-vingt-quatre,-70,-84
5867,allez de trente-cinq à gauche puis descendez de soixante-trois,-35,-63
5868,allez de quarante et un à gauche puis descendez de soixante-sept,-41,-67
5869,allez de quatre-vingt-treize à gauche puis descendez de dix-huit,-93,-18
5870,allez de quatre-vingt-dix-sept à gauche puis descendez de quatre-vingt-seize,-97,-96
5871,allez de quatre-vingt-six à gauche puis descendez de dix-neuf,-86,-19
5872,allez de trente-trois à gauche puis descendez de quatre-vingt-treize,-33,-93
5873,allez de six à gauche puis descendez de quatre-vingt-dix-sept,-6,-97
5874,allez de quatre-vingt-un à gauche puis descendez de trente-huit,-81,-38
5875,allez de vingt à gauche puis descendez de neuf,-20,-9
5876,allez de quatre-vingt-huit à gauche puis descendez de trente et un,-88,-31
5877,allez de cinquante-deux à gauche puis descendez de quatre-vingt-dix,-52,-90
5878,allez de quatre-vingts à gauche puis descendez de vingt-trois,-80,-23
5879,allez de cinquante à gauche puis descendez de un,-50,-1
5880,allez de cinquante-quatre à gauche puis descendez de cinquante-neuf,-54,-59
5881,allez de vingt-sept à gauche puis descendez de trente-trois,-27,-33
5882,allez de soixante-quatorze à gauche puis descendez de quatre-vingt-cinq,-74,-85
5883,allez de trois à gauche puis descendez de trente-six,-3,-36
5884,allez de soixante-quinze à gauche puis descendez de trente et un,-75,-31
5885,allez de trente-sept à gauche puis descendez de soixante-huit,-37,-68
5886,allez de cinquante-cinq à gauche puis descendez de vingt-sept,-55,-27
5887,allez de cinquante et un à gauche puis descendez de dix-huit,-51,-18
5888,allez de cinquante-quatre à gauche puis descendez de cinquante-sept,-54,-57
5889,allez de dix-sept à gauche puis descendez de quatre-vingt-dix-huit,-17,-98
5890,allez de trente à gauche puis descendez de vingt et un,-30,-21
5891,allez de trente à gauche puis descendez de onze,-30,-11
5892,allez de soixante-dix-neuf à gauche puis descendez de soixante-douze,-79,-72
5893,allez de quarante-six à gauche puis descendez de soixante-dix,-46,-70
5894,allez de cinquante-neuf à gauche puis descendez de vingt-trois,-59,-23
5895,allez de soixante-cinq à gauche puis descendez de soixante-cinq,-65,-65
5896,allez de quatre-vingt-deux à gauche puis descendez de cent,-82,-100
5897,allez de soixante-deux à gauche puis descendez de soixante-douze,-62,-72
5898,allez de cinquante et un à gauche puis descendez de cent,-51,-100
5899,allez de soixante-deux à gauche puis descendez de quatre-vingt-sept,-62,-87
5900,allez de quatre-vingt-quatre à gauche puis descendez de trente-neuf,-84,-39
5901,allez de cinquante-huit à gauche puis descendez de quatre-vingt-quatre,-58,-84
5902,allez de soixante-huit à gauche puis descendez de quarante-deux,-68,-42
5903,allez de quatre à gauche puis descendez de cinquante-trois,-4,-53
5904,allez de sept à gauche puis descendez de soixante-seize,-7,-76
5905,allez de cinquante-six à gauche puis descendez de soixante-deux,-56,-62
5906,allez de quatre-vingt-douze à gauche puis descendez de vingt-deux,-92,-22
5907,allez de neuf à gauche puis descendez de seize,-9,-16
5908,allez de vingt-six à gauche puis descendez de soixante et un,-26,-61
5909,allez de cinquante-six à gauche puis descendez de neuf,-56,-9
5910,allez de cinquante-sept à gauche puis descendez de soixante-neuf,-57,-69
5911,allez de quarante-neuf à gauche puis descendez de quatre-vingt-huit,-49,-88
5912,allez de vingt-trois à gauche puis descendez de douze,-23,-12
5913,allez de onze à gauche puis descendez de quarante-sept,-11,-47
5914,allez de treize à gauche puis descendez de cinquante-six,-13,-56
5915,allez de cent à gauche puis descendez de vingt,-100,-20
5916,allez de quatre-vingt-douze à gauche puis descendez de vingt-sept,-92,-27
5917,allez de trois à gauche puis descendez de cinquante-trois,-3,-53
5918,allez de quatre-vingt-quatorze à gauche puis descendez de dix-neuf,-94,-19
5919,allez de quatre-vingt-onze à gauche puis descendez de cinquante,-91,-50
5920,allez de quatre-vingt-sept à gauche puis descendez de quatre-vingts,-87,-80
5921,allez de quatre-vingt-dix-neuf à gauche puis descendez de cent,-99,-100
5922,allez de dix-neuf à gauche puis descendez de trente-quatre,-19,-34
5923,allez de dix-huit à gauche puis descendez de seize,-18,-16
5924,allez de soixante à gauche puis descendez de vingt-cinq,-60,-25
5925,allez de soixante-neuf à gauche puis descendez de quarante,-69,-40
5926,allez de quatre-vingt-trois à gauche puis descendez de trente,-83,-30
5927,allez de trente-quatre à gauche puis descendez de cinquante-deux,-34,-52
5928,allez de quatre-vingt-dix-huit à gauche puis descendez de quarante-trois,-98,-43
5929,allez de soixante-quinze à gauche puis descendez de cinquante-cinq,-75,-55
5930,allez de quatre-vingt-quatorze à gauche puis descendez de soixante-dix-huit,-94,-78
5931,allez de soixante à gauche puis descendez de sept,-60,-7
5932,allez de cinquante-cinq à gauche puis descendez de vingt-huit,-55,-28
5933,allez de soixante-dix à gauche puis descendez de vingt-neuf,-70,-29
5934,allez de quarante-sept à gauche puis descendez de dix-neuf,-47,-19
5935,allez de soixante-douze à gauche puis descendez de quatre-vingts,-72,-80
5936,allez de soixante-deux à gauche puis descendez de quarante-sept,-62,-47
5937,allez de soixante-cinq à gauche puis descendez de quatre,-65,-4
5938,allez de quatre à gauche puis descendez de soixante-quinze,-4,-75
5939,allez de quatre-vingt-deux à gauche puis descendez de trente-deux,-82,-32
5940,allez de trente-quatre à gauche puis descendez de trente-neuf,-34,-39
5941,allez de quarante-six à gauche puis descendez de quatre-vingt-un,-46,-81
5942,allez de huit à gauche puis descendez de soixante-douze,-8,-72
5943,allez de quatre-vingt-un à gauche puis descendez de soixante-dix,-81,-70
5944,allez de dix-sept à gauche puis descendez de cent,-17,-100
5945,allez de trente-huit à gauche puis descendez de soixante-dix-sept,-38,-77
5946,allez de quatre-vingt-cinq à gauche puis descendez de quarante-deux,-85,-42
5947,allez de quarante-huit à gauche puis descendez de quinze,-48,-15
5948,allez de quarante et un à gauche puis descendez de trente-sept,-41,-37
5949,allez de quatre-vingt-trois à gauche puis descendez de vingt-quatre,-83,-24
5950,allez de trente-six à gauche puis descendez de soixante-seize,-36,-76
5951,allez de un à gauche puis descendez de soixante-neuf,-1,-69
5952,allez de soixante-quatorze à gauche puis descendez de trente-deux,-74,-32
5953,allez de quatre-vingt-trois à gauche puis descendez de cinquante et un,-83,-51
5954,allez de quarante-huit à gauche puis descendez de quarante,-48,-40
5955,allez de soixante-seize à gauche puis descendez de quarante-six,-76,-46
5956,allez de cinquante-quatre à gauche puis descendez de quatre-vingt-sept,-54,-87
5957,allez de un à gauche puis descendez de huit,-1,-8
5958,allez de quatre-vingt-neuf à gauche puis descendez de quarante-quatre,-89,-44
5959,allez de cent à gauche puis descendez de soixante-cinq,-100,-65
5960,allez de neuf à gauche puis descendez de quarante-quatre,-9,-44
5961,allez de quarante-quatre à gauche puis descendez de quarante-six,-44,-46
5962,allez de soixante-quinze à gauche puis descendez de cinquante-cinq,-75,-55
5963,allez de soixante-deux à gauche puis descendez de quatre-vingt-quatre,-62,-84
5964,allez de cinquante-huit à gauche puis descendez de cinquante-six,-58,-56
5965,allez de quatre-vingt-seize à gauche puis descendez de vingt-trois,-96,-23
5966,allez de seize à gauche puis descendez de cinquante-deux,-16,-52
5967,allez de soixante-cinq à gauche puis descendez de quatre-vingt-dix-sept,-65,-97
5968,allez de soixante-huit à gauche puis descendez de un,-68,-1
5969,allez de quarante-trois à gauche puis descendez de quatorze,-43,-14
5970,allez de quatorze à gauche puis descendez de soixante-seize,-14,-76
5971,allez de quatre-vingts à gauche puis descendez de treize,-80,-13
5972,allez de cinquante-sept à gauche puis descendez de quinze,-57,-15
5973,allez de quatre à gauche puis descendez de quarante-trois,-4,-43
5974,allez de soixante-dix-huit à gauche puis descendez de trente,-78,-30
5975,allez de sept à gauche puis descendez de vingt et un,-7,-21
5976,allez de cinquante-quatre à gauche puis descendez de quatre-vingt-dix-neuf,-54,-99
5977,allez de soixante-dix-sept à gauche puis descendez de soixante-deux,-77,-62
5978,allez de soixante à gauche puis descendez de neuf,-60,-9
5979,allez de quarante-cinq à gauche puis descendez de quatre-vingt-dix,-45,-90
5980,allez de quatre-vingt-trois à gauche puis descendez de quarante-deux,-83,-42
5981,allez de quarante-deux à gauche puis descendez de quarante-six,-42,-46
5982,allez de trente-sept à gauche puis descendez de soixante-huit,-37,-68
5983,allez de douze à gauche puis descendez de quarante-huit,-12,-48
5984,allez de soixante-quatorze à gauche puis descendez de quatre-vingt-huit,-74,-88
5985,allez de quatre-vingts à gauche puis descendez de soixante et un,-80,-61
5986,allez de quatre-vingt-trois à gauche puis descendez de quatre-vingt-douze,-83,-92
5987,allez de vingt à gauche puis descendez de cinquante-huit,-20,-58
5988,allez de quarante-deux à gauche puis descendez de quatre-vingt-quatre,-42,-84
5989,allez de trente-sept à gauche puis descendez de quatre-vingt-quatre,-37,-84
5990,allez de quarante et un à gauche puis descendez de quarante-six,-41,-46
5991,allez de quatre-vingt-douze à gauche puis descendez de trente et un,-92,-31
5992,allez de soixante-six à gauche puis descendez de quarante-deux,-66,-42
5993,allez de quatre-vingts à gauche puis descendez de soixante-seize,-80,-76
5994,allez de quatorze à gauche puis descendez de vingt-deux,-14,-22
5995,allez de quatre-vingt-dix-neuf à gauche puis descendez de dix-huit,-99,-18
5996,allez de cinquante-neuf à gauche puis descendez de cent,-59,-100
5997,allez de soixante-dix à gauche puis descendez de soixante-sept,-70,-67
5998,allez de trente et un à gauche puis descendez de quatre-vingt-huit,-31,-88
5999,allez de quatre-vingt-dix-huit à gauche puis descendez de quatre,-98,-4
6000,allez de vingt-huit à droite puis montez de cent,28,100
6001,allez de cinquante-cinq à droite puis montez de trente et un,55,31
6002,allez de trente et un à droite puis montez de dix,31,10
6003,allez de quatre-vingt-quatre à droite puis montez de trente-huit,84,38
6004,allez de trente et un à droite puis montez de vingt-sept,31,27
6005,allez de dix-neuf à droite puis montez de quatre-vingt-onze,19,91
6006,allez de trente-quatre à droite puis montez de trente-cinq,34,35
6007,allez de quatre-vingt-huit à droite puis montez de sept,88,7
6008,allez de cinq à droite puis montez de soixante-treize,5,73
6009,allez de soixante-dix-neuf à droite puis montez de quatre-vingt-trois,79,83
6010,allez de soixante-seize à droite puis montez de quatre,76,4
6011,allez de cent à droite puis montez de quatre-vingt-dix-huit,100,98
6012,allez de trente-sept à droite puis montez de quarante-trois,37,43
6013,allez de onze à droite puis montez de vingt,11,20
6014,allez de soixante-treize à droite puis montez de trente-neuf,73,39
6015,allez de dix-neuf à droite puis montez de trente-trois,19,33
6016,allez de quatre-vingt-dix-sept à droite puis montez de cinquante-cinq,97,55
6017,allez de quatre-vingt-deux à droite puis montez de cinquante-deux,82,52
6018,allez de cinquante et un à droite puis montez de trente,51,30
6019,allez de quatre-vingt-dix-sept à droite puis montez de soixante-neuf,97,69
6020,allez de trente-quatre à droite puis montez de cinquante et un,34,51
6021,allez de neuf à droite puis montez de quatre-vingt-quatre,9,84
6022,allez de quatre-vingt-onze à droite puis montez de cinquante-neuf,91,59
6023,allez de douze à droite puis montez de quatre-vingt-six,12,86
6024,allez de quatre-vingt-six à droite puis montez de quarante-neuf,86,49
6025,allez de soixante-douze à droite puis montez de douze,72,12
6026,allez de soixante-dix-sept à droite puis montez de vingt-cinq,77,25
6027,allez de trente à droite puis montez de soixante-deux,30,62
6028,allez de cinquante-deux à droite puis montez de soixante-quatre,52,64
6029,allez de quatre-vingt-cinq à droite puis montez de soixante-quinze,85,75
6030,allez de soixante à droite puis montez de quarante-huit,60,48
6031,allez de vingt-huit à droite puis montez de cinquante-cinq,28,55
6032,allez de soixante-deux à droite puis montez de neuf,62,9
6033,allez de trente-sept à droite puis montez de trente-huit,37,38
6034,allez de seize à droite puis montez de quatre-vingt-deux,16,82
6035,allez de soixante-sept à droite puis montez de soixante-dix,67,70
6036,allez de cinquante-quatre à droite puis montez de quatre-vingt-douze,54,92
6037,allez de trente-deux à droite puis montez de soixante-six,32,66
6038,allez de quatre à droite puis montez de onze,4,11
6039,allez de cinquante-sept à droite puis montez de soixante-trois,57,63
6040,allez de quatre-vingt-un à droite puis montez de quarante-deux,81,42
6041,allez de quatre-vingt-dix à droite puis montez de soixante-deux,90,62
6042,allez de quarante-deux à droite puis montez de trente-sept,42,37
6043,allez de soixante-dix-sept à droite puis montez de cinquante-deux,77,52
6044,allez de soixante-huit à droite puis montez de treize,68,13
6045,allez de cinquante-huit à droite puis montez de soixante-dix-neuf,58,79
6046,allez de quinze à droite puis montez de cinquante-cinq,15,55
6047,allez de soixante à droite puis montez de quarante-quatre,60,44
6048,allez de cinquante-cinq à droite puis montez de dix,55,10
6049,allez de quatre-vingts à droite puis montez de cinquante-six,80,56
6050,allez de trente-deux à droite puis montez de dix-huit,32,18
6051,allez de quatre-vingt-deux à droite puis montez de onze,82,11
6052,allez de quatre-vingt-six à droite puis montez de quarante-six,86,46
6053,allez de quinze à droite puis montez de quatre-vingt-trois,15,83
6054,allez de soixante-seize à droite puis montez de quarante-neuf,76,49
6055,allez de quatre-vingt-quinze à droite puis montez de dix-huit,95,18
6056,allez de soixante-dix-huit à droite puis montez de cinquante et un,78,51
6057,allez de cinquante-cinq à droite puis montez de trente-six,55,36
6058,allez de trente-deux à droite puis montez de dix,32,10
6059,allez de soixante-treize à droite puis montez de soixante-dix-huit,73,78
6060,allez de quatre-vingt-dix à droite puis montez de soixante-seize,90,76
6061,allez de vingt-deux à droite puis montez de quatre-vingt-douze,22,92
6062,allez de trente-six à droite puis montez de cinquante-quatre,36,54
6063,allez de quatre-vingt-trois à droite puis montez de soixante-seize,83,76
6064,allez de cinquante-cinq à droite puis montez de quatre-vingt-dix-huit,55,98
6065,allez de quatre-vingt-trois à droite puis montez de cinquante-sept,83,57
6066,allez de quatre-vingt-treize à droite puis montez de vingt-sept,93,27
6067,allez de quatre-vingt-douze à droite puis montez de six,92,6
6068,allez de dix à droite puis montez de soixante-quatorze,10,74
6069,allez de onze à droite puis montez de quatre-vingts,11,80
6070,allez de quatre-vingt-onze à droite puis montez de quatre-vingt-six,91,86
6071,allez de quatre-vingt-huit à droite puis montez de cinquante-deux,88,52
6072,allez de quatre à droite puis montez de soixante-douze,4,72
6073,allez de un à droite puis montez de quatre-vingt-quatorze,1,94
6074,allez de soixante-dix-neuf à droite puis montez de quatorze,79,14
6075,allez de quarante-sept à droite puis montez de vingt-trois,47,23
6076,allez de soixante-deux à droite puis montez de quatre-vingt-neuf,62,89
6077,allez de cinquante-six à droite puis montez de vingt-neuf,56,29
6078,allez de vingt et un à droite puis montez de vingt-quatre,21,24
6079,allez de sept à droite puis montez de soixante-treize,7,73
6080,allez de quinze à droite puis montez de quatre-vingt-sept,15,87
6081,allez de quatre-vingt-dix-neuf à droite puis montez de dix-neuf,99,19
6082,allez de vingt-neuf à droite puis montez de soixante-quinze,29,75
6083,allez de quatre-vingt-dix-neuf à droite puis montez de huit,99,8
6084,allez de douze à droite puis montez de quatre-vingt-huit,12,88
6085,allez de quarante-cinq à droite puis montez de quatre-vingt-douze,45,92
6086,allez de quatre à droite puis montez de quatre-vingt-seize,4,96
6087,allez de trente-deux à droite puis montez de soixante et un,32,61
6088,allez de quatre-vingt-treize à droite puis montez de soixante-cinq,93,65
6089,allez de quatre-vingt-dix-neuf à droite puis montez de quatre-vingt-trois,99,83
6090,allez de quatre-vingt-quatorze à droite puis montez de cinquante-trois,94,53
6091,allez de quatre-vingt-onze à droite puis montez de quatre-vingt-quinze,91,95
6092,allez de quarante et un à droite puis montez de dix-neuf,41,19
6093,allez de seize à droite puis montez de cinquante et un,16,51
6094,allez de vingt-neuf à droite puis montez de cinquante-neuf,29,59
6095,allez de quatre-vingt-treize à droite puis montez de cinquante-trois,93,53
6096,allez de soixante-trois à droite puis montez de soixante-trois,63,63
6097,allez de cinquante-six à droite puis montez de quatre-vingt-deux,56,82
6098,allez de six à droite puis montez de vingt-deux,6,22
6099,allez de dix-sept à droite puis montez de quatre-vingt-douze,17,92
6100,allez de quinze à droite puis montez de soixante-treize,15,73
6101,allez de quatre-vingt-douze à droite puis montez de quarante et un,92,41
6102,allez de dix à droite puis montez de soixante-dix-sept,10,77
6103,allez de dix-sept à droite puis montez de quatorze,17,14
6104,allez de quarante-neuf à droite puis montez de soixante-dix-neuf,49,79
6105,allez de cinquante-six à droite puis montez de quatre-vingt-deux,56,82
6106,allez de soixante-six à droite puis montez de quatre-vingt-huit,66,88
6107,allez de quarante-huit à droite puis montez de trente-trois,48,33
6108,allez de cinquante et un à droite puis montez de soixante-sept,51,67
6109,allez de quarante et un à droite puis montez de onze,41,11
6110,allez de vingt-quatre à droite puis montez de quatre-vingt-un,24,81
6111,allez de soixante-douze à droite puis montez de quatre-vingt-un,72,81
6112,allez de soixante-dix-huit à droite puis montez de trente-quatre,78,34
6113,allez de quatorze à droite puis montez de sept,14,7
6114,allez de vingt-huit à droite puis montez de quatre-vingt-sept,28,87
6115,allez de soixante-dix à droite puis montez de cinquante et un,70,51
6116,allez de quatre-vingt-un à droite puis montez de cinq,81,5
6117,allez de soixante-quatorze à droite puis montez de quarante-six,74,46
6118,allez de soixante-cinq à droite puis montez de trente-quatre,65,34
6119,allez de cinquante-six à droite puis montez de quatre-vingt-huit,56,88
6120,allez de quinze à droite puis montez de quinze,15,15
6121,allez de onze à droite puis montez de quarante-trois,11,43
6122,allez de vingt-huit à droite puis montez de soixante-deux,28,62
6123,allez de trente-six à droite puis montez de soixante-douze,36,72
6124,allez de quarante-cinq à droite puis montez de quarante-trois,45,43
6125,allez de dix-sept à droite puis montez de quarante,17,40
6126,allez de trente à droite puis montez de treize,30,13
6127,allez de soixante-dix-neuf à droite puis montez de vingt,79,20
6128,allez de quatre-vingt-trois à droite puis montez de quatre-vingt-six,83,86
6129,allez de soixante-sept à droite puis montez de cinquante,67,50
6130,allez de cinquante et un à droite puis montez de vingt-cinq,51,25
6131,allez de quinze à droite puis montez de soixante-neuf,15,69
6132,allez de quatre-vingt-seize à droite puis montez de soixante-huit,96,68
6133,allez de vingt-cinq à droite puis montez de quarante-sept,25,47
6134,allez de dix-sept à droite puis montez de soixante-sept,17,67
6135,allez de quatre-vingt-six à droite puis montez de cinquante et un,86,51
6136,allez de quatre-vingt-quatre à droite puis montez de cinquante-sept,84,57
6137,allez de quatre-vingt-treize à droite puis montez de quatre-vingt-quatorze,93,94
6138,allez de soixante-trois à droite puis montez de huit,63,8
6139,allez de soixante-quinze à droite puis montez de trois,75,3
6140,allez de treize à droite puis montez de quatre-vingt-six,13,86
6141,allez de vingt-trois à droite puis montez de cinquante-sept,23,57
6142,allez de sept à droite puis montez de soixante,7,60
6143,allez de neuf à droite puis montez de vingt-trois,9,23
6144,allez de soixante-deux à droite puis montez de deux,62,2
6145,allez de quatre-vingt-quatre à droite puis montez de vingt-huit,84,28
6146,allez de quarante-neuf à droite puis montez de soixante-cinq,49,65
6147,allez de treize à droite puis montez de quatre-vingt-dix-sept,13,97
6148,allez de soixante-dix-huit à droite puis montez de trente-quatre,78,34
6149,allez de soixante-huit à droite puis montez de quarante-huit,68,48
6150,allez de quatre-vingt-trois à droite puis montez de deux,83,2
6151,allez de vingt-trois à droite puis montez de quatre-vingt-treize,23,93
6152,allez de trois à droite puis montez de cinquante-six,3,56
6153,allez de quatre-vingt-neuf à droite puis montez de quarante et un,89,41
6154,allez de vingt et un à droite puis montez de cinquante-cinq,21,55
6155,allez de quatorze à droite puis montez de onze,14,11
6156,allez de quatre à droite puis montez de soixante-trois,4,63
6157,allez de dix-huit à droite puis montez de trente-trois,18,33
6158,allez de quarante-deux à droite puis montez de quatre-vingt-six,42,86
6159,allez de cinquante-cinq à droite puis montez de quatre-vingt-dix-sept,55,97
6160,allez de quarante-six à droite puis montez de quatre-vingt-douze,46,92
6161,allez de soixante et onze à droite puis montez de cinquante-quatre,71,54
6162,allez de quatre-vingt-un à droite puis montez de cinquante et un,81,51
6163,allez de douze à droite puis montez de dix-huit,12,18
6164,allez de trente-cinq à droite puis montez de vingt-huit,35,28
6165,allez de soixante-dix-sept à droite puis montez de vingt-deux,77,22
6166,allez de douze à droite puis montez de quatre-vingt-deux,12,82
6167,allez de seize à droite puis montez de vingt-quatre,16,24
6168,allez de trente-huit à droite puis montez de vingt-six,38,26
6169,allez de quatre-vingt-cinq à droite puis montez de vingt-cinq,85,25
6170,allez de quinze à droite puis montez de soixante-dix-neuf,15,79
6171,allez de vingt-neuf à droite puis montez de soixante-dix,29,70
6172,allez de soixante-quinze à droite puis montez de quatre,75,4
6173,allez de soixante-dix à droite puis montez de quatre-vingts,70,80
6174,allez de vingt et un à droite puis montez de soixante-huit,21,68
6175,allez de sept à droite puis montez de vingt-cinq,7,25
6176,allez de quatre-vingt-dix à droite puis montez de vingt-sept,90,27
6177,allez de seize à droite puis montez de cinquante et un,16,51
6178,allez de quatre-vingt-trois à droite puis montez de quarante-cinq,83,45
6179,allez de quarante-six à droite puis montez de trente-six,46,36
6180,allez de treize à droite puis montez de quarante-six,13,46
6181,allez de quatre-vingt-treize à droite puis montez de quatre-vingt-quatorze,93,94
6182,allez de vingt-huit à droite puis montez de dix-sept,28,17
6183,allez de soixante-huit à droite puis montez de trente,68,30
6184,allez de cent à droite puis montez de soixante-cinq,100,65
6185,allez de vingt-neuf à droite puis montez de quatre-vingt-cinq,29,85
6186,allez de quatre-vingt-quatre à droite puis montez de soixante-douze,84,72
6187,allez de vingt-deux à droite puis montez de vingt et un,22,21
6188,allez de trois à droite puis montez de cinquante-sept,3,57
6189,allez de soixante-dix à droite puis montez de cinquante-cinq,70,55
6190,allez de vingt-neuf à droite puis montez de dix-huit,29,18
6191,allez de cinquante et un à droite puis montez de quarante-neuf,51,49
6192,allez de quatre-vingts à droite puis montez de quarante,80,40
6193,allez de soixante-dix à droite puis montez de soixante-neuf,70,69
6194,allez de treize à droite puis montez de quatre-vingt-dix-neuf,13,99
6195,allez de trente-neuf à droite puis montez de quatre-vingt-dix-huit,39,98
6196,allez de trente-deux à droite puis montez de quarante-huit,32,48
6197,allez de quarante-neuf à droite puis montez de soixante-treize,49,73
6198,allez de quatre-vingt-dix-huit à droite puis montez de vingt-cinq,98,25
6199,allez de cinquante et un à droite puis montez de un,51,1
6200,allez de quarante-six à droite puis montez de cinquante-deux,46,52
6201,allez de quatre-vingt-six à droite puis montez de quatre-vingt-huit,86,88
6202,allez de trente-cinq à droite puis montez de quatre-vingt-dix-neuf,35,99
6203,allez de trente-neuf à droite puis montez de quarante-sept,39,47
6204,allez de soixante-deux à droite puis montez de trente-deux,62,32
6205,allez de vingt-sept à droite puis montez de soixante-quatre,27,64
6206,allez de cinquante-sept à droite puis montez de cinquante-cinq,57,55
6207,allez de vingt-neuf à droite puis montez de trente et un,29,31
6208,allez de quatre-vingt-neuf à droite puis montez de quatre-vingt-dix-sept,89,97
6209,allez de huit à droite puis montez de quatre-vingt-onze,8,91
6210,allez de quarante et un à droite puis montez de vingt-cinq,41,25
6211,allez de vingt-cinq à droite puis montez de cinquante-neuf,25,59
6212,allez de quatre-vingt-quatorze à droite puis montez de trente-huit,94,38
6213,allez de cinquante-deux à droite puis montez de quatre-vingts,52,80
6214,allez de trente-sept à droite puis montez de trente-huit,37,38
6215,allez de vingt-neuf à droite puis montez de vingt et un,29,21
6216,allez de onze à droite puis montez de quatre-vingt-un,11,81
6217,allez de quinze à droite puis montez de vingt et un,15,21
6218,allez de vingt-six à droite puis montez de soixante,26,60
6219,allez de quatre-vingts à droite puis montez de soixante et onze,80,71
6220,allez de quatre-vingt-deux à droite puis montez de cinquante-huit,82,58
6221,allez de seize à droite puis montez de cinquante-neuf,16,59
6222,allez de soixante-trois à droite puis montez de quatre-vingt-dix-sept,63,97
6223,allez de vingt-sept à droite puis montez de douze,27,12
6224,allez de soixante et onze à droite puis montez de soixante-trois,71,63
6225,allez de cinquante-sept à droite puis montez de cinquante-cinq,57,55
6226,allez de trois à droite puis montez de vingt et un,3,21
6227,allez de vingt-neuf à droite puis montez de huit,29,8
6228,allez de cinquante et un à droite puis montez de huit,51,8
6229,allez de seize à droite puis montez de soixante-douze,16,72
6230,allez de vingt et un à droite puis montez de vingt-neuf,21,29
6231,allez de quatre à droite puis montez de quatre-vingt-neuf,4,89
6232,allez de quatre-vingt-cinq à droite puis montez de cinquante-neuf,85,59
6233,allez de dix à droite puis montez de quatre-vingt-quatre,10,84
6234,allez de soixante-huit à droite puis montez de quatre-vingt-neuf,68,89
6235,allez de quatre-vingt-treize à droite puis montez de soixante-quatre,93,64
6236,allez de vingt-cinq à droite puis montez de cinquante-huit,25,58
6237,allez de quarante-huit à droite puis montez de soixante et onze,48,71
6238,allez de trente-quatre à droite puis montez de soixante-sept,34,67
6239,allez de soixante-deux à droite puis montez de trente-trois,62,33
6240,allez de vingt-quatre à droite puis montez de dix,24,10
6241,allez de soixante-dix-huit à droite puis montez de quatre-vingt-dix-neuf,78,99
6242,allez de quarante-cinq à droite puis montez de soixante-dix-sept,45,77
6243,allez de quarante-neuf à droite puis montez de quarante-sept,49,47
6244,allez de soixante-quatre à droite puis montez de quarante-huit,64,48
6245,allez de cinquante-trois à droite puis montez de quarante et un,53,41
6246,allez de cinquante-deux à droite puis montez de vingt-cinq,52,25
6247,allez de cinquante-neuf à droite puis montez de soixante-trois,59,63
6248,allez de quatre-vingt-dix à droite puis montez de cinq,90,5
6249,allez de quatre-vingt-quatre à droite puis montez de quatre-vingt-quatre,84,84
6250,allez de soixante-six à droite puis montez de quarante-huit,66,48
6251,allez de soixante-quatorze à droite puis montez de douze,74,12
6252,allez de cinquante et un à droite puis montez de soixante-trois,51,63
6253,allez de soixante-dix-neuf à droite puis montez de cinquante-six,79,56
6254,allez de quatre-vingt-trois à droite puis montez de quarante,83,40
6255,allez de treize à droite puis montez de quatre-vingt-quinze,13,95
6256,allez de soixante-quinze à droite puis montez de quatre-vingt-quatorze,75,94
6257,allez de cinquante-quatre à droite puis montez de quarante-sept,54,47
6258,allez de quatre-vingt-un à droite puis montez de trente-quatre,81,34
6259,allez de soixante-douze à droite puis montez de quarante et un,72,41
6260,allez de huit à droite puis montez de vingt,8,20
6261,allez de soixante-dix à droite puis montez de quarante-six,70,46
6262,allez de quatre-vingt-dix-neuf à droite puis montez de soixante-dix-sept,99,77
6263,allez de quatre-vingt-quatre à droite puis montez de trente et un,84,31
6264,allez de vingt et un à droite puis montez de quatre-vingt-seize,21,96
6265,allez de quatre-vingt-treize à droite puis montez de cinquante-deux,93,52
6266,allez de soixante-trois à droite puis montez de quatre-vingt-douze,63,92
6267,allez de quarante et un à droite puis montez de vingt-trois,41,23
6268,allez de quatre-vingt-dix-sept à droite puis montez de trente-quatre,97,34
6269,allez de treize à droite puis montez de trente-huit,13,38
6270,allez de quatre-vingt-dix-sept à droite puis montez de quarante-cinq,97,45
6271,allez de vingt-trois à droite puis montez de quarante-huit,23,48
6272,allez de cinquante-six à droite puis montez de soixante-treize,56,73
6273,allez de soixante et onze à droite puis montez de quatre-vingt-huit,71,88
6274,allez de cinquante-trois à droite puis montez de six,53,6
6275,allez de soixante-treize à droite puis montez de onze,73,11
6276,allez de cinquante-quatre à droite puis montez de cinquante-cinq,54,55
6277,allez de quarante-quatre à droite puis montez de dix,44,10
6278,allez de soixante-quatre à droite puis montez de trente-neuf,64,39
6279,allez de soixante-dix-huit à droite puis montez de quarante-quatre,78,44
6280,allez de quatre-vingt-quatre à droite puis montez de vingt-cinq,84,25
6281,allez de treize à droite puis montez de quatre-vingt-deux,13,82
6282,allez de trente-quatre à droite puis montez de quatre-vingt-douze,34,92
6283,allez de soixante-trois à droite puis montez de quatre-vingt-deux,63,82
6284,allez de quarante-neuf à droite puis montez de un,49,1
6285,allez de vingt-deux à droite puis montez de vingt-six,22,26
6286,allez de quarante-trois à droite puis montez de quatre-vingt-onze,43,91
6287,allez de dix-sept à droite puis montez de quatorze,17,14
6288,allez de soixante-dix à droite puis montez de soixante-deux,70,62
6289,allez de cinquante et un à droite puis montez de vingt-cinq,51,25
6290,allez de vingt-six à droite puis montez de quatre-vingt-un,26,81
6291,allez de deux à droite puis montez de soixante-douze,2,72
6292,allez de soixante-treize à droite puis montez de neuf,73,9
6293,allez de cinquante-trois à droite puis montez de quarante-trois,53,43
6294,allez de huit à droite puis montez de soixante,8,60
6295,allez de quatre-vingt-dix-sept à droite puis montez de soixante-six,97,66
6296,allez de quarante-cinq à droite puis montez de quatre-vingt-seize,45,96
6297,allez de vingt-neuf à droite puis montez de soixante-quatorze,29,74
6298,allez de seize à droite puis montez de deux,16,2
6299,allez de quatre-vingt-seize à droite puis montez de vingt et un,96,21
6300,allez de cinquante à droite puis montez de vingt-sept,50,27
6301,allez de vingt-neuf à droite puis montez de quatre-vingt-dix-neuf,29,99
6302,allez de dix-sept à droite puis montez de soixante-trois,17,63
6303,allez de soixante-dix-huit à droite puis montez de douze,78,12
6304,allez de cinquante-cinq à droite puis montez de vingt-trois,55,23
6305,allez de dix-sept à droite puis montez de cinquante-six,17,56
6306,allez de quatre-vingt-quinze à droite puis montez de quinze,95,15
6307,allez de vingt-quatre à droite puis montez de trente-neuf,24,39
6308,allez de soixante-dix-huit à droite puis montez de quatre-vingt-cinq,78,85
6309,allez de vingt-deux à droite puis montez de vingt-six,22,26
6310,allez de cinquante-trois à droite puis montez de dix-huit,53,18
6311,allez de seize à droite puis montez de cinquante-six,16,56
6312,allez de trente-trois à droite puis montez de vingt-six,33,26
6313,allez de cinquante et un à droite puis montez de quatre,51,4
6314,allez de trente-huit à droite puis montez de trente-deux,38,32
6315,allez de quatre-vingt-treize à droite puis montez de vingt et un,93,21
6316,allez de six à droite puis montez de trente-six,6,36
6317,allez de trente à droite puis montez de soixante-dix-huit,30,78
6318,allez de soixante et onze à droite puis montez de vingt-cinq,71,25
6319,allez de cinquante-six à droite puis montez de cinquante-quatre,56,54
6320,allez de un à droite puis montez de deux,1,2
6321,allez de quatre-vingt-dix-neuf à droite puis montez de quatre-vingt-treize,99,93
6322,allez de quatre-vingt-dix-sept à droite puis montez de trente-huit,97,38
6323,allez de soixante-dix-sept à droite puis montez de vingt-neuf,77,29
6324,allez de trente à droite puis montez de quatre-vingt-six,30,86
6325,allez de quatre-vingt-dix-huit à droite puis montez de soixante-seize,98,76
6326,allez de quatre-vingt-neuf à droite puis montez de quinze,89,15
6327,allez de soixante-quatre à droite puis montez de cinquante-deux,64,52
6328,allez de soixante-trois à droite puis montez de cinquante-cinq,63,55
6329,allez de soixante-six à droite puis montez de quarante-huit,66,48
6330,allez de cinquante à droite puis montez de soixante-douze,50,72
6331,allez de soixante-treize à droite puis montez de trente-trois,73,33
6332,allez de soixante-trois à droite puis montez de dix-huit,63,18
6333,allez de soixante-dix à droite puis montez de soixante-sept,70,67
6334,allez de soixante et un à droite puis montez de cinquante-six,61,56
6335,allez de dix-sept à droite puis montez de trente-trois,17,33
6336,allez de quarante-six à droite puis montez de dix,46,10
6337,allez de cinquante et un à droite puis montez de seize,51,16
6338,allez de quatre-vingt-dix-sept à droite puis montez de trente-huit,97,38
6339,allez de quarante-quatre à droite puis montez de quarante et un,44,41
6340,allez de sept à droite puis montez de soixante-six,7,66
6341,allez de quarante-huit à droite puis montez de quarante-neuf,48,49
6342,allez de soixante-sept à droite puis montez de quarante-deux,67,42
6343,allez de cinquante-six à droite puis montez de cinquante-sept,56,57
6344,allez de sept à droite puis montez de cinquante-trois,7,53
6345,allez de quatre-vingt-dix-huit à droite puis montez de quatre-vingt-cinq,98,85
6346,allez de trente-neuf à droite puis montez de cinq,39,5
6347,allez de trente-quatre à droite puis montez de quatre-vingt-onze,34,91
6348,allez de dix-sept à droite puis montez de dix-huit,17,18
6349,allez de dix à droite puis montez de soixante-douze,10,72
6350,allez de trente et un à droite puis montez de quatre,31,4
6351,allez de trois à droite puis montez de quarante et un,3,41
6352,allez de vingt et un à droite puis montez de soixante-treize,21,73
6353,allez de dix-neuf à droite puis montez de deux,19,2
6354,allez de seize à droite puis montez de cinquante-cinq,16,55
6355,allez de soixante et onze à droite puis montez de quarante,71,40
6356,allez de quatre-vingt-quinze à droite puis montez de quatre-vingts,95,80
6357,allez de trente et un à droite puis montez de soixante-dix-sept,31,77
6358,allez de quarante et un à droite puis montez de cinquante-six,41,56
6359,allez de quatre à droite puis montez de soixante-dix,4,70
6360,allez de trente-six à droite puis montez de quatre-vingt-un,36,81
6361,allez de trente-cinq à droite puis montez de vingt-trois,35,23
6362,allez de soixante-dix-neuf à droite puis montez de cinquante-trois,79,53
6363,allez de soixante-deux à droite puis montez de quatre-vingt-douze,62,92
6364,allez de vingt-six à droite puis montez de quatre-vingt-dix-huit,26,98
6365,allez de soixante-six à droite puis montez de quarante et un,66,41
6366,allez de soixante-dix-sept à droite puis montez de soixante-six,77,66
6367,allez de soixante-neuf à droite puis montez de soixante-quatre,69,64
6368,allez de quatre-vingt-onze à droite puis montez de quarante-huit,91,48
6369,allez de quarante-trois à droite puis montez de quatre-vingt-dix-neuf,43,99
6370,allez de cinquante-huit à droite puis montez de cinquante-huit,58,58
6371,allez de vingt-neuf à droite puis montez de soixante et un,29,61
6372,allez de cinquante-huit à droite puis montez de vingt-cinq,58,25
6373,allez de trois à droite puis montez de trente et un,3,31
6374,allez de soixante-neuf à droite puis montez de quatre-vingt-deux,69,82
6375,allez de soixante-sept à droite puis montez de trente-deux,67,32
6376,allez de cinquante-sept à droite puis montez de vingt-deux,57,22
6377,allez de vingt-huit à droite puis montez de soixante-sept,28,67
6378,allez de neuf à droite puis montez de vingt-huit,9,28
6379,allez de seize à droite puis montez de cent,16,100
6380,allez de soixante-neuf à droite puis montez de soixante-huit,69,68
6381,allez de cinquante-trois à droite puis montez de soixante,53,60
6382,allez de soixante et onze à droite puis montez de soixante et onze,71,71
6383,allez de un à droite puis montez de dix-huit,1,18
6384,allez de cinquante et un à droite puis montez de quarante-neuf,51,49
6385,allez de quatre-vingt-un à droite puis montez de quatre-vingt-onze,81,91
6386,allez de treize à droite puis montez de vingt-deux,13,22
6387,allez de cinquante-cinq à droite puis montez de cinquante-six,55,56
6388,allez de trente-six à droite puis montez de soixante,36,60
6389,allez de quatre-vingt-seize à droite puis montez de quatre-vingt-neuf,96,89
6390,allez de treize à droite puis montez de quatre-vingt-onze,13,91
6391,allez de cinquante à droite puis montez de soixante et onze,50,71
6392,allez de soixante-cinq à droite puis montez de quatre-vingt-trois,65,83
6393,allez de douze à droite puis montez de cinquante,12,50
6394,allez de soixante-huit à droite puis montez de quatre-vingt-quatre,68,84
6395,allez de soixante-dix-sept à droite puis montez de quarante-trois,77,43
6396,allez de quarante-six à droite puis montez de soixante-huit,46,68
6397,allez de quarante-quatre à droite puis montez de vingt-deux,44,22
6398,allez de trente-quatre à droite puis montez de vingt,34,20
6399,allez de quinze à droite puis montez de soixante-trois,15,63
6400,allez de soixante-dix à droite puis montez de vingt-six,70,26
6401,allez de soixante-douze à droite puis montez de quinze,72,15
6402,allez de trois à droite puis montez de vingt-six,3,26
6403,allez de quatre-vingt-quatre à droite puis montez de cinq,84,5
6404,allez de vingt-sept à droite puis montez de quatre-vingt-deux,27,82
6405,allez de quatre à droite puis montez de dix-neuf,4,19
6406,allez de vingt-cinq à droite puis montez de quarante,25,40
6407,allez de sept à droite puis montez de trente-huit,7,38
6408,allez de cinquante-huit à droite puis montez de cinquante-quatre,58,54
6409,allez de vingt-deux à droite puis montez de dix-huit,22,18
6410,allez de quatre-vingt-deux à droite puis montez de dix-sept,82,17
6411,allez de trente-neuf à droite puis montez de soixante-six,39,66
6412,allez de soixante-huit à droite puis montez de deux,68,2
6413,allez de treize à droite puis montez de dix,13,10
6414,allez de quatre-vingt-neuf à droite puis montez de quatre-vingt-treize,89,93
6415,allez de quatre-vingt-quinze à droite puis montez de six,95,6
6416,allez de cinquante-trois à droite puis montez de quatre-vingt-onze,53,91
6417,allez de soixante-sept à droite puis montez de un,67,1
6418,allez de cinquante-huit à droite puis montez de quatre,58,4
6419,allez de soixante-seize à droite puis montez de cinquante-deux,76,52
6420,allez de cinquante-deux à droite puis montez de quatre-vingt-cinq,52,85
6421,allez de vingt-quatre à droite puis montez de soixante-neuf,24,69
6422,allez de trente-cinq à droite puis montez de dix,35,10
6423,allez de trente-quatre à droite puis montez de quatre-vingt-quatorze,34,94
6424,allez de quatre-vingt-six à droite puis montez de quarante-trois,86,43
6425,allez de soixante-dix-sept à droite puis montez de quatre-vingt-quatre,77,84
6426,allez de sept à droite puis montez de deux,7,2
6427,allez de un à droite puis montez de seize,1,16
6428,allez de soixante-neuf à droite puis montez de soixante-treize,69,73
6429,allez de trente-sept à droite puis montez de trente,37,30
6430,allez de dix-neuf à droite puis montez de soixante-quinze,19,75
6431,allez de cinquante-trois à droite puis montez de quarante-sept,53,47
6432,allez de quatre à droite puis montez de soixante-trois,4,63
6433,allez de trois à droite puis montez de quatre-vingt-dix-sept,3,97
6434,allez de quatre-vingt-sept à droite puis montez de dix,87,10
6435,allez de neuf à droite puis montez de quatre-vingt-trois,9,83
6436,allez de dix-neuf à droite puis montez de soixante-dix,19,70
6437,allez de vingt-quatre à droite puis montez de trente-cinq,24,35
6438,allez de soixante et onze à droite puis montez de soixante-sept,71,67
6439,allez de vingt et un à droite puis montez de seize,21,16
6440,allez de quarante-trois à droite puis montez de quarante et un,43,41
6441,allez de quatre-vingt-quatre à droite puis montez de soixante-deux,84,62
6442,allez de quatre-vingt-douze à droite puis montez de seize,92,16
6443,allez de soixante-deux à droite puis montez de quatre-vingts,62,80
6444,allez de soixante-dix-neuf à droite puis montez de quatre-vingt-treize,79,93
6445,allez de quatre-vingt-quatre à droite puis montez de douze,84,12
6446,allez de trente-trois à droite puis montez de quatre-vingt-quatre,33,84
6447,allez de soixante-douze à droite puis montez de quatre-vingt-quatre,72,84
6448,allez de vingt-neuf à droite puis montez de soixante-treize,29,73
6449,allez de deux à droite puis montez de quarante,2,40
6450,allez de quatre-vingt-huit à droite puis montez de quatre-vingt-dix-huit,88,98
6451,allez de soixante-neuf à droite puis montez de quarante-trois,69,43
6452,allez de quatre-vingt-quatorze à droite puis montez de quarante-six,94,46
6453,allez de vingt-deux à droite puis montez de trente-quatre,22,34
6454,allez de sept à droite puis montez de cinquante-trois,7,53
6455,allez de quatre-vingt-dix-huit à droite puis montez de dix-huit,98,18
6456,allez de quatre-vingt-dix à droite puis montez de soixante-sept,90,67
6457,allez de vingt-quatre à droite puis montez de quatre-vingt-sept,24,87
6458,allez de soixante-six à droite puis montez de soixante-quatorze,66,74
6459,allez de quarante-deux à droite puis montez de quarante-trois,42,43
6460,allez de soixante-dix-sept à droite puis montez de deux,77,2
6461,allez de soixante-dix-sept à droite puis montez de trente-huit,77,38
6462,allez de quatre-vingt-dix-sept à droite puis montez de trente-neuf,97,39
6463,allez de soixante-dix-neuf à droite puis montez de trente-trois,79,33
6464,allez de sept à droite puis montez de soixante et onze,7,71
6465,allez de vingt à droite puis montez de trente-six,20,36
6466,allez de soixante à droite puis montez de quarante,60,40
6467,allez de trois à droite puis montez de trois,3,3
6468,allez de quatre-vingt-trois à droite puis montez de quatre-vingt-quinze,83,95
6469,allez de trente-deux à droite puis montez de soixante-trois,32,63
6470,allez de vingt-trois à droite puis montez de soixante-quatre,23,64
6471,allez de vingt-quatre à droite puis montez de cinq,24,5
6472,allez de huit à droite puis montez de quatre-vingt-huit,8,88
6473,allez de cinquante-quatre à droite puis montez de onze,54,11
6474,allez de quatre-vingt-dix à droite puis montez de soixante-dix-huit,90,78
6475,allez de treize à droite puis montez de cinquante-deux,13,52
6476,allez de quatre-vingts à droite puis montez de soixante-dix-huit,80,78
6477,allez de vingt-trois à droite puis montez de quatre-vingt-neuf,23,89
6478,allez de deux à droite puis montez de cinquante-huit,2,58
6479,allez de quarante-six à droite puis montez de douze,46,12
6480,allez de trois à droite puis montez de cent,3,100
6481,allez de soixante-seize à droite puis montez de vingt-neuf,76,29
6482,allez de quatre-vingt-dix-neuf à droite puis montez de huit,99,8
6483,allez de quatre-vingt-dix-huit à droite puis montez de vingt-six,98,26
6484,allez de quatre-vingts à droite puis montez de soixante-quinze,80,75
6485,allez de quatre-vingt-onze à droite puis montez de dix-huit,91,18
6486,allez de onze à droite puis montez de cinquante,11,50
6487,allez de cinq à droite puis montez de quatre-vingt-un,5,81
6488,allez de quinze à droite puis montez de cent,15,100
6489,allez de soixante-huit à droite puis montez de vingt-quatre,68,24
6490,allez de trente à droite puis montez de neuf,30,9
6491,allez de quarante-huit à droite puis montez de cinquante et un,48,51
6492,allez de trente-sept à droite puis montez de soixante-douze,37,72
6493,allez de quarante-deux à droite puis montez de treize,42,13
6494,allez de quatre-vingt-dix-neuf à droite puis montez de quatre-vingt-six,99,86
6495,allez de soixante-cinq à droite puis montez de soixante-treize,65,73
6496,allez de cinquante à droite puis montez de soixante-trois,50,63
6497,allez de quarante-trois à droite puis montez de soixante et un,43,61
6498,allez de quarante à droite puis montez de quatre-vingt-un,40,81
6499,allez de quatre-vingt-quinze à droite puis montez de douze,95,12
6500,allez de vingt-six à droite puis montez de dix-sept,26,17
6501,allez de quatre-vingts à droite puis montez de soixante-quatre,80,64
6502,allez de soixante-douze à droite puis montez de soixante-seize,72,76
6503,allez de quatre-vingt-dix-huit à droite puis montez de soixante-huit,98,68
6504,allez de cinquante-trois à droite puis montez de quatre-vingts,53,80
6505,allez de quatre-vingt-neuf à droite puis montez de quarante et un,89,41
6506,allez de sept à droite puis montez de quatre-vingt-dix-huit,7,98
6507,allez de soixante-trois à droite puis montez de quatre-vingt-dix-sept,63,97
6508,allez de quatre-vingt-deux à droite puis montez de soixante-cinq,82,65
6509,allez de soixante-treize à droite puis montez de quatorze,73,14
6510,allez de quatre-vingt-dix à droite puis montez de soixante-dix-neuf,90,79
6511,allez de vingt-cinq à droite puis montez de dix-neuf,25,19
6512,allez de trente-quatre à droite puis montez de trente-six,34,36
6513,allez de treize à droite puis montez de quatre-vingt-quinze,13,95
6514,allez de neuf à droite puis montez de trente et un,9,31
6515,allez de dix-huit à droite puis montez de vingt-trois,18,23
6516,allez de quatre-vingt-deux à droite puis montez de deux,82,2
6517,allez de quarante-neuf à droite puis montez de quatre-vingt-cinq,49,85
6518,allez de soixante et onze à droite puis montez de vingt-six,71,26
6519,allez de cinquante-sept à droite puis montez de seize,57,16
6520,allez de cinq à droite puis montez de quatre-vingt-quatre,5,84
6521,allez de trente-trois à droite puis montez de dix-neuf,33,19
6522,allez de trois à droite puis montez de soixante et un,3,61
6523,allez de quarante-neuf à droite puis montez de quatre-vingt-sept,49,87
6524,allez de cinquante-cinq à droite puis montez de trente-neuf,55,39
6525,allez de quatre-vingt-un à droite puis montez de seize,81,16
6526,allez de quatre-vingt-treize à droite puis montez de quatre-vingt-dix,93,90
6527,allez de cinq à droite puis montez de soixante-douze,5,72
6528,allez de soixante-dix à droite puis montez de quarante-cinq,70,45
6529,allez de soixante-dix à droite puis montez de soixante-treize,70,73
6530,allez de quatre-vingt-quatre à droite puis montez de trente-sept,84,37
6531,allez de quatre-vingt-cinq à droite puis montez de soixante-dix-sept,85,77
6532,allez de vingt-trois à droite puis montez de soixante-neuf,23,69
6533,allez de vingt-neuf à droite puis montez de quatre-vingt-seize,29,96
6534,allez de cinquante-trois à droite puis montez de trois,53,3
6535,allez de dix-sept à droite puis montez de vingt-trois,17,23
6536,allez de onze à droite puis montez de quatre-vingt-dix,11,90
6537,allez de soixante-neuf à droite puis montez de quarante-sept,69,47
6538,allez de quarante-huit à droite puis montez de quatre-vingt-deux,48,82
6539,allez de cinq à droite puis montez de quatre-vingt-un,5,81
6540,allez de vingt à droite puis montez de quarante et un,20,41
6541,allez de vingt-cinq à droite puis montez de trente-trois,25,33
6542,allez de vingt-deux à droite puis montez de trente-trois,22,33
6543,allez de seize à droite puis montez de trois,16,3
6544,allez de vingt-sept à droite puis montez de quatre-vingt-treize,27,93
6545,allez de quatre-vingt-huit à droite puis montez de douze,88,12
6546,allez de quatre-vingt-seize à droite puis montez de soixante-dix,96,70
6547,allez de quatre-vingt-treize à droite puis montez de soixante-six,93,66
6548,allez de trente-cinq à droite puis montez de six,35,6
6549,allez de soixante-huit à droite puis montez de cinquante-six,68,56
6550,allez de trente-trois à droite puis montez de vingt-huit,33,28
6551,allez de soixante-dix à droite puis montez de quatre-vingt-dix-huit,70,98
6552,allez de trente-six à droite puis montez de soixante-sept,36,67
6553,allez de quarante-six à droite puis montez de trente-deux,46,32
6554,allez de quarante-huit à droite puis montez de douze,48,12
6555,allez de vingt-sept à droite puis montez de vingt-six,27,26
6556,allez de soixante-douze à droite puis montez de quatre-vingt-seize,72,96
6557,allez de trente-sept à droite puis montez de trente-six,37,36
6558,allez de cinquante et un à droite puis montez de quatre-vingts,51,80
6559,allez de quatre-vingt-dix-neuf à droite puis montez de huit,99,8
6560,allez de trente-trois à droite puis montez de quatre-vingt-un,33,81
6561,allez de soixante-quatorze à droite puis montez de quatre-vingt-dix-huit,74,98
6562,allez de cinquante-neuf à droite puis montez de cinquante-cinq,59,55
6563,allez de vingt-sept à droite puis montez de dix-neuf,27,19
6564,allez de trente-six à droite puis montez de deux,36,2
6565,allez de quatre-vingt-huit à droite puis montez de soixante et un,88,61
6566,allez de soixante-seize à droite puis montez de soixante-dix-neuf,76,79
6567,allez de soixante-deux à droite puis montez de quinze,62,15
6568,allez de onze à droite puis montez de trente-quatre,11,34
6569,allez de quatre à droite puis montez de vingt-huit,4,28
6570,allez de huit à droite puis montez de vingt-cinq,8,25
6571,allez de cinquante-neuf à droite puis montez de onze,59,11
6572,allez de quatre-vingt-sept à droite puis montez de huit,87,8
6573,allez de quatre-vingt-huit à droite puis montez de quatre-vingt-dix-sept,88,97
6574,allez de soixante et onze à droite puis montez de soixante-dix-neuf,71,79
6575,allez de trente-sept à droite puis montez de treize,37,13
6576,allez de quatre-vingt-cinq à droite puis montez de quarante,85,40
6577,allez de vingt-huit à droite puis montez de seize,28,16
6578,allez de quarante-huit à droite puis montez de trente-deux,48,32
6579,allez de vingt-neuf à droite puis montez de soixante et un,29,61
6580,allez de soixante-dix-neuf à droite puis montez de treize,79,13
6581,allez de quatre-vingt-six à droite puis montez de quarante-trois,86,43
6582,allez de quarante-cinq à droite puis montez de douze,45,12
6583,allez de trente-deux à droite puis montez de quatre-vingt-neuf,32,89
6584,allez de vingt-cinq à droite puis montez de soixante-dix-sept,25,77
6585,allez de quatre-vingt-sept à droite puis montez de quatre-vingt-quatre,87,84
6586,allez de six à droite puis montez de quatre-vingt-huit,6,88
6587,allez de quarante-deux à droite puis montez de soixante-neuf,42,69
6588,allez de vingt-deux à droite puis montez de soixante-huit,22,68
6589,allez de vingt-six à droite puis montez de cinquante et un,26,51
6590,allez de trente-six à droite puis montez de quarante-six,36,46
6591,allez de soixante-neuf à droite puis montez de seize,69,16
6592,allez de un à droite puis montez de dix-sept,1,17
6593,allez de soixante-dix-neuf à droite puis montez de quatre-vingt-onze,79,91
6594,allez de huit à droite puis montez de soixante et onze,8,71
6595,allez de cinquante-quatre à droite puis montez de soixante-seize,54,76
6596,allez de quarante-sept à droite puis montez de vingt et un,47,21
6597,allez de quatre-vingt-neuf à droite puis montez de soixante-quinze,89,75
6598,allez de soixante-douze à droite puis montez de cinquante-sept,72,57
6599,allez de quatre-vingt-sept à droite puis montez de neuf,87,9
6600,allez de cinquante-quatre à droite puis montez de onze,54,11
6601,allez de douze à droite puis montez de quarante,12,40
6602,allez de trente-cinq à droite puis montez de vingt-neuf,35,29
6603,allez de quatre à droite puis montez de cinquante-neuf,4,59
6604,allez de quatre-vingt-treize à droite puis montez de trente,93,30
6605,allez de quatre-vingt-dix-neuf à droite puis montez de trente,99,30
6606,allez de quatre-vingt-huit à droite puis montez de soixante-quinze,88,75
6607,allez de soixante à droite puis montez de vingt-deux,60,22
6608,allez de quatre-vingt-treize à droite puis montez de soixante-trois,93,63
6609,allez de dix-sept à droite puis montez de deux,17,2
6610,allez de cinquante-neuf à droite puis montez de quatre-vingt-trois,59,83
6611,allez de cinquante-six à droite puis montez de quatre-vingt-sept,56,87
6612,allez de cinquante-six à droite puis montez de quatre-vingt-quatre,56,84
6613,allez de trente-neuf à droite puis montez de cinquante et un,39,51
6614,allez de vingt-quatre à droite puis montez de quatre-vingt-sept,24,87
6615,allez de dix-huit à droite puis montez de dix-sept,18,17
6616,allez de six à droite puis montez de soixante et onze,6,71
6617,allez de soixante-dix-huit à droite puis montez de trente-cinq,78,35
6618,allez de vingt à droite puis montez de cinquante-neuf,20,59
6619,allez de soixante-dix-neuf à droite puis montez de quatre-vingt-onze,79,91
6620,allez de treize à droite puis montez de quarante-six,13,46
6621,allez de dix à droite puis montez de quatre-vingt-dix-sept,10,97
6622,allez de treize à droite puis montez de cinquante-deux,13,52
6623,allez de vingt-quatre à droite puis montez de soixante-dix-huit,24,78
6624,allez de soixante-treize à droite puis montez de quatre-vingt-neuf,73,89
6625,allez de cinq à droite puis montez de quatre-vingt-dix-huit,5,98
6626,allez de dix à droite puis montez de quatre-vingts,10,80
6627,allez de soixante-huit à droite puis montez de quatre-vingt-quinze,68,95
6628,allez de vingt-sept à droite puis montez de vingt-sept,27,27
6629,allez de quatre-vingt-sept à droite puis montez de dix-sept,87,17
6630,allez de trente-six à droite puis montez de soixante-dix-sept,36,77
6631,allez de trente-six à droite puis montez de vingt-cinq,36,25
6632,allez de quatre-vingt-quinze à droite puis montez de soixante-treize,95,73
6633,allez de soixante-deux à droite puis montez de deux,62,2
6634,allez de quatre-vingt-seize à droite puis montez de quarante-sept,96,47
6635,allez de soixante-trois à droite puis montez de quatre-vingts,63,80
6636,allez de cinquante-sept à droite puis montez de vingt-neuf,57,29
6637,allez de deux à droite puis montez de soixante-cinq,2,65
6638,allez de treize à droite puis montez de vingt et un,13,21
6639,allez de trente et un à droite puis montez de dix-sept,31,17
6640,allez de quatre-vingt-dix-neuf à droite puis montez de trente,99,30
6641,allez de quatre-vingt-dix à droite puis montez de vingt-six,90,26
6642,allez de soixante-quatorze à droite puis montez de quatre-vingt-six,74,86
6643,allez de soixante-treize à droite puis montez de trente-huit,73,38
6644,allez de soixante-deux à droite puis montez de quatre-vingt-quinze,62,95
6645,allez de quarante-cinq à droite puis montez de trente-quatre,45,34
6646,allez de soixante-seize à droite puis montez de cinquante-deux,76,52
6647,allez de trente à droite puis montez de quatre-vingt-quinze,30,95
6648,allez de soixante-neuf à droite puis montez de vingt-quatre,69,24
6649,allez de vingt et un à droite puis montez de vingt et un,21,21
6650,allez de quarante-deux à droite puis montez de cinquante et un,42,51
6651,allez de soixante à droite puis montez de six,60,6
6652,allez de quatre-vingt-treize à droite puis montez de trente-trois,93,33
6653,allez de quatre-vingt-trois à droite puis montez de trente-six,83,36
6654,allez de cinquante-cinq à droite puis montez de cinquante-quatre,55,54
6655,allez de quatre-vingt-onze à droite puis montez de cent,91,100
6656,allez de trente-quatre à droite puis montez de neuf,34,9
6657,allez de huit à droite puis montez de cinquante-neuf,8,59
6658,allez de quarante-sept à droite puis montez de trente-neuf,47,39
6659,allez de quatre-vingt-quinze à droite puis montez de soixante,95,60
6660,allez de soixante-trois à droite puis montez de quarante-deux,63,42
6661,allez de soixante-dix-sept à droite puis montez de quatre-vingt-quatre,77,84
6662,allez de douze à droite puis montez de vingt-trois,12,23
6663,allez de soixante-quinze à droite puis montez de quatre-vingt-cinq,75,85
6664,allez de quarante et un à droite puis montez de trente-cinq,41,35
6665,allez de quatre-vingt-trois à droite puis montez de trente-six,83,36
6666,allez de vingt et un à droite puis montez de seize,21,16
6667,allez de soixante-dix-sept à droite puis montez de cinquante-quatre,77,54
6668,allez de trois à droite puis montez de quatre-vingt-sept,3,87
6669,allez de cinquante-quatre à droite puis montez de vingt-six,54,26
6670,allez de cinquante-six à droite puis montez de quatre-vingt-treize,56,93
6671,allez de cinquante-six à droite puis montez de soixante et un,56,61
6672,allez de vingt à droite puis montez de quatre-vingt-six,20,86
6673,allez de quatre-vingt-cinq à droite puis montez de vingt-deux,85,22
6674,allez de quatorze à droite puis montez de soixante-dix-neuf,14,79
6675,allez de soixante et onze à droite puis montez de douze,71,12
6676,allez de soixante-dix-sept à droite puis montez de quatre-vingts,77,80
6677,allez de quatre-vingt-neuf à droite puis montez de quarante-huit,89,48
6678,allez de deux à droite puis montez de quatre-vingt-dix,2,90
6679,allez de quarante-sept à droite puis montez de quatre-vingt-dix-neuf,47,99
6680,allez de soixante-trois à droite puis montez de soixante-douze,63,72
6681,allez de cinquante à droite puis montez de quarante-sept,50,47
6682,allez de treize à droite puis montez de trente-sept,13,37
6683,allez de cinq à droite puis montez de quatre-vingt-quatre,5,84
6684,allez de vingt-neuf à droite puis montez de quarante-quatre,29,44
6685,allez de soixante-dix-huit à droite puis montez de soixante-dix-sept,78,77
6686,allez de quarante à droite puis montez de soixante-dix-huit,40,78
6687,allez de quatre-vingt-dix à droite puis montez de dix-huit,90,18
6688,allez de soixante-deux à droite puis montez de quatre,62,4
6689,allez de vingt-sept à droite puis montez de cinquante-trois,27,53
6690,allez de soixante-dix à droite puis montez de quatre-vingt-quatorze,70,94
6691,allez de cinquante-cinq à droite puis montez de cinquante-deux,55,52
6692,allez de soixante-cinq à droite puis montez de soixante-six,65,66
6693,allez de vingt-sept à droite puis montez de quatre-vingt-trois,27,83
6694,allez de dix-sept à droite puis montez de quinze,17,15
6695,allez de quatre-vingt-quatorze à droite puis montez de quatre-vingt-neuf,94,89
6696,allez de quarante-six à droite puis montez de sept,46,7
6697,allez de soixante-douze à droite puis montez de quarante-huit,72,48
6698,allez de douze à droite puis montez de quatre,12,4
6699,allez de quarante-six à droite puis montez de cinquante-huit,46,58
6700,allez de un à droite puis montez de quatre-vingt-douze,1,92
6701,allez de quatre-vingt-six à droite puis montez de seize,86,16
6702,allez de trente-sept à droite puis montez de soixante-seize,37,76
6703,allez de huit à droite puis montez de vingt-huit,8,28
6704,allez de vingt et un à droite puis montez de vingt-huit,21,28
6705,allez de quatre-vingt-dix-huit à droite puis montez de neuf,98,9
6706,allez de quatre-vingt-dix-neuf à droite puis montez de soixante-quatre,99,64
6707,allez de trente et un à droite puis montez de soixante-treize,31,73
6708,allez de quatre à droite puis montez de soixante-dix,4,70
6709,allez de quatre-vingt-sept à droite puis montez de cent,87,100
6710,allez de cent à droite puis montez de vingt-sept,100,27
6711,allez de sept à droite puis montez de trente-six,7,36
6712,allez de vingt-neuf à droite puis montez de quarante-deux,29,42
6713,allez de quatre-vingt-dix-huit à droite puis montez de dix-huit,98,18
6714,allez de douze à droite puis montez de quatre-vingt-un,12,81
6715,allez de quatre-vingt-six à droite puis montez de cinq,86,5
6716,allez de sept à droite puis montez de vingt,7,20
6717,allez de cinquante-cinq à droite puis montez de quatre-vingt-treize,55,93
6718,allez de quatre-vingt-seize à droite puis montez de vingt-trois,96,23
6719,allez de cinq à droite puis montez de quarante-six,5,46
6720,allez de trente à droite puis montez de quarante-trois,30,43
6721,allez de dix-huit à droite puis montez de quatre-vingt-seize,18,96
6722,allez de cinquante et un à droite puis montez de quatre-vingt-sept,51,87
6723,allez de soixante-treize à droite puis montez de douze,73,12
6724,allez de vingt-quatre à droite puis montez de soixante-deux,24,62
6725,allez de quinze à droite puis montez de soixante-trois,15,63
6726,allez de quatre-vingt-quatre à droite puis montez de un,84,1
6727,allez de quatre-vingt-treize à droite puis montez de cinquante-deux,93,52
6728,allez de quarante-huit à droite puis montez de soixante-seize,48,76
6729,allez de quatre-vingts à droite puis montez de dix-huit,80,18
6730,allez de vingt-neuf à droite puis montez de soixante,29,60
6731,allez de soixante-huit à droite puis montez de douze,68,12
6732,allez de trente-trois à droite puis montez de quatre-vingt-six,33,86
6733,allez de cinquante à droite puis montez de soixante-dix-neuf,50,79
6734,allez de quatre-vingt-six à droite puis montez de soixante-dix,86,70
6735,allez de cinquante à droite puis montez de soixante-six,50,66
6736,allez de quatre-vingt-un à droite puis montez de soixante-dix-sept,81,77
6737,allez de trente-six à droite puis montez de soixante-dix,36,70
6738,allez de un à droite puis montez de soixante et onze,1,71
6739,allez de cinq à droite puis montez de vingt,5,20
6740,allez de soixante-douze à droite puis montez de soixante,72,60
6741,allez de quatre-vingt-quatorze à droite puis montez de quatre-vingts,94,80
6742,allez de trente-huit à droite puis montez de quatre-vingt-un,38,81
6743,allez de quatre-vingt-douze à droite puis montez de quatre-vingt-sept,92,87
6744,allez de dix-huit à droite puis montez de soixante-quatre,18,64
6745,allez de soixante-dix-neuf à droite puis montez de soixante-six,79,66
6746,allez de dix-neuf à droite puis montez de seize,19,16
6747,allez de cinquante-cinq à droite puis montez de trente-deux,55,32
6748,allez de soixante-quatre à droite puis montez de soixante-huit,64,68
6749,allez de seize à droite puis montez de soixante et onze,16,71
6750,allez de soixante-seize à droite puis montez de cinquante-sept,76,57
6751,allez de deux à droite puis montez de six,2,6
6752,allez de quarante-huit à droite puis montez de quatre-vingt-un,48,81
6753,allez de quatre-vingt-un à droite puis montez de vingt-neuf,81,29
6754,allez de soixante-sept à droite puis montez de cinquante,67,50
6755,allez de soixante-sept à droite puis montez de quatre-vingt-huit,67,88
6756,allez de un à droite puis montez de quatre-vingt-six,1,86
6757,allez de soixante-quatorze à droite puis montez de vingt-trois,74,23
6758,allez de quatre-vingt-seize à droite puis montez de soixante-cinq,96,65
6759,allez de trente-sept à droite puis montez de quatre-vingt-quatorze,37,94
6760,allez de vingt-neuf à droite puis montez de cinquante et un,29,51
6761,allez de soixante-douze à droite puis montez de dix-neuf,72,19
6762,allez de cinquante-huit à droite puis montez de quatre-vingt-quatre,58,84
6763,allez de vingt-six à droite puis montez de soixante-douze,26,72
6764,allez de soixante-neuf à droite puis montez de soixante et onze,69,71
6765,allez de vingt-neuf à droite puis montez de cinquante-trois,29,53
6766,allez de cinq à droite puis montez de quatre-vingt-trois,5,83
6767,allez de soixante-dix-huit à droite puis montez de trente-cinq,78,35
6768,allez de dix-neuf à droite puis montez de soixante et onze,19,71
6769,allez de six à droite puis montez de dix-sept,6,17
6770,allez de vingt-deux à droite puis montez de quatre-vingt-six,22,86
6771,allez de quatorze à droite puis montez de trente-neuf,14,39
6772,allez de quatre-vingt-dix-neuf à droite puis montez de quatre-vingt-six,99,86
6773,allez de quatre-vingt-un à droite puis montez de soixante-dix,81,70
6774,allez de quatre-vingt-sept à droite puis montez de soixante-quatorze,87,74
6775,allez de cinquante-six à droite puis montez de deux,56,2
6776,allez de soixante-dix-sept à droite puis montez de soixante-sept,77,67
6777,allez de un à droite puis montez de quatre-vingt-six,1,86
6778,allez de cinquante-deux à droite puis montez de quatre-vingt-dix-sept,52,97
6779,allez de onze à droite puis montez de trente-huit,11,38
6780,allez de treize à droite puis montez de dix-neuf,13,19
6781,allez de trente-cinq à droite puis montez de soixante et onze,35,71
6782,allez de quatre-vingt-six à droite puis montez de quatre-vingt-trois,86,83
6783,allez de dix à droite puis montez de quatre-vingt-trois,10,83
6784,allez de soixante-seize à droite puis montez de quatre-vingt-dix-sept,76,97
6785,allez de soixante-douze à droite puis montez de neuf,72,9
6786,allez de deux à droite puis montez de seize,2,16
6787,allez de quarante-cinq à droite puis montez de quatre-vingt-huit,45,88
6788,allez de cinquante-trois à droite puis montez de soixante-quinze,53,75
6789,allez de huit à droite puis montez de quatorze,8,14
6790,allez de quatre-vingt-dix-huit à droite puis montez de quatre-vingt-neuf,98,89
6791,allez de soixante-deux à droite puis montez de quinze,62,15
6792,allez de soixante-dix-sept à droite puis montez de quatre-vingt-dix-neuf,77,99
6793,allez de soixante-dix-huit à droite puis montez de quinze,78,15
6794,allez de quatre-vingt-sept à droite puis montez de soixante-trois,87,63
6795,allez de quatre-vingt-neuf à droite puis montez de seize,89,16
6796,allez de quatre-vingt-quatre à droite puis montez de vingt-six,84,26
6797,allez de soixante-trois à droite puis montez de cinquante-sept,63,57
6798,allez de trente-sept à droite puis montez de vingt-quatre,37,24
6799,allez de quatre-vingt-quinze à droite puis montez de soixante-neuf,95,69
6800,allez de quarante-neuf à droite puis montez de vingt-quatre,49,24
6801,allez de quatre-vingt-quinze à droite puis montez de soixante,95,60
6802,allez de soixante-quatorze à droite puis montez de quatre-vingt-treize,74,93
6803,allez de trente-six à droite puis montez de quarante-huit,36,48
6804,allez de soixante et un à droite puis montez de quatre-vingt-onze,61,91
6805,allez de quinze à droite puis montez de soixante-seize,15,76
6806,allez de soixante-douze à droite puis montez de quatre-vingt-sept,72,87
6807,allez de onze à droite puis montez de quatre-vingt-dix-sept,11,97
6808,allez de cinquante à droite puis montez de cinquante-six,50,56
6809,allez de trente-quatre à droite puis montez de quatre-vingt-trois,34,83
6810,allez de quatre-vingt-cinq à droite puis montez de quatre-vingt-trois,85,83
6811,allez de cinquante-sept à droite puis montez de trente et un,57,31
6812,allez de trente-huit à droite puis montez de trente-cinq,38,35
6813,allez de soixante-dix à droite puis montez de soixante-neuf,70,69
6814,allez de vingt-deux à droite puis montez de soixante-sept,22,67
6815,allez de quatre-vingt-cinq à droite puis montez de quatre-vingt-cinq,85,85
6816,allez de quatre-vingt-dix-huit à droite puis montez de cinquante-neuf,98,59
6817,allez de treize à droite puis montez de quinze,13,15
6818,allez de soixante-trois à droite puis montez de cinquante-cinq,63,55
6819,allez de cinquante-sept à droite puis montez de quinze,57,15
6820,allez de quatre-vingt-dix à droite puis montez de vingt-sept,90,27
6821,allez de quatre-vingt-dix-huit à droite puis montez de quarante-huit,98,48
6822,allez de quatre-vingt-neuf à droite puis montez de vingt-neuf,89,29
6823,allez de quatre-vingt-six à droite puis montez de soixante et un,86,61
6824,allez de trente-sept à droite puis montez de quatre-vingt-dix,37,90
6825,allez de cinquante-deux à droite puis montez de vingt-sept,52,27
6826,allez de soixante-neuf à droite puis montez de quarante-trois,69,43
6827,allez de cinquante-trois à droite puis montez de soixante et un,53,61
6828,allez de quarante-quatre à droite puis montez de cinq,44,5
6829,allez de trente-cinq à droite puis montez de quatre-vingt-treize,35,93
6830,allez de deux à droite puis montez de quarante et un,2,41
6831,allez de soixante-quatorze à droite puis montez de soixante et un,74,61
6832,allez de quarante-neuf à droite puis montez de seize,49,16
6833,allez de soixante-six à droite puis montez de cinquante-quatre,66,54
6834,allez de quatre à droite puis montez de soixante-six,4,66
6835,allez de trois à droite puis montez de deux,3,2
6836,allez de quatre-vingt-dix-neuf à droite puis montez de un,99,1
6837,allez de quatre-vingt-quatorze à droite puis montez de quatre-vingt-seize,94,96
6838,allez de douze à droite puis montez de trente et un,12,31
6839,allez de quarante-deux à droite puis montez de cent,42,100
6840,allez de quatre-vingt-cinq à droite puis montez de quarante-cinq,85,45
6841,allez de quatre-vingts à droite puis montez de quatre-vingt-six,80,86
6842,allez de dix-neuf à droite puis montez de cinquante-neuf,19,59
6843,allez de soixante-cinq à droite puis montez de quarante et un,65,41
6844,allez de un à droite puis montez de vingt,1,20
6845,allez de treize à droite puis montez de quarante-sept,13,47
6846,allez de trente-neuf à droite puis montez de cinquante et un,39,51
6847,allez de trente-sept à droite puis montez de quatre-vingt-quatre,37,84
6848,allez de dix-huit à droite puis montez de quatre-vingt-onze,18,91
6849,allez de soixante et onze à droite puis montez de cinquante-cinq,71,55
6850,allez de trente-neuf à droite puis montez de quarante-quatre,39,44
6851,allez de quatre-vingt-treize à droite puis montez de quarante-quatre,93,44
6852,allez de sept à droite puis montez de soixante-quatorze,7,74
6853,allez de soixante-dix à droite puis montez de soixante-seize,70,76
6854,allez de quatre-vingt-trois à droite puis montez de soixante-sept,83,67
6855,allez de vingt-cinq à droite puis montez de quatre-vingt-dix-sept,25,97
6856,allez de trente-neuf à droite puis montez de soixante-sept,39,67
6857,allez de dix-neuf à droite puis montez de vingt et un,19,21
6858,allez de cinquante et un à droite puis montez de quarante-sept,51,47
6859,allez de quatre-vingt-six à droite puis montez de cinquante-trois,86,53
6860,allez de soixante-seize à droite puis montez de trente-huit,76,38
6861,allez de trente-quatre à droite puis montez de quarante et un,34,41
6862,allez de douze à droite puis montez de quatre,12,4
6863,allez de cinquante et un à droite puis montez de cinquante,51,50
6864,allez de trente et un à droite puis montez de trente-cinq,31,35
6865,allez de cinquante-neuf à droite puis montez de soixante-dix-sept,59,77
6866,allez de quatre-vingt-cinq à droite puis montez de soixante-trois,85,63
6867,allez de soixante-dix à droite puis montez de soixante-six,70,66
6868,allez de vingt-trois à droite puis montez de trente-quatre,23,34
6869,allez de quarante à droite puis montez de cinquante-trois,40,53
6870,allez de soixante-seize à droite puis montez de quatre-vingt-douze,76,92
6871,allez de soixante-dix-huit à droite puis montez de dix-neuf,78,19
6872,allez de quatre-vingt-quatorze à droite puis montez de quatre-vingt-treize,94,93
6873,allez de quarante-trois à droite puis montez de dix-sept,43,17
6874,allez de soixante-quinze à droite puis montez de deux,75,2
6875,allez de trente-cinq à droite puis montez de quatre-vingt-quinze,35,95
6876,allez de soixante et onze à droite puis montez de dix-neuf,71,19
6877,allez de six à droite puis montez de quatorze,6,14
6878,allez de dix-sept à droite puis montez de trente-six,17,36
6879,allez de cinquante-sept à droite puis montez de dix-huit,57,18
6880,allez de quarante-cinq à droite puis montez de trente,45,30
6881,allez de soixante et un à droite puis montez de quarante-neuf,61,49
6882,allez de quarante-trois à droite puis montez de trente-deux,43,32
6883,allez de trente-six à droite puis montez de neuf,36,9
6884,allez de quarante à droite puis montez de quatre-vingt-un,40,81
6885,allez de soixante-cinq à droite puis montez de cinquante-deux,65,52
6886,allez de quinze à droite puis montez de soixante-dix,15,70
6887,allez de quarante-quatre à droite puis montez de soixante et un,44,61
6888,allez de trente-sept à droite puis montez de quatre-vingt-quatorze,37,94
6889,allez de quatre-vingt-huit à droite puis montez de cinquante-quatre,88,54
6890,allez de soixante-quatorze à droite puis montez de soixante,74,60
6891,allez de vingt-huit à droite puis montez de quatre-vingt-treize,28,93
6892,allez de quatre-vingt-sept à droite puis montez de cinquante-six,87,56
6893,allez de quarante-neuf à droite puis montez de quatre-vingt-douze,49,92
6894,allez de vingt-quatre à droite puis montez de quarante-neuf,24,49
6895,allez de soixante-quinze à droite puis montez de quatre-vingt-onze,75,91
6896,allez de cinquante-deux à droite puis montez de soixante-dix,52,70
6897,allez de soixante-dix-sept à droite puis montez de soixante-deux,77,62
6898,allez de quarante-trois à droite puis montez de soixante-six,43,66
6899,allez de quatre-vingt-un à droite puis montez de trente-cinq,81,35
6900,allez de cinquante-trois à droite puis montez de quatre-vingt-dix-sept,53,97
6901,allez de trente-sept à droite puis montez de seize,37,16
6902,allez de vingt-sept à droite puis montez de quatre-vingt-cinq,27,85
6903,allez de trente-quatre à droite puis montez de onze,34,11
6904,allez de huit à droite puis montez de quarante-sept,8,47
6905,allez de dix-neuf à droite puis montez de soixante-six,19,66
6906,allez de quatorze à droite puis montez de vingt-neuf,14,29
6907,allez de trente-cinq à droite puis montez de quarante-quatre,35,44
6908,allez de soixante-quatorze à droite puis montez de soixante-huit,74,68
6909,allez de trente-sept à droite puis montez de huit,37,8
6910,allez de soixante et un à droite puis montez de quatre-vingt-huit,61,88
6911,allez de quarante à droite puis montez de quatre,40,4
6912,allez de soixante-seize à droite puis montez de soixante-cinq,76,65
6913,allez de vingt-sept à droite puis montez de douze,27,12
6914,allez de vingt-deux à droite puis montez de quatre-vingts,22,80
6915,allez de vingt-quatre à droite puis montez de quatre-vingt-dix,24,90
6916,allez de vingt-cinq à droite puis montez de neuf,25,9
6917,allez de cinquante-huit à droite puis montez de soixante-treize,58,73
6918,allez de neuf à droite puis montez de quatre-vingt-quatre,9,84
6919,allez de trente-huit à droite puis montez de quarante-six,38,46
6920,allez de soixante-dix-sept à droite puis montez de trente-deux,77,32
6921,allez de cinquante-deux à droite puis montez de soixante-deux,52,62
6922,allez de quatre-vingt-quinze à droite puis montez de quinze,95,15
6923,allez de quatre-vingt-quatre à droite puis montez de douze,84,12
6924,allez de soixante-dix à droite puis montez de quatre-vingt-neuf,70,89
6925,allez de vingt-huit à droite puis montez de quarante-trois,28,43
6926,allez de quatre à droite puis montez de douze,4,12
6927,allez de quarante et un à droite puis montez de cinquante-neuf,41,59
6928,allez de vingt-huit à droite puis montez de trente-sept,28,37
6929,allez de seize à droite puis montez de quarante-neuf,16,49
6930,allez de quatre-vingt-deux à droite puis montez de quarante-huit,82,48
6931,allez de cent à droite puis montez de trente-huit,100,38
6932,allez de quatre-vingt-seize à droite puis montez de vingt-cinq,96,25
6933,allez de cinquante-cinq à droite puis montez de vingt,55,20
6934,allez de quarante-sept à droite puis montez de soixante et un,47,61
6935,allez de quatre-vingt-six à droite puis montez de deux,86,2
6936,allez de trente-six à droite puis montez de quatre-vingt-un,36,81
6937,allez de vingt à droite puis montez de vingt et un,20,21
6938,allez de quatorze à droite puis montez de quatre-vingt-un,14,81
6939,allez de trente et un à droite puis montez de cinquante-six,31,56
6940,allez de quatre-vingt-un à droite puis montez de dix-sept,81,17
6941,allez de vingt-neuf à droite puis montez de quatre-vingt-douze,29,92
6942,allez de quatre-vingt-dix-huit à droite puis montez de quatre-vingt-sept,98,87
6943,allez de quatre-vingt-neuf à droite puis montez de trente-quatre,89,34
6944,allez de dix à droite puis montez de quatre-vingt-six,10,86
6945,allez de soixante à droite puis montez de sept,60,7
6946,allez de quarante et un à droite puis montez de quarante-trois,41,43
6947,allez de quatre-vingt-deux à droite puis montez de quatre-vingt-douze,82,92
6948,allez de cent à droite puis montez de quarante et un,100,41
6949,allez de soixante-seize à droite puis montez de quatre-vingt-six,76,86
6950,allez de neuf à droite puis montez de cinquante-six,9,56
6951,allez de dix à droite puis montez de huit,10,8
6952,allez de dix-neuf à droite puis montez de douze,19,12
6953,allez de vingt-huit à droite puis montez de quatre-vingt-dix,28,90
6954,allez de quarante à droite puis montez de cinquante et un,40,51
6955,allez de cent à droite puis montez de soixante-quatorze,100,74
6956,allez de seize à droite puis montez de soixante,16,60
6957,allez de quatre-vingt-un à droite puis montez de soixante-quatorze,81,74
6958,allez de cinq à droite puis montez de vingt-sept,5,27
6959,allez de quatre-vingt-cinq à droite puis montez de soixante-huit,85,68
6960,allez de quarante-six à droite puis montez de quatre-vingt-trois,46,83
6961,allez de douze à droite puis montez de dix,12,10
6962,allez de dix à droite puis montez de soixante-seize,10,76
6963,allez de quatre-vingts à droite puis montez de quarante-neuf,80,49
6964,allez de onze à droite puis montez de soixante-sept,11,67
6965,allez de soixante-cinq à droite puis montez de cinquante-deux,65,52
6966,allez de trente-trois à droite puis montez de vingt-cinq,33,25
6967,allez de quatre-vingt-cinq à droite puis montez de quarante-quatre,85,44
6968,allez de soixante-dix-huit à droite puis montez de huit,78,8
6969,allez de cinquante-cinq à droite puis montez de cinquante-quatre,55,54
6970,allez de quarante-deux à droite puis montez de quatre-vingt-dix-huit,42,98
6971,allez de vingt-quatre à droite puis montez de quatre-vingt-onze,24,91
6972,allez de soixante-douze à droite puis montez de soixante-deux,72,62
6973,allez de deux à droite puis montez de quatre-vingt-treize,2,93
6974,allez de trente-deux à droite puis montez de cinq,32,5
6975,allez de trente-six à droite puis montez de quatre-vingt-dix-neuf,36,99
6976,allez de quatre-vingt-dix-neuf à droite puis montez de trente-sept,99,37
6977,allez de quatre-vingt-treize à droite puis montez de trente-huit,93,38
6978,allez de quatre-vingt-trois à droite puis montez de cinquante-six,83,56
6979,allez de quarante-huit à droite puis montez de seize,48,16
6980,allez de trente-quatre à droite puis montez de cinquante-huit,34,58
6981,allez de onze à droite puis montez de soixante-quinze,11,75
6982,allez de soixante-huit à droite puis montez de quatre-vingt-huit,68,88
6983,allez de quarante et un à droite puis montez de quatre-vingt-un,41,81
6984,allez de soixante-huit à droite puis montez de soixante-quatorze,68,74
6985,allez de soixante-seize à droite puis montez de quarante-deux,76,42
6986,allez de quatre-vingt-deux à droite puis montez de quarante-sept,82,47
6987,allez de quarante-deux à droite puis montez de quarante-six,42,46
6988,allez de deux à droite puis montez de quatre,2,4
6989,allez de trente-trois à droite puis montez de quatre-vingts,33,80
6990,allez de quarante-quatre à droite puis montez de quinze,44,15
6991,allez de onze à droite puis montez de trente-sept,11,37
6992,allez de soixante-trois à droite puis montez de quarante-cinq,63,45
6993,allez de quarante-neuf à droite puis montez de quarante-deux,49,42
6994,allez de quatre-vingt-sept à droite puis montez de soixante et un,87,61
6995,allez de dix à droite puis montez de soixante-quatorze,10,74
6996,allez de cinquante à droite puis montez de trente-neuf,50,39
6997,allez de trente-trois à droite puis montez de cinquante-trois,33,53
6998,allez de quatre-vingt-cinq à droite puis montez de vingt-huit,85,28
6999,allez de quatre-vingt-onze à droite puis montez de soixante-sept,91,67
7000,allez de vingt-sept à droite puis descendez de huit,27,-8
7001,allez de soixante et onze à droite puis descendez de quatre-vingt-quinze,71,-95
7002,allez de soixante-douze à droite puis descendez de quatre-vingt-cinq,72,-85
7003,allez de cinquante à droite puis descendez de quatre-vingt-deux,50,-82
7004,allez de quatorze à droite puis descendez de quatre-vingt-dix-huit,14,-98
7005,allez de quatre-vingt-douze à droite puis descendez de soixante-treize,92,-73
7006,allez de quatre-vingt-quatorze à droite puis descendez de soixante-six,94,-66
7007,allez de cinquante-deux à droite puis descendez de soixante-cinq,52,-65
7008,allez de cinquante à droite puis descendez de quarante-deux,50,-42
7009,allez de quarante-deux à droite puis descendez de trente-quatre,42,-34
7010,allez de soixante-cinq à droite puis descendez de treize,65,-13
7011,allez de trente et un à droite puis descendez de quatre-vingt-un,31,-81
7012,allez de quatre à droite puis descendez de quatre-vingt-deux,4,-82
7013,allez de onze à droite puis descendez de trente-huit,11,-38
7014,allez de trente à droite puis descendez de soixante-neuf,30,-69
7015,allez de cinq à droite puis descendez de soixante-neuf,5,-69
7016,allez de trente-deux à droite puis descendez de soixante-douze,32,-72
7017,allez de quatre-vingt-dix-neuf à droite puis descendez de soixante-dix-sept,99,-77
7018,allez de soixante et onze à droite puis descendez de vingt et un,71,-21
7019,allez de vingt-sept à droite puis descendez de cinquante,27,-50
7020,allez de cinquante-trois à droite puis descendez de soixante,53,-60
7021,allez de trente-quatre à droite puis descendez de soixante-neuf,34,-69
7022,allez de quatre-vingt-dix-huit à droite puis descendez de trente-deux,98,-32
7023,allez de vingt-six à droite puis descendez de dix,26,-10
7024,allez de vingt-trois à droite puis descendez de quarante-quatre,23,-44
7025,allez de trente-sept à droite puis descendez de vingt-sept,37,-27
7026,allez de quatre-vingt-six à droite puis descendez de vingt-trois,86,-23
7027,allez de cinquante-cinq à droite puis descendez de cinquante-cinq,55,-55
7028,allez de seize à droite puis descendez de dix-huit,16,-18
7029,allez de quinze à droite puis descendez de quarante-deux,15,-42
7030,allez de cinquante à droite puis descendez de cinquante-cinq,50,-55
7031,allez de trente-quatre à droite puis descendez de vingt-quatre,34,-24
7032,allez de quatre-vingt-quatre à droite puis descendez de trente-sept,84,-37
7033,allez de soixante et un à droite puis descendez de vingt et un,61,-21
7034,allez de vingt et un à droite puis descendez de vingt-quatre,21,-24
7035,allez de quatre-vingt-dix à droite puis descendez de vingt-six,90,-26
7036,allez de soixante-trois à droite puis descendez de soixante-dix-sept,63,-77
7037,allez de deux à droite puis descendez de quatre-vingt-huit,2,-88
7038,allez de quatre-vingt-dix-sept à droite puis descendez de quatre-vingts,97,-80
7039,allez de quarante-cinq à droite puis descendez de trente et un,45,-31
7040,allez de quatre-vingt-trois à droite puis descendez de cinquante-cinq,83,-55
7041,allez de quarante-cinq à droite puis descendez de cinquante-quatre,45,-54
7042,allez de vingt et un à droite puis descendez de cent,21,-100
7043,allez de soixante-quatorze à droite puis descendez de vingt et un,74,-21
7044,allez de quatre-vingt-quinze à droite puis descendez de cinquante-sept,95,-57
7045,allez de onze à droite puis descendez de soixante et un,11,-61
7046,allez de soixante et un à droite puis descendez de quatre-vingt-dix-huit,61,-98
7047,allez de trente-quatre à droite puis descendez de cinquante-deux,34,-52
7048,allez de quatre-vingt-dix-neuf à droite puis descendez de cinquante-cinq,99,-55
7049,allez de quinze à droite puis descendez de quarante-cinq,15,-45
7050,allez de quarante-sept à droite puis descendez de douze,47,-12
7051,allez de quatre-vingt-seize à droite puis descendez de huit,96,-8
7052,allez de quatre-vingt-trois à droite puis descendez de dix-sept,83,-17
7053,allez de quatre-vingt-trois à droite puis descendez de trente-huit,83,-38
7054,allez de quatre-vingt-dix-sept à droite puis descendez de trente-trois,97,-33
7055,allez de quatre-vingt-sept à droite puis descendez de trente-huit,87,-38
7056,allez de vingt à droite puis descendez de cinquante-quatre,20,-54
7057,allez de quatre-vingts à droite puis descendez de quarante et un,80,-41
7058,allez de soixante-neuf à droite puis descendez de trente-sept,69,-37
7059,allez de trente-sept à droite puis descendez de quatre-vingt-huit,37,-88
7060,allez de soixante-quatorze à droite puis descendez de quarante-sept,74,-47
7061,allez de quatre-vingt-huit à droite puis descendez de trente-cinq,88,-35
7062,allez de cinquante à droite puis descendez de soixante-dix-sept,50,-77
7063,allez de soixante à droite puis descendez de trente-neuf,60,-39
7064,allez de cinquante-quatre à droite puis descendez de soixante-quatorze,54,-74
7065,allez de quatre à droite puis descendez de quarante-huit,4,-48
7066,allez de trente-neuf à droite puis descendez de quarante-cinq,39,-45
7067,allez de soixante-six à droite puis descendez de soixante-quatre,66,-64
7068,allez de quarante-huit à droite puis descendez de quatre-vingt-seize,48,-96
7069,allez de quatre-vingt-quatre à droite puis descendez de vingt-huit,84,-28
7070,allez de quatre-vingt-quatorze à droite puis descendez de vingt-deux,94,-22
7071,allez de vingt-huit à droite puis descendez de quatre-vingt-quatorze,28,-94
7072,allez de trente à droite puis descendez de dix-huit,30,-18
7073,allez de huit à droite puis descendez de dix-neuf,8,-19
7074,allez de cinquante-neuf à droite puis descendez de quatre,59,-4
7075,allez de dix-sept à droite puis descendez de trente-trois,17,-33
7076,allez de quatre-vingt-dix à droite puis descendez de sept,90,-7
7077,allez de quatre-vingt-douze à droite puis descendez de soixante-deux,92,-62
7078,allez de quatorze à droite puis descendez de cent,14,-100
7079,allez de soixante-huit à droite puis descendez de quatre-vingts,68,-80
7080,allez de cinquante-trois à droite puis descendez de quatre-vingt-sept,53,-87
7081,allez de quatre-vingt-six à droite puis descendez de quatre-vingt-quinze,86,-95
7082,allez de trois à droite puis descendez de cinquante-quatre,3,-54
7083,allez de vingt-neuf à droite puis descendez de trente-quatre,29,-34
7084,allez de quarante-trois à droite puis descendez de cent,43,-100
7085,allez de quatre-vingt-onze à droite puis descendez de soixante-dix-neuf,91,-79
7086,allez de vingt-quatre à droite puis descendez de quatre-vingt-treize,24,-93
7087,allez de cinquante à droite puis descendez de soixante-quatre,50,-64
7088,allez de quatre-vingt-douze à droite puis descendez de soixante-six,92,-66
7089,allez de soixante-deux à droite puis descendez de sept,62,-7
7090,allez de soixante-seize à droite puis descendez de quatre-vingt-un,76,-81
7091,allez de quarante-trois à droite puis descendez de trente-sept,43,-37
7092,allez de soixante-dix à droite puis descendez de quarante-cinq,70,-45
7093,allez de quatre-vingt-seize à droite puis descendez de quatre,96,-4
7094,allez de vingt-six à droite puis descendez de dix-neuf,26,-19
7095,allez de treize à droite puis descendez de quarante-sept,13,-47
7096,allez de vingt-trois à droite puis descendez de quatre-vingt-trois,23,-83
7097,allez de soixante-dix à droite puis descendez de quatre-vingt-cinq,70,-85
7098,allez de vingt-quatre à droite puis descendez de soixante-huit,24,-68
7099,allez de cinquante à droite puis descendez de cinquante-neuf,50,-59
7100,allez de cinquante et un à droite puis descendez de sept,51,-7
7101,allez de dix-huit à droite puis descendez de quatre-vingt-dix-sept,18,-97
7102,allez de deux à droite puis descendez de quatre-vingt-quatre,2,-84
7103,allez de trente-six à droite puis descendez de quatorze,36,-14
7104,allez de soixante-dix-huit à droite puis descendez de vingt-neuf,78,-29
7105,allez de trente-six à droite puis descendez de quatre-vingt-huit,36,-88
7106,allez de cinquante-quatre à droite puis descendez de soixante-quatre,54,-64
7107,allez de vingt à droite puis descendez de trente-deux,20,-32
7108,allez de vingt-deux à droite puis descendez de trente,22,-30
7109,allez de soixante-treize à droite puis descendez de quatre-vingt-trois,73,-83
7110,allez de soixante et un à droite puis descendez de quatre-vingt-dix-huit,61,-98
7111,allez de cinquante-cinq à droite puis descendez de cent,55,-100
7112,allez de soixante-dix-neuf à droite puis descendez de quarante-huit,79,-48
7113,allez de quatre-vingts à droite puis descendez de vingt,80,-20
7114,allez de quatre-vingts à droite puis descendez de vingt-cinq,80,-25
7115,allez de soixante-cinq à droite puis descendez de quarante-deux,65,-42
7116,allez de soixante et un à droite puis descendez de quarante-neuf,61,-49
7117,allez de dix-huit à droite puis descendez de un,18,-1
7118,allez de quinze à droite puis descendez de quarante-sept,15,-47
7119,allez de soixante et onze à droite puis descendez de dix-sept,71,-17
7120,allez de quatre-vingt-treize à droite puis descendez de soixante-six,93,-66
7121,allez de vingt-neuf à droite puis descendez de trente-deux,29,-32
7122,allez de soixante-huit à droite puis descendez de cinquante-huit,68,-58
7123,allez de quatre-vingt-treize à droite puis descendez de trois,93,-3
7124,allez de cinquante et un à droite puis descendez de quatre-vingt-dix-neuf,51,-99
7125,allez de vingt-cinq à droite puis descendez de quarante-cinq,25,-45
7126,allez de quarante et un à droite puis descendez de treize,41,-13
7127,allez de vingt-huit à droite puis descendez de dix,28,-10
7128,allez de treize à droite puis descendez de soixante-quinze,13,-75
7129,allez de soixante et un à droite puis descendez de sept,61,-7
7130,allez de dix-huit à droite puis descendez de quatre-vingt-treize,18,-93
7131,allez de huit à droite puis descendez de vingt-trois,8,-23
7132,allez de vingt-trois à droite puis descendez de treize,23,-13
7133,allez de soixante-sept à droite puis descendez de quatre-vingt-douze,67,-92
7134,allez de vingt-huit à droite puis descendez de sept,28,-7
7135,allez de soixante et onze à droite puis descendez de quarante-neuf,71,-49
7136,allez de trente-cinq à droite puis descendez de soixante-six,35,-66
7137,allez de vingt-trois à droite puis descendez de cinquante-cinq,23,-55
7138,allez de soixante-dix-huit à droite puis descendez de cinq,78,-5
7139,allez de vingt à droite puis descendez de seize,20,-16
7140,allez de quatre-vingt-dix-neuf à droite puis descendez de soixante-neuf,99,-69
7141,allez de soixante-cinq à droite puis descendez de quatre-vingt-neuf,65,-89
7142,allez de quatre-vingt-six à droite puis descendez de quatre-vingts,86,-80
7143,allez de un à droite puis descendez de quarante,1,-40
7144,allez de douze à droite puis descendez de soixante-six,12,-66
7145,allez de vingt-quatre à droite puis descendez de soixante-quatre,24,-64
7146,allez de quarante et un à droite puis descendez de soixante-treize,41,-73
7147,allez de soixante-huit à droite puis descendez de quatre-vingt-cinq,68,-85
7148,allez de quarante et un à droite puis descendez de soixante,41,-60
7149,allez de cinquante-neuf à droite puis descendez de soixante-treize,59,-73
7150,allez de dix à droite puis descendez de soixante-dix-huit,10,-78
7151,allez de quatre-vingt-quatorze à droite puis descendez de quatre-vingt-deux,94,-82
7152,allez de vingt-six à droite puis descendez de quatre-vingt-onze,26,-91
7153,allez de dix à droite puis descendez de soixante-sept,10,-67
7154,allez de quarante-sept à droite puis descendez de six,47,-6
7155,allez de quatre-vingt-seize à droite puis descendez de quatre-vingt-treize,96,-93
7156,allez de cinquante-huit à droite puis descendez de trente-neuf,58,-39
7157,allez de soixante-quinze à droite puis descendez de vingt-six,75,-26
7158,allez de quarante-deux à droite puis descendez de quarante-sept,42,-47
7159,allez de trente-trois à droite puis descendez de quatre-vingts,33,-80
7160,allez de trente et un à droite puis descendez de cinquante-six,31,-56
7161,allez de treize à droite puis descendez de trente-quatre,13,-34
7162,allez de quatre-vingt-dix-huit à droite puis descendez de quarante-cinq,98,-45
7163,allez de soixante-neuf à droite puis descendez de douze,69,-12
7164,allez de cinquante-trois à droite puis descendez de soixante-treize,53,-73
7165,allez de quarante-huit à droite puis descendez de quatre-vingt-quatre,48,-84
7166,allez de quatre-vingt-dix-sept à droite puis descendez de trente-cinq,97,-35
7167,allez de soixante à droite puis descendez de cinq,60,-5
7168,allez de quatre-vingts à droite puis descendez de quatre-vingt-quatre,80,-84
7169,allez de cinquante-sept à droite puis descendez de vingt-deux,57,-22
7170,allez de onze à droite puis descendez de quatre,11,-4
7171,allez de quatre-vingt-neuf à droite puis descendez de trente et un,89,-31
7172,allez de quarante-trois à droite puis descendez de quatre-vingt-quinze,43,-95
7173,allez de quatre-vingt-dix-neuf à droite puis descendez de quatre-vingt-huit,99,-88
7174,allez de trente-six à droite puis descendez de soixante-dix-neuf,36,-79
7175,allez de quatre-vingt-deux à droite puis descendez de cinquante et un,82,-51
7176,allez de trente et un à droite puis descendez de soixante-treize,31,-73
7177,allez de quarante-sept à droite puis descendez de soixante-dix-sept,47,-77
7178,allez de quatre-vingt-neuf à droite puis descendez de cinquante-deux,89,-52
7179,allez de sept à droite puis descendez de treize,7,-13
7180,allez de dix-sept à droite puis descendez de trente-trois,17,-33
7181,allez de dix-huit à droite puis descendez de quarante-cinq,18,-45
7182,allez de trente-sept à droite puis descendez de cinquante-deux,37,-52
7183,allez de cinquante-quatre à droite puis descendez de soixante-quatre,54,-64
7184,allez de deux à droite puis descendez de soixante-seize,2,-76
7185,allez de quatre-vingt-huit à droite puis descendez de vingt-cinq,88,-25
7186,allez de trente-trois à droite puis descendez de trente-neuf,33,-39
7187,allez de trente-cinq à droite puis descendez de quarante,35,-40
7188,allez de soixante et un à droite puis descendez de vingt,61,-20
7189,allez de soixante-seize à droite puis descendez de quarante-trois,76,-43
7190,allez de soixante-quatre à droite puis descendez de soixante-quatre,64,-64
7191,allez de vingt-sept à droite puis descendez de trente-deux,27,-32
7192,allez de quatre-vingt-dix-huit à droite puis descendez de cinquante-neuf,98,-59
7193,allez de quarante-deux à droite puis descendez de vingt,42,-20
7194,allez de cinquante-trois à droite puis descendez de soixante-trois,53,-63
7195,allez de vingt-cinq à droite puis descendez de trente,25,-30
7196,allez de cinquante à droite puis descendez de soixante-quinze,50,-75
7197,allez de soixante-dix à droite puis descendez de cinquante-neuf,70,-59
7198,allez de soixante-seize à droite puis descendez de soixante-sept,76,-67
7199,allez de quatre-vingt-six à droite puis descendez de soixante-quatre,86,-64
7200,allez de quatre-vingt-sept à droite puis descendez de dix-sept,87,-17
7201,allez de vingt et un à droite puis descendez de cinquante et un,21,-51
7202,allez de quatre-vingt-trois à droite puis descendez de quatre-vingt-sept,83,-87
7203,allez de quatre-vingt-quatre à droite puis descendez de cinquante-sept,84,-57
7204,allez de dix-huit à droite puis descendez de soixante-sept,18,-67
7205,allez de vingt-quatre à droite puis descendez de cinquante-trois,24,-53
7206,allez de soixante-deux à droite puis descendez de quatre-vingt-onze,62,-91
7207,allez de quatre-vingt-dix-huit à droite puis descendez de seize,98,-16
7208,allez de quarante à droite puis descendez de soixante-dix,40,-70
7209,allez de quarante-sept à droite puis descendez de soixante-dix-huit,47,-78
7210,allez de quatre-vingt-dix à droite puis descendez de quatre-vingt-un,90,-81
7211,allez de soixante-six à droite puis descendez de dix-neuf,66,-19
7212,allez de vingt et un à droite puis descendez de vingt-cinq,21,-25
7213,allez de cinquante-six à droite puis descendez de huit,56,-8
7214,allez de quatre-vingt-dix à droite puis descendez de vingt-trois,90,-23
7215,allez de vingt-deux à droite puis descendez de soixante,22,-60
7216,allez de vingt-quatre à droite puis descendez de vingt,24,-20
7217,allez de quatorze à droite puis descendez de trente-huit,14,-38
7218,allez de quatre-vingt-un à droite puis descendez de soixante-quatorze,81,-74
7219,allez de trente-huit à droite puis descendez de soixante-sept,38,-67
7220,allez de quatre-vingt-cinq à droite puis descendez de un,85,-1
7221,allez de quarante-six à droite puis descendez de douze,46,-12
7222,allez de vingt-neuf à droite puis descendez de treize,29,-13
7223,allez de quarante-deux à droite puis descendez de vingt-quatre,42,-24
7224,allez de quarante-sept à droite puis descendez de vingt-huit,47,-28
7225,allez de dix-sept à droite puis descendez de trente-sept,17,-37
7226,allez de quatre-vingt-deux à droite puis descendez de sept,82,-7
7227,allez de quatre-vingt-douze à droite puis descendez de quatre-vingt-quinze,92,-95
7228,allez de trente-six à droite puis descendez de vingt-quatre,36,-24
7229,allez de trente-neuf à droite puis descendez de vingt-huit,39,-28
7230,allez de quatre-vingt-quatre à droite puis descendez de quatre-vingt-treize,84,-93
7231,allez de quatre-vingt-sept à droite puis descendez de vingt-huit,87,-28
7232,allez de vingt-quatre à droite puis descendez de soixante et onze,24,-71
7233,allez de soixante-sept à droite puis descendez de soixante-quinze,67,-75
7234,allez de six à droite puis descendez de quatorze,6,-14
7235,allez de vingt-huit à droite puis descendez de quatre-vingt-deux,28,-82
7236,allez de quatre-vingt-six à droite puis descendez de quatre-vingt-dix-neuf,86,-99
7237,allez de quatre-vingt-seize à droite puis descendez de quarante-cinq,96,-45
7238,allez de quarante-deux à droite puis descendez de quatre-vingt-trois,42,-83
7239,allez de soixante-cinq à droite puis descendez de vingt-quatre,65,-24
7240,allez de quatre-vingt-onze à droite puis descendez de quatre,91,-4
7241,allez de quatre-vingt-douze à droite puis descendez de quarante-neuf,92,-49
7242,allez de quatre-vingts à droite puis descendez de quatre-vingt-un,80,-81
7243,allez de soixante à droite puis descendez de quatre-vingt-sept,60,-87
7244,allez de quarante-huit à droite puis descendez de quatre-vingts,48,-80
7245,allez de dix-huit à droite puis descendez de cinquante-sept,18,-57
7246,allez de soixante-sept à droite puis descendez de trente-trois,67,-33
7247,allez de cinquante-cinq à droite puis descendez de neuf,55,-9
7248,allez de cinquante-quatre à droite puis descendez de soixante-neuf,54,-69
7249,allez de dix à droite puis descendez de quarante,10,-40
7250,allez de cinquante et un à droite puis descendez de vingt-cinq,51,-25
7251,allez de cinquante à droite puis descendez de soixante-huit,50,-68
7252,allez de vingt-trois à droite puis descendez de cinquante,23,-50
7253,allez de vingt-cinq à droite puis descendez de deux,25,-2
7254,allez de quarante-deux à droite puis descendez de soixante-quinze,42,-75
7255,allez de cinquante-trois à droite puis descendez de quatre-vingt-dix,53,-90
7256,allez de soixante et onze à droite puis descendez de quatorze,71,-14
7257,allez de soixante-quatorze à droite puis descendez de quatre,74,-4
7258,allez de quatre-vingt-dix-neuf à droite puis descendez de quinze,99,-15
7259,allez de soixante-quatorze à droite puis descendez de vingt,74,-20
7260,allez de quarante-deux à droite puis descendez de vingt et un,42,-21
7261,allez de soixante-dix-neuf à droite puis descendez de quatre-vingt-onze,79,-91
7262,allez de trente-sept à droite puis descendez de soixante-quatre,37,-64
7263,allez de quatre-vingts à droite puis descendez de cent,80,-100
7264,allez de quatre-vingt-quinze à droite puis descendez de soixante-dix-neuf,95,-79
7265,allez de quarante-quatre à droite puis descendez de cinquante,44,-50
7266,allez de cinquante-deux à droite puis descendez de trente,52,-30
7267,allez de quinze à droite puis descendez de quarante-sept,15,-47
7268,allez de cinquante-cinq à droite puis descendez de vingt-deux,55,-22
7269,allez de quatre-vingt-seize à droite puis descendez de vingt-trois,96,-23
7270,allez de cinquante-neuf à droite puis descendez de treize,59,-13
7271,allez de cent à droite puis descendez de soixante-quinze,100,-75
7272,allez de soixante-deux à droite puis descendez de trente-quatre,62,-34
7273,allez de trente-six à droite puis descendez de vingt et un,36,-21
7274,allez de quatre-vingt-quatre à droite puis descendez de cent,84,-100
7275,allez de vingt à droite puis descendez de six,20,-6
7276,allez de quatre-vingt-dix-neuf à droite puis descendez de quarante-six,99,-46
7277,allez de quatre-vingt-dix à droite puis descendez de dix-huit,90,-18
7278,allez de trente-trois à droite puis descendez de dix,33,-10
7279,allez de dix-sept à droite puis descendez de cinquante-six,17,-56
7280,allez de cinquante à droite puis descendez de seize,50,-16
7281,allez de soixante-dix-huit à droite puis descendez de trente-six,78,-36
7282,allez de vingt-huit à droite puis descendez de treize,28,-13
7283,allez de quatre-vingt-quatre à droite puis descendez de cinquante-quatre,84,-54
7284,allez de quarante-quatre à droite puis descendez de huit,44,-8
7285,allez de soixante à droite puis descendez de quatre-vingt-trois,60,-83
7286,allez de quarante-sept à droite puis descendez de soixante-dix-huit,47,-78
7287,allez de quatre-vingt-douze à droite puis descendez de vingt-neuf,92,-29
7288,allez de quarante-six à droite puis descendez de quatre-vingt-treize,46,-93
7289,allez de dix-huit à droite puis descendez de dix-neuf,18,-19
7290,allez de trente-neuf à droite puis descendez de quatre-vingts,39,-80
7291,allez de cinquante-trois à droite puis descendez de un,53,-1
7292,allez de quatre-vingt-treize à droite puis descendez de quatre-vingt-quinze,93,-95
7293,allez de dix-neuf à droite puis descendez de vingt,19,-20
7294,allez de quarante-huit à droite puis descendez de quatre-vingt-sept,48,-87
7295,allez de quarante-cinq à droite puis descendez de soixante et un,45,-61
7296,allez de dix-sept à droite puis descendez de cinq,17,-5
7297,allez de vingt-huit à droite puis descendez de soixante-quinze,28,-75
7298,allez de seize à droite puis descendez de soixante et onze,16,-71
7299,allez de treize à droite puis descendez de soixante-deux,13,-62
7300,allez de vingt-deux à droite puis descendez de trente-trois,22,-33
7301,allez de soixante-six à droite puis descendez de trente et un,66,-31
7302,allez de soixante-trois à droite puis descendez de quatre,63,-4
7303,allez de quatre-vingt-quatorze à droite puis descendez de quatre-vingt-treize,94,-93
7304,allez de soixante-dix-sept à droite puis descendez de treize,77,-13
7305,allez de quatre-vingt-onze à droite puis descendez de quatre-vingt-sept,91,-87
7306,allez de quatre-vingt-onze à droite puis descendez de six,91,-6
7307,allez de trente-deux à droite puis descendez de cinquante-quatre,32,-54
7308,allez de soixante-quinze à droite puis descendez de deux,75,-2
7309,allez de quatre-vingt-trois à droite puis descendez de quatre-vingt-quatorze,83,-94
7310,allez de quatre-vingt-quatre à droite puis descendez de quatre-vingt-un,84,-81
7311,allez de vingt-deux à droite puis descendez de quatre-vingt-quinze,22,-95
7312,allez de quarante et un à droite puis descendez de vingt-cinq,41,-25
7313,allez de quarante-cinq à droite puis descendez de quatre-vingt-sept,45,-87
7314,allez de trente-neuf à droite puis descendez de quatre-vingt-dix,39,-90
7315,allez de quatre-vingt-quatorze à droite puis descendez de trente-deux,94,-32
7316,allez de vingt-quatre à droite puis descendez de quatre-vingt-quatorze,24,-94
7317,allez de douze à droite puis descendez de trente-six,12,-36
7318,allez de quatre-vingt-dix à droite puis descendez de quarante et un,90,-41
7319,allez de soixante-quinze à droite puis descendez de cinquante-neuf,75,-59
7320,allez de quatre-vingt-seize à droite puis descendez de trente-trois,96,-33
7321,allez de soixante-six à droite puis descendez de quatre-vingts,66,-80
7322,allez de cinquante-six à droite puis descendez de quarante-trois,56,-43
7323,allez de quatre-vingt-six à droite puis descendez de soixante-cinq,86,-65
7324,allez de soixante-cinq à droite puis descendez de quatre-vingts,65,-80
7325,allez de huit à droite puis descendez de soixante-treize,8,-73
7326,allez de soixante-cinq à droite puis descendez de cent,65,-100
7327,allez de quatre-vingt-seize à droite puis descendez de cent,96,-100
7328,allez de un à droite puis descendez de quatre-vingt-deux,1,-82
7329,allez de quatre-vingt-trois à droite puis descendez de soixante-dix-neuf,83,-79
7330,allez de quarante-huit à droite puis descendez de trois,48,-3
7331,allez de cinquante-cinq à droite puis descendez de douze,55,-12
7332,allez de trente-quatre à droite puis descendez de soixante-quatre,34,-64
7333,allez de quarante-sept à droite puis descendez de quarante,47,-40
7334,allez de dix-sept à droite puis descendez de quatre-vingt-cinq,17,-85
7335,allez de trente et un à droite puis descendez de quarante et un,31,-41
7336,allez de cent à droite puis descendez de quatre-vingt-neuf,100,-89
7337,allez de quarante-six à droite puis descendez de vingt-deux,46,-22
7338,allez de soixante à droite puis descendez de trente-neuf,60,-39
7339,allez de cinquante-neuf à droite puis descendez de quatre-vingt-seize,59,-96
7340,allez de trente-neuf à droite puis descendez de quarante et un,39,-41
7341,allez de onze à droite puis descendez de soixante-neuf,11,-69
7342,allez de cinquante-huit à droite puis descendez de quatre-vingt-huit,58,-88
7343,allez de treize à droite puis descendez de vingt-deux,13,-22
7344,allez de soixante-dix-sept à droite puis descendez de quarante et un,77,-41
7345,allez de quinze à droite puis descendez de trente-trois,15,-33
7346,allez de cinquante à droite puis descendez de six,50,-6
7347,allez de soixante-dix à droite puis descendez de cinquante,70,-50
7348,allez de soixante et onze à droite puis descendez de cinq,71,-5
7349,allez de vingt à droite puis descendez de cinquante et un,20,-51
7350,allez de vingt-six à droite puis descendez de quatorze,26,-14
7351,allez de cinq à droite puis descendez de soixante-quatre,5,-64
7352,allez de soixante-treize à droite puis descendez de quinze,73,-15
7353,allez de onze à droite puis descendez de cinquante-trois,11,-53
7354,allez de trente à droite puis descendez de dix-sept,30,-17
7355,allez de quatre-vingt-treize à droite puis descendez de soixante-six,93,-66
7356,allez de quatre-vingt-six à droite puis descendez de cinquante-neuf,86,-59
7357,allez de soixante-deux à droite puis descendez de cinquante et un,62,-51
7358,allez de quatre-vingt-douze à droite puis descendez de quatre-vingt-neuf,92,-89
7359,allez de neuf à droite puis descendez de vingt-trois,9,-23
7360,allez de soixante-cinq à droite puis descendez de vingt-sept,65,-27
7361,allez de seize à droite puis descendez de soixante-six,16,-66
7362,allez de douze à droite puis descendez de quinze,12,-15
7363,allez de soixante-dix-sept à droite puis descendez de vingt,77,-20
7364,allez de cinquante-six à droite puis descendez de cinquante,56,-50
7365,allez de quatre-vingt-huit à droite puis descendez de quarante-quatre,88,-44
7366,allez de soixante à droite puis descendez de quatre-vingt-dix-sept,60,-97
7367,allez de trente et un à droite puis descendez de soixante-douze,31,-72
7368,allez de quatre-vingt-sept à droite puis descendez de sept,87,-7
7369,allez de sept à droite puis descendez de vingt-quatre,7,-24
7370,allez de cinquante-sept à droite puis descendez de quatre-vingt-neuf,57,-89
7371,allez de huit à droite puis descendez de vingt-quatre,8,-24
7372,allez de quarante-six à droite puis descendez de six,46,-6
7373,allez de cinquante-quatre à droite puis descendez de soixante-huit,54,-68
7374,allez de cinquante et un à droite puis descendez de quatre-vingt-dix-neuf,51,-99
7375,allez de cinquante et un à droite puis descendez de quarante-neuf,51,-49
7376,allez de quatre-vingt-dix-sept à droite puis descendez de soixante-quatre,97,-64
7377,allez de soixante-dix-neuf à droite puis descendez de quarante-neuf,79,-49
7378,allez de soixante-dix-huit à droite puis descendez de seize,78,-16
7379,allez de cinquante-six à droite puis descendez de quatre-vingt-dix-huit,56,-98
7380,allez de cinquante et un à droite puis descendez de quatre-vingt-onze,51,-91
7381,allez de dix-neuf à droite puis descendez de vingt-huit,19,-28
7382,allez de treize à droite puis descendez de trente-deux,13,-32
7383,allez de quatre-vingt-dix à droite puis descendez de quatre-vingt-un,90,-81
7384,allez de soixante et un à droite puis descendez de soixante-quinze,61,-75
7385,allez de quarante-six à droite puis descendez de quatre-vingt-deux,46,-82
7386,allez de soixante-dix à droite puis descendez de vingt-trois,70,-23
7387,allez de quatre-vingt-treize à droite puis descendez de trente-quatre,93,-34
7388,allez de quatre-vingt-sept à droite puis descendez de soixante-six,87,-66
7389,allez de trois à droite puis descendez de dix-sept,3,-17
7390,allez de soixante-quinze à droite puis descendez de quarante-quatre,75,-44
7391,allez de quatre-vingt-neuf à droite puis descendez de soixante-seize,89,-76
7392,allez de quarante-huit à droite puis descendez de dix-huit,48,-18
7393,allez de soixante-quatorze à droite puis descendez de cinquante-trois,74,-53
7394,allez de vingt-cinq à droite puis descendez de quarante-six,25,-46
7395,allez de quatre-vingt-sept à droite puis descendez de quatre-vingt-deux,87,-82
7396,allez de deux à droite puis descendez de douze,2,-12
7397,allez de cinquante-neuf à droite puis descendez de quatre-vingt-cinq,59,-85
7398,allez de vingt-six à droite puis descendez de six,26,-6
7399,allez de douze à droite puis descendez de soixante-deux,12,-62
7400,allez de quatre-vingt-quinze à droite puis descendez de deux,95,-2
7401,allez de trente-cinq à droite puis descendez de soixante-quinze,35,-75
7402,allez de quatre-vingt-trois à droite puis descendez de quarante-cinq,83,-45
7403,allez de quarante-quatre à droite puis descendez de quatre-vingt-six,44,-86
7404,allez de vingt-six à droite puis descendez de trois,26,-3
7405,allez de quarante-deux à droite puis descendez de trente-huit,42,-38
7406,allez de quatre-vingt-dix-neuf à droite puis descendez de quatre-vingt-dix-sept,99,-97
7407,allez de trois à droite puis descendez de quarante-sept,3,-47
7408,allez de quarante à droite puis descendez de quinze,40,-15
7409,allez de quatre-vingt-deux à droite puis descendez de soixante-quatre,82,-64
7410,allez de sept à droite puis descendez de trois,7,-3
7411,allez de quatre-vingt-sept à droite puis descendez de quarante-neuf,87,-49
7412,allez de soixante-six à droite puis descendez de soixante-douze,66,-72
7413,allez de quatre-vingt-six à droite puis descendez de vingt-deux,86,-22
7414,allez de soixante-seize à droite puis descendez de trente-trois,76,-33
7415,allez de quarante-trois à droite puis descendez de quarante-quatre,43,-44
7416,allez de quatre-vingt-huit à droite puis descendez de onze,88,-11
7417,allez de vingt-neuf à droite puis descendez de dix,29,-10
7418,allez de soixante-seize à droite puis descendez de cinquante-trois,76,-53
7419,allez de quinze à droite puis descendez de quatre-vingt-trois,15,-83
7420,allez de quarante-deux à droite puis descendez de quatre-vingt-douze,42,-92
7421,allez de quatre-vingt-douze à droite puis descendez de soixante-cinq,92,-65
7422,allez de soixante-huit à droite puis descendez de cinquante-quatre,68,-54
7423,allez de cinquante et un à droite puis descendez de vingt-cinq,51,-25
7424,allez de vingt-quatre à droite puis descendez de vingt-deux,24,-22
7425,allez de cinquante-huit à droite puis descendez de dix-huit,58,-18
7426,allez de cinquante-sept à droite puis descendez de quatre-vingt-douze,57,-92
7427,allez de soixante-dix à droite puis descendez de quarante-deux,70,-42
7428,allez de trente et un à droite puis descendez de quatre-vingt-six,31,-86
7429,allez de cinquante-deux à droite puis descendez de soixante-cinq,52,-65
7430,allez de soixante-treize à droite puis descendez de soixante-quatorze,73,-74
7431,allez de soixante-treize à droite puis descendez de quarante-cinq,73,-45
7432,allez de soixante-dix-huit à droite puis descendez de soixante-deux,78,-62
7433,allez de quatre-vingt-dix-huit à droite puis descendez de cinquante et un,98,-51
7434,allez de trente-trois à droite puis descendez de quarante-quatre,33,-44
7435,allez de vingt-quatre à droite puis descendez de soixante-dix-neuf,24,-79
7436,allez de vingt-cinq à droite puis descendez de vingt-sept,25,-27
7437,allez de soixante-dix-neuf à droite puis descendez de quatre-vingt-douze,79,-92
7438,allez de vingt-six à droite puis descendez de quarante-huit,26,-48
7439,allez de vingt et un à droite puis descendez de quatre,21,-4
7440,allez de cent à droite puis descendez de soixante-huit,100,-68
7441,allez de trois à droite puis descendez de trente-sept,3,-37
7442,allez de trente-trois à droite puis descendez de quatre-vingt-six,33,-86
7443,allez de soixante-cinq à droite puis descendez de vingt-cinq,65,-25
7444,allez de quarante et un à droite puis descendez de cinquante et un,41,-51
7445,allez de douze à droite puis descendez de cinquante-huit,12,-58
7446,allez de soixante-dix-huit à droite puis descendez de cinquante-deux,78,-52
7447,allez de onze à droite puis descendez de quatre-vingt-neuf,11,-89
7448,allez de soixante-neuf à droite puis descendez de soixante et onze,69,-71
7449,allez de cinquante à droite puis descendez de soixante-dix-neuf,50,-79
7450,allez de cinquante-neuf à droite puis descendez de soixante-six,59,-66
7451,allez de quatre-vingt-quatorze à droite puis descendez de quatre-vingt-quatorze,94,-94
7452,allez de quatre-vingt-treize à droite puis descendez de trente et un,93,-31
7453,allez de dix-huit à droite puis descendez de trente-neuf,18,-39
7454,allez de quatre-vingt-quatorze à droite puis descendez de vingt et un,94,-21
7455,allez de quarante-sept à droite puis descendez de cinquante-trois,47,-53
7456,allez de un à droite puis descendez de cinquante et un,1,-51
7457,allez de soixante-seize à droite puis descendez de soixante-dix-huit,76,-78
7458,allez de vingt-deux à droite puis descendez de soixante-cinq,22,-65
7459,allez de vingt à droite puis descendez de quatre-vingt-douze,20,-92
7460,allez de douze à droite puis descendez de un,12,-1
7461,allez de quatre-vingt-douze à droite puis descendez de soixante-quinze,92,-75
7462,allez de soixante-treize à droite puis descendez de trente-huit,73,-38
7463,allez de soixante et un à droite puis descendez de quarante-deux,61,-42
7464,allez de quatre-vingt-trois à droite puis descendez de cinquante-huit,83,-58
7465,allez de quatre-vingt-seize à droite puis descendez de six,96,-6
7466,allez de soixante-huit à droite puis descendez de quatre-vingt-huit,68,-88
7467,allez de vingt à droite puis descendez de quatre-vingt-seize,20,-96
7468,allez de cinquante et un à droite puis descendez de quatre-vingt-deux,51,-82
7469,allez de soixante-quatorze à droite puis descendez de soixante-quinze,74,-75
7470,allez de quatre-vingt-douze à droite puis descendez de soixante-quinze,92,-75
7471,allez de quarante à droite puis descendez de soixante-trois,40,-63
7472,allez de vingt-neuf à droite puis descendez de dix-neuf,29,-19
7473,allez de douze à droite puis descendez de quarante-trois,12,-43
7474,allez de trente et un à droite puis descendez de vingt-sept,31,-27
7475,allez de quatre-vingt-douze à droite puis descendez de soixante-cinq,92,-65
7476,allez de vingt-huit à droite puis descendez de cinquante-huit,28,-58
7477,allez de cinquante-sept à droite puis descendez de soixante-deux,57,-62
7478,allez de soixante-neuf à droite puis descendez de trente-cinq,69,-35
7479,allez de quatre-vingt-quinze à droite puis descendez de quatre-vingt-treize,95,-93
7480,allez de quatre-vingt-douze à droite puis descendez de soixante-dix-sept,92,-77
7481,allez de soixante-trois à droite puis descendez de trente-deux,63,-32
7482,allez de huit à droite puis descendez de soixante-trois,8,-63
7483,allez de deux à droite puis descendez de un,2,-1
7484,allez de cinquante-huit à droite puis descendez de treize,58,-13
7485,allez de seize à droite puis descendez de cinquante et un,16,-51
7486,allez de cinquante à droite puis descendez de vingt-huit,50,-28
7487,allez de vingt-trois à droite puis descendez de soixante-dix-sept,23,-77
7488,allez de cinquante-trois à droite puis descendez de vingt et un,53,-21
7489,allez de soixante à droite puis descendez de trente-trois,60,-33
7490,allez de seize à droite puis descendez de quatre-vingt-huit,16,-88
7491,allez de quatre-vingt-sept à droite puis descendez de un,87,-1
7492,allez de dix-sept à droite puis descendez de onze,17,-11
7493,allez de trente-trois à droite puis descendez de sept,33,-7
7494,allez de trois à droite puis descendez de cinq,3,-5
7495,allez de quatre-vingt-deux à droite puis descendez de soixante-dix-sept,82,-77
7496,allez de quatre-vingt-dix à droite puis descendez de quatre-vingt-un,90,-81
7497,allez de quatre-vingt-cinq à droite puis descendez de cinquante-huit,85,-58
7498,allez de soixante-quinze à droite puis descendez de quatre-vingt-neuf,75,-89
7499,allez de soixante et un à droite puis descendez de six,61,-6
7500,allez de un à droite puis descendez de quarante-sept,1,-47
7501,allez de sept à droite puis descendez de quatre-vingt-dix-neuf,7,-99
7502,allez de quarante-sept à droite puis descendez de sept,47,-7
7503,allez de quatre-vingts à droite puis descendez de vingt-quatre,80,-24
7504,allez de trente-cinq à droite puis descendez de quarante-sept,35,-47
7505,allez de trente-cinq à droite puis descendez de vingt-huit,35,-28
7506,allez de trente-huit à droite puis descendez de un,38,-1
7507,allez de quatre-vingt-quatorze à droite puis descendez de quatre-vingt-dix-sept,94,-97
7508,allez de quatre-vingt-dix-huit à droite puis descendez de trente-six,98,-36
7509,allez de trente-quatre à droite puis descendez de cinquante-cinq,34,-55
7510,allez de quarante à droite puis descendez de soixante-dix-sept,40,-77
7511,allez de trente-six à droite puis descendez de quarante-sept,36,-47
7512,allez de cinquante-quatre à droite puis descendez de cinquante-six,54,-56
7513,allez de douze à droite puis descendez de sept,12,-7
7514,allez de quatre-vingt-quinze à droite puis descendez de six,95,-6
7515,allez de quatre-vingt-trois à droite puis descendez de cent,83,-100
7516,allez de cinquante-cinq à droite puis descendez de quatre-vingt-un,55,-81
7517,allez de sept à droite puis descendez de quarante-sept,7,-47
7518,allez de soixante-dix-sept à droite puis descendez de soixante-sept,77,-67
7519,allez de vingt-deux à droite puis descendez de quatre-vingt-treize,22,-93
7520,allez de soixante-seize à droite puis descendez de soixante-neuf,76,-69
7521,allez de trente à droite puis descendez de cinquante-deux,30,-52
7522,allez de soixante-neuf à droite puis descendez de quarante-trois,69,-43
7523,allez de soixante-sept à droite puis descendez de quarante-huit,67,-48
7524,allez de quarante-trois à droite puis descendez de douze,43,-12
7525,allez de vingt-deux à droite puis descendez de quatre-vingt-trois,22,-83
7526,allez de cinquante-cinq à droite puis descendez de vingt,55,-20
7527,allez de cinquante-quatre à droite puis descendez de soixante-dix-sept,54,-77
7528,allez de quatre-vingt-cinq à droite puis descendez de trois,85,-3
7529,allez de trente-six à droite puis descendez de soixante-cinq,36,-65
7530,allez de soixante-treize à droite puis descendez de soixante-douze,73,-72
7531,allez de quarante-huit à droite puis descendez de neuf,48,-9
7532,allez de quatre-vingt-seize à droite puis descendez de vingt et un,96,-21
7533,allez de soixante-douze à droite puis descendez de vingt-trois,72,-23
7534,allez de cinquante-deux à droite puis descendez de quarante,52,-40
7535,allez de trente à droite puis descendez de quarante-quatre,30,-44
7536,allez de cinquante-quatre à droite puis descendez de soixante-dix-huit,54,-78
7537,allez de seize à droite puis descendez de quatre-vingt-huit,16,-88
7538,allez de quatre-vingts à droite puis descendez de quatre-vingt-cinq,80,-85
7539,allez de cinquante-cinq à droite puis descendez de soixante-six,55,-66
7540,allez de quatre-vingt-un à droite puis descendez de trente-huit,81,-38
7541,allez de soixante-deux à droite puis descendez de soixante-quatre,62,-64
7542,allez de cinq à droite puis descendez de vingt-sept,5,-27
7543,allez de quatre-vingt-neuf à droite puis descendez de soixante,89,-60
7544,allez de dix à droite puis descendez de quatre-vingt-dix-neuf,10,-99
7545,allez de vingt et un à droite puis descendez de trente-cinq,21,-35
7546,allez de vingt et un à droite puis descendez de quatre-vingt-quatorze,21,-94
7547,allez de neuf à droite puis descendez de soixante-treize,9,-73
7548,allez de soixante-dix à droite puis descendez de quatre-vingt-douze,70,-92
7549,allez de un à droite puis descendez de soixante-huit,1,-68
7550,allez de deux à droite puis descendez de soixante,2,-60
7551,allez de treize à droite puis descendez de soixante et onze,13,-71
7552,allez de trente-huit à droite puis descendez de quarante-trois,38,-43
7553,allez de trente-huit à droite puis descendez de soixante-douze,38,-72
7554,allez de vingt-deux à droite puis descendez de trente-trois,22,-33
7555,allez de quatre-vingt-quatre à droite puis descendez de seize,84,-16
7556,allez de soixante-dix-neuf à droite puis descendez de quarante-huit,79,-48
7557,allez de cinquante-sept à droite puis descendez de trois,57,-3
7558,allez de quatre-vingt-neuf à droite puis descendez de cinquante-huit,89,-58
7559,allez de quatre-vingt-un à droite puis descendez de vingt,81,-20
7560,allez de quatre-vingt-neuf à droite puis descendez de vingt,89,-20
7561,allez de soixante-neuf à droite puis descendez de cinquante-quatre,69,-54
7562,allez de soixante-dix-neuf à droite puis descendez de cinquante-cinq,79,-55
7563,allez de sept à droite puis descendez de soixante-dix,7,-70
7564,allez de six à droite puis descendez de sept,6,-7
7565,allez de treize à droite puis descendez de quatre-vingt-trois,13,-83
7566,allez de cinq à droite puis descendez de vingt-trois,5,-23
7567,allez de quatre à droite puis descendez de trente-cinq,4,-35
7568,allez de soixante-deux à droite puis descendez de soixante-cinq,62,-65
7569,allez de soixante-cinq à droite puis descendez de soixante-sept,65,-67
7570,allez de soixante et un à droite puis descendez de quatre-vingt-trois,61,-83
7571,allez de huit à droite puis descendez de vingt-deux,8,-22
7572,allez de vingt-six à droite puis descendez de quatre-vingt-six,26,-86
7573,allez de quatre-vingt-douze à droite puis descendez de dix-huit,92,-18
7574,allez de trente-quatre à droite puis descendez de sept,34,-7
7575,allez de quarante-huit à droite puis descendez de quatre-vingt-six,48,-86
7576,allez de trente-deux à droite puis descendez de trente-huit,32,-38
7577,allez de quarante-deux à droite puis descendez de quatre-vingt-quatre,42,-84
7578,allez de soixante-cinq à droite puis descendez de quatre-vingt-dix,65,-90
7579,allez de cinquante-cinq à droite puis descendez de soixante-neuf,55,-69
7580,allez de cinquante-cinq à droite puis descendez de soixante-huit,55,-68
7581,allez de quatre-vingt-trois à droite puis descendez de cinquante-trois,83,-53
7582,allez de quarante-six à droite puis descendez de quarante-sept,46,-47
7583,allez de sept à droite puis descendez de cinquante-six,7,-56
7584,allez de vingt-cinq à droite puis descendez de cinquante-deux,25,-52
7585,allez de quarante à droite puis descendez de cinquante-six,40,-56
7586,allez de soixante-quatre à droite puis descendez de vingt-cinq,64,-25
7587,allez de quatre-vingt-seize à droite puis descendez de soixante-deux,96,-62
7588,allez de vingt-quatre à droite puis descendez de quatorze,24,-14
7589,allez de cinquante-sept à droite puis descendez de quatre-vingt-deux,57,-82
7590,allez de quarante et un à droite puis descendez de vingt-sept,41,-27
7591,allez de quatre-vingt-quinze à droite puis descendez de un,95,-1
7592,allez de deux à droite puis descendez de quatorze,2,-14
7593,allez de vingt et un à droite puis descendez de soixante-dix-neuf,21,-79
7594,allez de soixante-trois à droite puis descendez de vingt-cinq,63,-25
7595,allez de soixante-dix-huit à droite puis descendez de quatre-vingt-treize,78,-93
7596,allez de quatre-vingt-treize à droite puis descendez de trente-huit,93,-38
7597,allez de soixante et onze à droite puis descendez de soixante et onze,71,-71
7598,allez de vingt-trois à droite puis descendez de soixante-quinze,23,-75
7599,allez de soixante-six à droite puis descendez de vingt-huit,66,-28
7600,allez de soixante-dix-sept à droite puis descendez de soixante-six,77,-66
7601,allez de cinquante-quatre à droite puis descendez de huit,54,-8
7602,allez de onze à droite puis descendez de soixante-neuf,11,-69
7603,allez de quatre-vingt-dix-huit à droite puis descendez de soixante-quatre,98,-64
7604,allez de vingt-huit à droite puis descendez de trente-deux,28,-32
7605,allez de quatre-vingt-un à droite puis descendez de onze,81,-11
7606,allez de onze à droite puis descendez de soixante-quatre,11,-64
7607,allez de trente-deux à droite puis descendez de onze,32,-11
7608,allez de vingt-deux à droite puis descendez de cinquante-deux,22,-52
7609,allez de trois à droite puis descendez de vingt-huit,3,-28
7610,allez de soixante-dix-neuf à droite puis descendez de quatre-vingt-quinze,79,-95
7611,allez de trente-deux à droite puis descendez de sept,32,-7
7612,allez de quatre-vingt-treize à droite puis descendez de soixante et un,93,-61
7613,allez de quarante-deux à droite puis descendez de quatre-vingt-neuf,42,-89
7614,allez de quatre-vingt-sept à droite puis descendez de un,87,-1
7615,allez de cent à droite puis descendez de quatre-vingt-dix-neuf,100,-99
7616,allez de quatre-vingt-quinze à droite puis descendez de soixante-dix-sept,95,-77
7617,allez de quatre-vingt-quatorze à droite puis descendez de soixante et un,94,-61
7618,allez de soixante-quinze à droite puis descendez de soixante-dix-sept,75,-77
7619,allez de quatre-vingt-treize à droite puis descendez de quatre-vingt-sept,93,-87
7620,allez de soixante-dix à droite puis descendez de cinquante-deux,70,-52
7621,allez de soixante-huit à droite puis descendez de trente-quatre,68,-34
7622,allez de quarante-cinq à droite puis descendez de vingt-deux,45,-22
7623,allez de dix-neuf à droite puis descendez de quarante-cinq,19,-45
7624,allez de trente-deux à droite puis descendez de quatre-vingt-six,32,-86
7625,allez de soixante-neuf à droite puis descendez de dix-huit,69,-18
7626,allez de quarante à droite puis descendez de quatre-vingt-huit,40,-88
7627,allez de quarante et un à droite puis descendez de trente-quatre,41,-34
7628,allez de quatre-vingt-trois à droite puis descendez de cinquante-quatre,83,-54
7629,allez de cinq à droite puis descendez de quatre-vingt-quatre,5,-84
7630,allez de quatre-vingt-quinze à droite puis descendez de cent,95,-100
7631,allez de deux à droite puis descendez de cinquante-neuf,2,-59
7632,allez de quatre à droite puis descendez de soixante et un,4,-61
7633,allez de quatre-vingt-treize à droite puis descendez de soixante-quatorze,93,-74
7634,allez de cinquante-trois à droite puis descendez de vingt-deux,53,-22
7635,allez de quatre-vingt-six à droite puis descendez de quarante-deux,86,-42
7636,allez de cinquante à droite puis descendez de cent,50,-100
7637,allez de quarante-sept à droite puis descendez de cinquante-six,47,-56
7638,allez de seize à droite puis descendez de quatorze,16,-14
7639,allez de quatre-vingt-un à droite puis descendez de quatre-vingt-neuf,81,-89
7640,allez de seize à droite puis descendez de trente-six,16,-36
7641,allez de dix à droite puis descendez de deux,10,-2
7642,allez de quarante-trois à droite puis descendez de quarante-quatre,43,-44
7643,allez de quatre-vingt-dix-neuf à droite puis descendez de soixante-neuf,99,-69
7644,allez de trente-neuf à droite puis descendez de vingt-neuf,39,-29
7645,allez de soixante-seize à droite puis descendez de quatre-vingt-dix,76,-90
7646,allez de trente-quatre à droite puis descendez de quatre-vingt-seize,34,-96
7647,allez de quatre-vingt-un à droite puis descendez de quatre-vingts,81,-80
7648,allez de quarante et un à droite puis descendez de quarante-neuf,41,-49
7649,allez de soixante-huit à droite puis descendez de treize,68,-13
7650,allez de soixante-six à droite puis descendez de soixante-douze,66,-72
7651,allez de trente-sept à droite puis descendez de quarante-cinq,37,-45
7652,allez de dix-huit à droite puis descendez de cinquante-cinq,18,-55
7653,allez de quatre-vingt-dix à droite puis descendez de soixante-douze,90,-72
7654,allez de quatre-vingt-seize à droite puis descendez de vingt-deux,96,-22
7655,allez de six à droite puis descendez de quatre-vingt-neuf,6,-89
7656,allez de un à droite puis descendez de cent,1,-100
7657,allez de quarante-sept à droite puis descendez de soixante-quatorze,47,-74
7658,allez de quatre-vingt-quatorze à droite puis descendez de cinquante-trois,94,-53
7659,allez de quatre-vingt-cinq à droite puis descendez de trente,85,-30
7660,allez de deux à droite puis descendez de soixante et onze,2,-71
7661,allez de quatorze à droite puis descendez de quatre-vingt-six,14,-86
7662,allez de dix-huit à droite puis descendez de cinquante-cinq,18,-55
7663,allez de huit à droite puis descendez de quatre-vingt-un,8,-81
7664,allez de trente-cinq à droite puis descendez de quarante-deux,35,-42
7665,allez de cinquante à droite puis descendez de soixante-dix-huit,50,-78
7666,allez de cinquante-trois à droite puis descendez de onze,53,-11
7667,allez de quarante-huit à droite puis descendez de vingt-cinq,48,-25
7668,allez de quarante et un à droite puis descendez de douze,41,-12
7669,allez de vingt-cinq à droite puis descendez de soixante-dix-neuf,25,-79
7670,allez de quatre-vingt-onze à droite puis descendez de vingt-six,91,-26
7671,allez de quatre-vingt-huit à droite puis descendez de soixante-trois,88,-63
7672,allez de soixante-cinq à droite puis descendez de trente-huit,65,-38
7673,allez de vingt-deux à droite puis descendez de quatre-vingt-quinze,22,-95
7674,allez de quatre-vingt-dix-neuf à droite puis descendez de soixante-douze,99,-72
7675,allez de quatre-vingt-deux à droite puis descendez de soixante-quatre,82,-64
7676,allez de quatre-vingt-seize à droite puis descendez de onze,96,-11
7677,allez de quatre-vingt-treize à droite puis descendez de quatorze,93,-14
7678,allez de cinquante-quatre à droite puis descendez de cinquante et un,54,-51
7679,allez de soixante à droite puis descendez de treize,60,-13
7680,allez de quarante-deux à droite puis descendez de quatre-vingt-neuf,42,-89
7681,allez de quatre-vingt-quinze à droite puis descendez de cinquante-quatre,95,-54
7682,allez de quatre-vingt-trois à droite puis descendez de soixante-dix-sept,83,-77
7683,allez de quarante et un à droite puis descendez de quatre-vingt-deux,41,-82
7684,allez de quatre-vingt-huit à droite puis descendez de soixante-deux,88,-62
7685,allez de soixante-sept à droite puis descendez de cinquante-neuf,67,-59
7686,allez de quarante-cinq à droite puis descendez de trente-neuf,45,-39
7687,allez de quarante-sept à droite puis descendez de quatre-vingts,47,-80
7688,allez de soixante-six à droite puis descendez de vingt-quatre,66,-24
7689,allez de quatre-vingt-quatre à droite puis descendez de cinq,84,-5
7690,allez de seize à droite puis descendez de quatre-vingt-treize,16,-93
7691,allez de soixante-quinze à droite puis descendez de vingt-sept,75,-27
7692,allez de cinquante-trois à droite puis descendez de soixante-trois,53,-63
7693,allez de quatre-vingt-six à droite puis descendez de vingt-six,86,-26
7694,allez de soixante-quatre à droite puis descendez de vingt-deux,64,-22
7695,allez de quarante-trois à droite puis descendez de quarante et un,43,-41
7696,allez de onze à droite puis descendez de quarante-trois,11,-43
7697,allez de vingt-quatre à droite puis descendez de vingt-neuf,24,-29
7698,allez de quatre-vingt-dix-huit à droite puis descendez de soixante-seize,98,-76
7699,allez de quatre-vingt-deux à droite puis descendez de quatre-vingt-douze,82,-92
7700,allez de cinquante à droite puis descendez de six,50,-6
7701,allez de cinquante-six à droite puis descendez de quatre-vingt-huit,56,-88
7702,allez de quatorze à droite puis descendez de quarante et un,14,-41
7703,allez de soixante-neuf à droite puis descendez de quarante-sept,69,-47
7704,allez de quarante-huit à droite puis descendez de quarante-huit,48,-48
7705,allez de quatre-vingt-douze à droite puis descendez de trente-deux,92,-32
7706,allez de vingt-neuf à droite puis descendez de cinquante,29,-50
7707,allez de treize à droite puis descendez de sept,13,-7
7708,allez de trente-six à droite puis descendez de cinquante-deux,36,-52
7709,allez de soixante-dix-huit à droite puis descendez de quatre-vingt-onze,78,-91
7710,allez de vingt à droite puis descendez de soixante-sept,20,-67
7711,allez de vingt-neuf à droite puis descendez de soixante-dix,29,-70
7712,allez de soixante-dix-huit à droite puis descendez de quarante-six,78,-46
7713,allez de soixante-cinq à droite puis descendez de cinquante-quatre,65,-54
7714,allez de trente et un à droite puis descendez de dix-sept,31,-17
7715,allez de dix-huit à droite puis descendez de vingt-trois,18,-23
7716,allez de trente-huit à droite puis descendez de quatre-vingt-cinq,38,-85
7717,allez de vingt à droite puis descendez de cinq,20,-5
7718,allez de soixante-neuf à droite puis descendez de soixante-neuf,69,-69
7719,allez de dix-sept à droite puis descendez de soixante-six,17,-66
7720,allez de cinquante-quatre à droite puis descendez de quarante-trois,54,-43
7721,allez de quatre-vingt-un à droite puis descendez de soixante et onze,81,-71
7722,allez de cinquante-six à droite puis descendez de trente et un,56,-31
7723,allez de dix-sept à droite puis descendez de quatre-vingt-deux,17,-82
7724,allez de soixante-quinze à droite puis descendez de quatre-vingt-six,75,-86
7725,allez de quatre-vingt-seize à droite puis descendez de trente-six,96,-36
7726,allez de soixante-dix-sept à droite puis descendez de soixante-neuf,77,-69
7727,allez de dix-huit à droite puis descendez de quatre-vingt-quatorze,18,-94
7728,allez de trente-cinq à droite puis descendez de trente-huit,35,-38
7729,allez de trente-six à droite puis descendez de treize,36,-13
7730,allez de soixante-seize à droite puis descendez de soixante-quatre,76,-64
7731,allez de dix à droite puis descendez de soixante-treize,10,-73
7732,allez de quatre-vingts à droite puis descendez de six,80,-6
7733,allez de cinquante-cinq à droite puis descendez de cinquante-deux,55,-52
7734,allez de quarante-six à droite puis descendez de vingt-neuf,46,-29
7735,allez de quatre-vingt-trois à droite puis descendez de quatre-vingt-six,83,-86
7736,allez de trente-six à droite puis descendez de vingt-quatre,36,-24
7737,allez de quarante-six à droite puis descendez de cinquante-quatre,46,-54
7738,allez de cinquante-sept à droite puis descendez de quatre-vingt-dix-neuf,57,-99
7739,allez de quarante-huit à droite puis descendez de sept,48,-7
7740,allez de soixante-trois à droite puis descendez de quatre,63,-4
7741,allez de quatorze à droite puis descendez de soixante-trois,14,-63
7742,allez de soixante-dix à droite puis descendez de soixante-huit,70,-68
7743,allez de quarante-cinq à droite puis descendez de soixante-treize,45,-73
7744,allez de quatre-vingt-dix-neuf à droite puis descendez de soixante-seize,99,-76
7745,allez de soixante-trois à droite puis descendez de cinq,63,-5
7746,allez de cinquante à droite puis descendez de sept,50,-7
7747,allez de soixante-huit à droite puis descendez de vingt-neuf,68,-29
7748,allez de vingt-neuf à droite puis descendez de dix-huit,29,-18
7749,allez de douze à droite puis descendez de quarante et un,12,-41
7750,allez de cinquante-deux à droite puis descendez de soixante-douze,52,-72
7751,allez de soixante et un à droite puis descendez de vingt-trois,61,-23
7752,allez de trente-sept à droite puis descendez de cinquante-quatre,37,-54
7753,allez de cinquante-neuf à droite puis descendez de trente et un,59,-31
7754,allez de soixante et onze à droite puis descendez de quatorze,71,-14
7755,allez de soixante-seize à droite puis descendez de quatre-vingt-cinq,76,-85
7756,allez de quarante-cinq à droite puis descendez de cinquante-huit,45,-58
7757,allez de cinquante et un à droite puis descendez de onze,51,-11
7758,allez de quatre-vingt-quatorze à droite puis descendez de trente-six,94,-36
7759,allez de dix-huit à droite puis descendez de vingt-quatre,18,-24
7760,allez de dix-neuf à droite puis descendez de quatre-vingt-huit,19,-88
7761,allez de soixante-cinq à droite puis descendez de soixante-treize,65,-73
7762,allez de dix à droite puis descendez de sept,10,-7
7763,allez de quatre-vingt-sept à droite puis descendez de quatre,87,-4
7764,allez de soixante-dix à droite puis descendez de soixante et un,70,-61
7765,allez de six à droite puis descendez de trois,6,-3
7766,allez de cinquante-quatre à droite puis descendez de soixante-quinze,54,-75
7767,allez de douze à droite puis descendez de soixante-seize,12,-76
7768,allez de quarante à droite puis descendez de vingt-cinq,40,-25
7769,allez de quatre-vingt-deux à droite puis descendez de soixante-quinze,82,-75
7770,allez de cinquante-cinq à droite puis descendez de seize,55,-16
7771,allez de cinquante-huit à droite puis descendez de neuf,58,-9
7772,allez de soixante et un à droite puis descendez de quarante-neuf,61,-49
7773,allez de dix-sept à droite puis descendez de huit,17,-8
7774,allez de soixante-quatre à droite puis descendez de sept,64,-7
7775,allez de trente-sept à droite puis descendez de quatre-vingt-quinze,37,-95
7776,allez de soixante-douze à droite puis descendez de trente,72,-30
7777,allez de quatre-vingt-onze à droite puis descendez de quatre-vingt-six,91,-86
7778,allez de soixante-trois à droite puis descendez de quarante-cinq,63,-45
7779,allez de quatre-vingt-sept à droite puis descendez de cinq,87,-5
7780,allez de trente-neuf à droite puis descendez de soixante-six,39,-66
7781,allez de quatre-vingt-cinq à droite puis descendez de quatre-vingt-huit,85,-88
7782,allez de quatre-vingt-seize à droite puis descendez de cinquante-trois,96,-53
7783,allez de quatorze à droite puis descendez de quarante-cinq,14,-45
7784,allez de soixante-dix-sept à droite puis descendez de cinquante-deux,77,-52
7785,allez de cinquante-neuf à droite puis descendez de quarante et un,59,-41
7786,allez de trente-sept à droite puis descendez de quatre-vingt-dix-neuf,37,-99
7787,allez de soixante et onze à droite puis descendez de dix,71,-10
7788,allez de trois à droite puis descendez de un,3,-1
7789,allez de quarante-quatre à droite puis descendez de quarante-deux,44,-42
7790,allez de quatre-vingt-un à droite puis descendez de soixante-treize,81,-73
7791,allez de un à droite puis descendez de sept,1,-7
7792,allez de vingt et un à droite puis descendez de cinq,21,-5
7793,allez de soixante-sept à droite puis descendez de douze,67,-12
7794,allez de soixante-six à droite puis descendez de quatre-vingt-six,66,-86
7795,allez de quarante-huit à droite puis descendez de soixante-quatre,48,-64
7796,allez de cinquante-cinq à droite puis descendez de treize,55,-13
7797,allez de soixante-treize à droite puis descendez de soixante et onze,73,-71
7798,allez de quatre-vingt-douze à droite puis descendez de soixante-quatorze,92,-74
7799,allez de quarante-deux à droite puis descendez de quatre-vingt-quatre,42,-84
7800,allez de quarante-cinq à droite puis descendez de dix-sept,45,-17
7801,allez de vingt-quatre à droite puis descendez de quatre,24,-4
7802,allez de quatorze à droite puis descendez de trente et un,14,-31
7803,allez de quatre-vingt-quatre à droite puis descendez de cinquante-quatre,84,-54
7804,allez de cinquante-neuf à droite puis descendez de trente-quatre,59,-34
7805,allez de trente-neuf à droite puis descendez de trente-sept,39,-37
7806,allez de soixante-dix à droite puis descendez de vingt,70,-20
7807,allez de soixante-quatorze à droite puis descendez de cinquante-six,74,-56
7808,allez de vingt-cinq à droite puis descendez de vingt-six,25,-26
7809,allez de quatre-vingt-deux à droite puis descendez de cinquante-neuf,82,-59
7810,allez de trois à droite puis descendez de treize,3,-13
7811,allez de vingt et un à droite puis descendez de vingt-six,21,-26
7812,allez de onze à droite puis descendez de onze,11,-11
7813,allez de soixante-dix-sept à droite puis descendez de quarante-cinq,77,-45
7814,allez de vingt-neuf à droite puis descendez de soixante-dix-neuf,29,-79
7815,allez de cinquante-neuf à droite puis descendez de treize,59,-13
7816,allez de quatre-vingt-dix à droite puis descendez de soixante-treize,90,-73
7817,allez de vingt-quatre à droite puis descendez de quatre-vingt-quatre,24,-84
7818,allez de quatre-vingts à droite puis descendez de soixante-dix-sept,80,-77
7819,allez de soixante-treize à droite puis descendez de six,73,-6
7820,allez de trente-deux à droite puis descendez de sept,32,-7
7821,allez de cinquante et un à droite puis descendez de quatre-vingt-treize,51,-93
7822,allez de trois à droite puis descendez de neuf,3,-9
7823,allez de soixante et un à droite puis descendez de soixante-treize,61,-73
7824,allez de neuf à droite puis descendez de soixante-dix,9,-70
7825,allez de quarante-six à droite puis descendez de quatre-vingts,46,-80
7826,allez de quarante-six à droite puis descendez de quatre-vingt-six,46,-86
7827,allez de soixante-douze à droite puis descendez de seize,72,-16
7828,allez de quatre à droite puis descendez de vingt-trois,4,-23
7829,allez de trente-quatre à droite puis descendez de dix-sept,34,-17
7830,allez de vingt-quatre à droite puis descendez de seize,24,-16
7831,allez de soixante-trois à droite puis descendez de onze,63,-11
7832,allez de trente et un à droite puis descendez de vingt,31,-20
7833,allez de cinquante à droite puis descendez de quarante-trois,50,-43
7834,allez de deux à droite puis descendez de cinquante-trois,2,-53
7835,allez de soixante-huit à droite puis descendez de cent,68,-100
7836,allez de cinquante à droite puis descendez de soixante-dix-huit,50,-78
7837,allez de quatre-vingt-quatorze à droite puis descendez de soixante-dix-huit,94,-78
7838,allez de trente-neuf à droite puis descendez de six,39,-6
7839,allez de trois à droite puis descendez de cinquante-neuf,3,-59
7840,allez de quatre-vingt-seize à droite puis descendez de quinze,96,-15
7841,allez de quarante-six à droite puis descendez de quatre-vingt-neuf,46,-89
7842,allez de trente à droite puis descendez de trois,30,-3
7843,allez de cent à droite puis descendez de cinq,100,-5
7844,allez de soixante-quatre à droite puis descendez de soixante-six,64,-66
7845,allez de quarante-sept à droite puis descendez de quarante-deux,47,-42
7846,allez de quatre-vingt-huit à droite puis descendez de quarante-huit,88,-48
7847,allez de trente-neuf à droite puis descendez de vingt-quatre,39,-24
7848,allez de seize à droite puis descendez de soixante-seize,16,-76
7849,allez de cinquante-huit à droite puis descendez de soixante-deux,58,-62
7850,allez de quatre-vingt-dix-neuf à droite puis descendez de trente-quatre,99,-34
7851,allez de cinquante-sept à droite puis descendez de quatre,57,-4
7852,allez de quatre-vingt-treize à droite puis descendez de quatre-vingt-neuf,93,-89
7853,allez de trente-cinq à droite puis descendez de soixante-six,35,-66
7854,allez de soixante-dix-sept à droite puis descendez de soixante-deux,77,-62
7855,allez de quarante-cinq à droite puis descendez de trente-huit,45,-38
7856,allez de vingt-trois à droite puis descendez de soixante-neuf,23,-69
7857,allez de deux à droite puis descendez de soixante-cinq,2,-65
7858,allez de trois à droite puis descendez de trente et un,3,-31
7859,allez de soixante-trois à droite puis descendez de quinze,63,-15
7860,allez de soixante-dix à droite puis descendez de cinquante-quatre,70,-54
7861,allez de soixante et un à droite puis descendez de trente-deux,61,-32
7862,allez de quinze à droite puis descendez de quatre-vingt-quinze,15,-95
7863,allez de vingt-sept à droite puis descendez de soixante,27,-60
7864,allez de quatre-vingt-seize à droite puis descendez de vingt,96,-20
7865,allez de quatre-vingt-cinq à droite puis descendez de vingt-six,85,-26
7866,allez de quarante-deux à droite puis descendez de huit,42,-8
7867,allez de quatre-vingt-un à droite puis descendez de quarante-cinq,81,-45
7868,allez de trente et un à droite puis descendez de quarante-neuf,31,-49
7869,allez de soixante et un à droite puis descendez de cinquante,61,-50
7870,allez de quatre-vingt-dix-huit à droite puis descendez de vingt-cinq,98,-25
7871,allez de sept à droite puis descendez de quarante-neuf,7,-49
7872,allez de soixante-quinze à droite puis descendez de quatre-vingt-huit,75,-88
7873,allez de quarante-six à droite puis descendez de trente et un,46,-31
7874,allez de huit à droite puis descendez de vingt,8,-20
7875,allez de quatre-vingt-cinq à droite puis descendez de seize,85,-16
7876,allez de cinquante-trois à droite puis descendez de vingt-neuf,53,-29
7877,allez de soixante et onze à droite puis descendez de cinquante et un,71,-51
7878,allez de quatre-vingt-sept à droite puis descendez de cinquante-sept,87,-57
7879,allez de soixante-dix-neuf à droite puis descendez de cinquante-cinq,79,-55
7880,allez de dix-neuf à droite puis descendez de quarante-trois,19,-43
7881,allez de vingt-huit à droite puis descendez de vingt-huit,28,-28
7882,allez de quatre-vingt-onze à droite puis descendez de quarante-sept,91,-47
7883,allez de dix à droite puis descendez de treize,10,-13
7884,allez de trente-trois à droite puis descendez de soixante-deux,33,-62
7885,allez de soixante-sept à droite puis descendez de dix-huit,67,-18
7886,allez de quatre-vingt-dix-neuf à droite puis descendez de quarante-six,99,-46
7887,allez de soixante et un à droite puis descendez de quatre,61,-4
7888,allez de soixante-cinq à droite puis descendez de trente-quatre,65,-34
7889,allez de soixante-dix-neuf à droite puis descendez de un,79,-1
7890,allez de quatre-vingt-neuf à droite puis descendez de soixante-treize,89,-73
7891,allez de cinquante et un à droite puis descendez de vingt-sept,51,-27
7892,allez de quatre-vingts à droite puis descendez de quatre-vingt-dix-neuf,80,-99
7893,allez de quatorze à droite puis descendez de un,14,-1
7894,allez de soixante à droite puis descendez de trente-sept,60,-37
7895,allez de vingt-huit à droite puis descendez de trente,28,-30
7896,allez de trente-neuf à droite puis descendez de dix,39,-10
7897,allez de cinquante-six à droite puis descendez de cinquante-cinq,56,-55
7898,allez de vingt-sept à droite puis descendez de quarante-sept,27,-47
7899,allez de quatre-vingt-sept à droite puis descendez de dix,87,-10
7900,allez de quatre-vingt-huit à droite puis descendez de soixante-douze,88,-72
7901,allez de soixante-cinq à droite puis descendez de quatre-vingt-six,65,-86
7902,allez de trois à droite puis descendez de quarante-sept,3,-47
7903,allez de vingt-six à droite puis descendez de trente-sept,26,-37
7904,allez de quatre-vingt-onze à droite puis descendez de quatre-vingt-onze,91,-91
7905,allez de quatre-vingt-trois à droite puis descendez de quatre-vingt-seize,83,-96
7906,allez de cinquante-neuf à droite puis descendez de quatre-vingt-trois,59,-83
7907,allez de dix-neuf à droite puis descendez de soixante et un,19,-61
7908,allez de cinquante-deux à droite puis descendez de cinquante-trois,52,-53
7909,allez de quarante et un à droite puis descendez de trente-quatre,41,-34
7910,allez de soixante-dix à droite puis descendez de onze,70,-11
7911,allez de cinquante-cinq à droite puis descendez de un,55,-1
7912,allez de quatre-vingt-dix-neuf à droite puis descendez de quatre-vingt-quinze,99,-95
7913,allez de vingt-six à droite puis descendez de quatre,26,-4
7914,allez de quatre à droite puis descendez de trente,4,-30
7915,allez de cinquante-deux à droite puis descendez de dix-huit,52,-18
7916,allez de neuf à droite puis descendez de soixante-cinq,9,-65
7917,allez de douze à droite puis descendez de vingt,12,-20
7918,allez de cent à droite puis descendez de quarante-neuf,100,-49
7919,allez de trente-trois à droite puis descendez de vingt-cinq,33,-25
7920,allez de soixante et un à droite puis descendez de trente-sept,61,-37
7921,allez de cinquante-deux à droite puis descendez de quatre-vingt-deux,52,-82
7922,allez de trente et un à droite puis descendez de quatre-vingt-quatorze,31,-94
7923,allez de quatre-vingt-quinze à droite puis descendez de quatre-vingt-quatre,95,-84
7924,allez de treize à droite puis descendez de quarante et un,13,-41
7925,allez de trente-deux à droite puis descendez de soixante-sept,32,-67
7926,allez de quatre-vingt-un à droite puis descendez de quatre-vingt-treize,81,-93
7927,allez de trente-neuf à droite puis descendez de vingt-six,39,-26
7928,allez de quatre-vingts à droite puis descendez de quarante-quatre,80,-44
7929,allez de quarante-deux à droite puis descendez de vingt-neuf,42,-29
7930,allez de quarante à droite puis descendez de quarante-huit,40,-48
7931,allez de quatre-vingt-un à droite puis descendez de huit,81,-8
7932,allez de cinquante-six à droite puis descendez de quatre-vingt-un,56,-81
7933,allez de cinquante-neuf à droite puis descendez de cent,59,-100
7934,allez de quatre à droite puis descendez de huit,4,-8
7935,allez de trente-trois à droite puis descendez de soixante et un,33,-61
7936,allez de quatre-vingt-trois à droite puis descendez de trente-quatre,83,-34
7937,allez de quarante-trois à droite puis descendez de soixante et onze,43,-71
7938,allez de quatre-vingt-quatorze à droite puis descendez de quatre-vingt-seize,94,-96
7939,allez de quarante-quatre à droite puis descendez de quatre-vingt-dix-sept,44,-97
7940,allez de quatre-vingt-neuf à droite puis descendez de vingt,89,-20
7941,allez de quatre à droite puis descendez de soixante-huit,4,-68
7942,allez de cinquante-neuf à droite puis descendez de quatre-vingt-neuf,59,-89
7943,allez de cinquante-cinq à droite puis descendez de soixante-huit,55,-68
7944,allez de quarante-trois à droite puis descendez de neuf,43,-9
7945,allez de soixante-dix à droite puis descendez de trente-deux,70,-32
7946,allez de quatre-vingt-dix-huit à droite puis descendez de quarante,98,-40
7947,allez de dix-sept à droite puis descendez de quatre-vingt-dix,17,-90
7948,allez de trois à droite puis descendez de vingt-cinq,3,-25
7949,allez de vingt à droite puis descendez de soixante et un,20,-61
7950,allez de soixante-dix-neuf à droite puis descendez de cinquante-huit,79,-58
7951,allez de treize à droite puis descendez de cent,13,-100
7952,allez de quarante et un à droite puis descendez de soixante-treize,41,-73
7953,allez de soixante-six à droite puis descendez de trente et un,66,-31
7954,allez de soixante-cinq à droite puis descendez de quatre-vingt-trois,65,-83
7955,allez de cent à droite puis descendez de quatre-vingt-quatre,100,-84
7956,allez de soixante-douze à droite puis descendez de un,72,-1
7957,allez de trente à droite puis descendez de quatre-vingt-quatorze,30,-94
7958,allez de vingt-sept à droite puis descendez de vingt et un,27,-21
7959,allez de quatre-vingts à droite puis descendez de quarante-deux,80,-42
7960,allez de dix-huit à droite puis descendez de trente-neuf,18,-39
7961,allez de quatre-vingt-trois à droite puis descendez de soixante,83,-60
7962,allez de soixante à droite puis descendez de soixante-sept,60,-67
7963,allez de quatre-vingt-dix-sept à droite puis descendez de trente-quatre,97,-34
7964,allez de treize à droite puis descendez de vingt-trois,13,-23
7965,allez de quatre-vingt-sept à droite puis descendez de quatre,87,-4
7966,allez de vingt à droite puis descendez de trente-huit,20,-38
7967,allez de vingt-cinq à droite puis descendez de deux,25,-2
7968,allez de quatre à droite puis descendez de quatre-vingt-dix-huit,4,-98
7969,allez de deux à droite puis descendez de vingt-sept,2,-27
7970,allez de quarante-neuf à droite puis descendez de soixante-seize,49,-76
7971,allez de soixante-quinze à droite puis descendez de soixante-dix,75,-70
7972,allez de quarante-huit à droite puis descendez de trente-cinq,48,-35
7973,allez de quarante-huit à droite puis descendez de cinquante-cinq,48,-55
7974,allez de cinquante à droite puis descendez de trente-six,50,-36
7975,allez de soixante-dix à droite puis descendez de quatre-vingt-quinze,70,-95
7976,allez de soixante-huit à droite puis descendez de quatre-vingt-deux,68,-82
7977,allez de quinze à droite puis descendez de quinze,15,-15
7978,allez de cinq à droite puis descendez de quarante-cinq,5,-45
7979,allez de cinquante-six à droite puis descendez de soixante-dix,56,-70
7980,allez de cinq à droite puis descendez de quatre-vingt-onze,5,-91
7981,allez de quarante et un à droite puis descendez de quatre-vingt-douze,41,-92
7982,allez de quarante et un à droite puis descendez de quatre-vingt-dix,41,-90
7983,allez de cinq à droite puis descendez de trente-neuf,5,-39
7984,allez de dix-huit à droite puis descendez de soixante-sept,18,-67
7985,allez de onze à droite puis descendez de vingt-trois,11,-23
7986,allez de soixante-huit à droite puis descendez de trente-six,68,-36
7987,allez de quatre-vingts à droite puis descendez de trente-sept,80,-37
7988,allez de soixante-seize à droite puis descendez de dix,76,-10
7989,allez de cinquante-cinq à droite puis descendez de cinquante-huit,55,-58
7990,allez de trente-neuf à droite puis descendez de cinquante-neuf,39,-59
7991,allez de cinquante-quatre à droite puis descendez de cent,54,-100
7992,allez de soixante-treize à droite puis descendez de quatre-vingt-dix-huit,73,-98
7993,allez de quatre-vingt-dix-huit à droite puis descendez de vingt-trois,98,-23
7994,allez de dix-huit à droite puis descendez de quarante-six,18,-46
7995,allez de quatre-vingt-douze à droite puis descendez de six,92,-6
7996,allez de quatre-vingt-dix-huit à droite puis descendez de trente-sept,98,-37
7997,allez de cinq à droite puis descendez de vingt-trois,5,-23
7998,allez de sept à droite puis descendez de quatre-vingt-dix-sept,7,-97
7999,allez de cinq à droite puis descendez de dix,5,-10
8000,allez de cent à gauche et puis montez de quatre-vingt-quatre,-100,84
8001,allez de soixante-cinq à gauche et puis montez de six,-65,6
8002,allez de vingt-trois à gauche et puis montez de cinq,-23,5
8003,allez de seize à gauche et puis montez de trente,-16,30
8004,allez de quarante-huit à gauche et puis montez de quatre,-48,4
8005,allez de soixante-seize à gauche et puis montez de soixante-sept,-76,67
8006,allez de quatre à gauche et puis montez de vingt et un,-4,21
8007,allez de trente et un à gauche et puis montez de soixante-dix-neuf,-31,79
8008,allez de soixante-cinq à gauche et puis montez de quatre-vingt-dix-sept,-65,97
8009,allez de quarante-huit à gauche et puis montez de treize,-48,13
8010,allez de trente-trois à gauche et puis montez de quarante-cinq,-33,45
8011,allez de soixante-quatorze à gauche et puis montez de soixante-sept,-74,67
8012,allez de cinquante-cinq à gauche et puis montez de quarante-deux,-55,42
8013,allez de onze à gauche et puis montez de quatre-vingt-sept,-11,87
8014,allez de cinquante-huit à gauche et puis montez de quatre-vingt-treize,-58,93
8015,allez de cinquante-sept à gauche et puis montez de cinquante-quatre,-57,54
8016,allez de quatre-vingt-cinq à gauche et puis montez de quarante-cinq,-85,45
8017,allez de quatre-vingt-quinze à gauche et puis montez de quarante-trois,-95,43
8018,allez de trente-trois à gauche et puis montez de soixante-douze,-33,72
8019,allez de soixante-treize à gauche et puis montez de soixante-quinze,-73,75
8020,allez de vingt-neuf à gauche et puis montez de quarante-sept,-29,47
8021,allez de quatre-vingt-quatre à gauche et puis montez de cinquante-cinq,-84,55
8022,allez de six à gauche et puis montez de neuf,-6,9
8023,allez de trois à gauche et puis montez de cent,-3,100
8024,allez de un à gauche et puis montez de trente-trois,-1,33
8025,allez de vingt-six à gauche et puis montez de quatorze,-26,14
8026,allez de soixante-cinq à gauche et puis montez de soixante et onze,-65,71
8027,allez de soixante-douze à gauche et puis montez de dix-neuf,-72,19
8028,allez de vingt-sept à gauche et puis montez de quarante-trois,-27,43
8029,allez de quarante-huit à gauche et puis montez de vingt,-48,20
8030,allez de quarante et un à gauche et puis montez de quarante,-41,40
8031,allez de treize à gauche et puis montez de trente-trois,-13,33
8032,allez de soixante-trois à gauche et puis montez de vingt et un,-63,21
8033,allez de trois à gauche et puis montez de soixante-seize,-3,76
8034,allez de dix-sept à gauche et puis montez de vingt et un,-17,21
8035,allez de vingt-cinq à gauche et puis montez de vingt-cinq,-25,25
8036,allez de trente-cinq à gauche et puis montez de soixante-douze,-35,72
8037,allez de cinquante-neuf à gauche et puis montez de soixante-huit,-59,68
8038,allez de quatre-vingt-douze à gauche et puis montez de trente-deux,-92,32
8039,allez de soixante-seize à gauche et puis montez de trente-deux,-76,32
8040,allez de vingt-trois à gauche et puis montez de vingt-sept,-23,27
8041,allez de huit à gauche et puis montez de soixante-huit,-8,68
8042,allez de cinquante-deux à gauche et puis montez de soixante-quinze,-52,75
8043,allez de cent à gauche et puis montez de quatre-vingt-un,-100,81
8044,allez de quatre-vingt-seize à gauche et puis montez de cinquante-neuf,-96,59
8045,allez de vingt-sept à gauche et puis montez de cinquante,-27,50
8046,allez de quarante-deux à gauche et puis montez de douze,-42,12
8047,allez de vingt à gauche et puis montez de quarante-deux,-20,42
8048,allez de cinquante-six à gauche et puis montez de soixante-quatre,-56,64
8049,allez de vingt-six à gauche et puis montez de soixante-quinze,-26,75
8050,allez de quatre à gauche et puis montez de soixante-dix-neuf,-4,79
8051,allez de quarante-neuf à gauche et puis montez de quatre-vingt-quinze,-49,95
8052,allez de un à gauche et puis montez de trois,-1,3
8053,allez de quarante-trois à gauche et puis montez de trente-quatre,-43,34
8054,allez de quatre-vingt-sept à gauche et puis montez de quatre-vingt-dix-huit,-87,98
8055,allez de vingt-deux à gauche et puis montez de soixante-cinq,-22,65
8056,allez de quatre-vingt-dix-sept à gauche et puis montez de quinze,-97,15
8057,allez de soixante à gauche et puis montez de quatre-vingt-dix-neuf,-60,99
8058,allez de soixante-huit à gauche et puis montez de huit,-68,8
8059,allez de onze à gauche et puis montez de soixante-sept,-11,67
8060,allez de cinquante et un à gauche et puis montez de soixante-sept,-51,67
8061,allez de trois à gauche et puis montez de quatre-vingt-quinze,-3,95
8062,allez de cinquante-six à gauche et puis montez de quatre-vingt-sept,-56,87
8063,allez de trente à gauche et puis montez de quarante-neuf,-30,49
8064,allez de quarante-huit à gauche et puis montez de soixante-trois,-48,63
8065,allez de dix-huit à gauche et puis montez de trente-deux,-18,32
8066,allez de vingt-deux à gauche et puis montez de cinquante-quatre,-22,54
8067,allez de quinze à gauche et puis montez de soixante et onze,-15,71
8068,allez de vingt-trois à gauche et puis montez de soixante-quatre,-23,64
8069,allez de cinquante-quatre à gauche et puis montez de quarante et un,-54,41
8070,allez de huit à gauche et puis montez de quatre-vingt-onze,-8,91
8071,allez de neuf à gauche et puis montez de quatre-vingt-quatorze,-9,94
8072,allez de quatre-vingt-cinq à gauche et puis montez de quatre-vingt-quatorze,-85,94
8073,allez de quatre à gauche et puis montez de soixante-dix-sept,-4,77
8074,allez de soixante-dix-neuf à gauche et puis montez de quarante-six,-79,46
8075,allez de trente à gauche et puis montez de vingt et un,-30,21
8076,allez de soixante-douze à gauche et puis montez de cinquante-quatre,-72,54
8077,allez de soixante et onze à gauche et puis montez de quarante-trois,-71,43
8078,allez de quatre-vingt-sept à gauche et puis montez de trente-huit,-87,38
8079,allez de huit à gauche et puis montez de seize,-8,16
8080,allez de quarante-six à gauche et puis montez de neuf,-46,9
8081,allez de trois à gauche et puis montez de cent,-3,100
8082,allez de cinquante-neuf à gauche et puis montez de trente-sept,-59,37
8083,allez de quatre-vingt-quatorze à gauche et puis montez de vingt-sept,-94,27
8084,allez de quarante-quatre à gauche et puis montez de quarante-quatre,-44,44
8085,allez de vingt-quatre à gauche et puis montez de trente-six,-24,36
8086,allez de quatre à gauche et puis montez de quatorze,-4,14
8087,allez de cinquante-trois à gauche et puis montez de dix-neuf,-53,19
8088,allez de trente-cinq à gauche et puis montez de soixante-huit,-35,68
8089,allez de quatre-vingt-huit à gauche et puis montez de trente-huit,-88,38
8090,allez de vingt-trois à gauche et puis montez de quarante-deux,-23,42
8091,allez de quatorze à gauche et puis montez de trente et un,-14,31
8092,allez de quatre-vingt-dix-sept à gauche et puis montez de vingt,-97,20
8093,allez de cinquante-trois à gauche et puis montez de soixante-dix-huit,-53,78
8094,allez de quatre-vingt-treize à gauche et puis montez de soixante-dix-huit,-93,78
8095,allez de trente-trois à gauche et puis montez de vingt-six,-33,26
8096,allez de quatre-vingt-trois à gauche et puis montez de cinquante-quatre,-83,54
8097,allez de neuf à gauche et puis montez de vingt-neuf,-9,29
8098,allez de quatre-vingt-six à gauche et puis montez de sept,-86,7
8099,allez de soixante-treize à gauche et puis montez de quatre-vingt-douze,-73,92
8100,allez de trente-huit à gauche et puis montez de quarante-quatre,-38,44
8101,allez de soixante-six à gauche et puis montez de neuf,-66,9
8102,allez de quatre-vingt-quinze à gauche et puis montez de trente-neuf,-95,39
8103,allez de quarante-trois à gauche et puis montez de dix-neuf,-43,19
8104,allez de dix-huit à gauche et puis montez de dix-huit,-18,18
8105,allez de vingt-neuf à gauche et puis montez de quatre-vingt-seize,-29,96
8106,allez de soixante-seize à gauche et puis montez de quatre-vingt-onze,-76,91
8107,allez de cent à gauche et puis montez de soixante-treize,-100,73
8108,allez de soixante-quinze à gauche et puis montez de vingt-six,-75,26
8109,allez de soixante-quinze à gauche et puis montez de cinquante,-75,50
8110,allez de quatre-vingt-neuf à gauche et puis montez de quatre-vingt-sept,-89,87
8111,allez de trente à gauche et puis montez de vingt,-30,20
8112,allez de seize à gauche et puis montez de quatre-vingt-sept,-16,87
8113,allez de quarante-trois à gauche et puis montez de soixante-trois,-43,63
8114,allez de soixante-quatre à gauche et puis montez de vingt-neuf,-64,29
8115,allez de douze à gauche et puis montez de cinquante-trois,-12,53
8116,allez de quatre-vingt-dix à gauche et puis montez de trente-neuf,-90,39
8117,allez de soixante-huit à gauche et puis montez de trente-huit,-68,38
8118,allez de soixante-neuf à gauche et puis montez de trois,-69,3
8119,allez de cinquante-trois à gauche et puis montez de vingt-cinq,-53,25
8120,allez de soixante à gauche et puis montez de cinquante-cinq,-60,55
8121,allez de quatre-vingt-douze à gauche et puis montez de cinquante et un,-92,51
8122,allez de soixante-quinze à gauche et puis montez de cinquante et un,-75,51
8123,allez de vingt-neuf à gauche et puis montez de sept,-29,7
8124,allez de quatre-vingt-quatorze à gauche et puis montez de quatre-vingt-sept,-94,87
8125,allez de vingt-six à gauche et puis montez de quarante-quatre,-26,44
8126,allez de vingt-sept à gauche et puis montez de cinquante-deux,-27,52
8127,allez de quarante-six à gauche et puis montez de huit,-46,8
8128,allez de vingt-sept à gauche et puis montez de quatre-vingt-un,-27,81
8129,allez de quatre-vingt-seize à gauche et puis montez de soixante-neuf,-96,69
8130,allez de trente-huit à gauche et puis montez de vingt,-38,20
8131,allez de cinquante à gauche et puis montez de cinquante-six,-50,56
8132,allez de trente-six à gauche et puis montez de cinquante-deux,-36,52
8133,allez de vingt-six à gauche et puis montez de soixante-huit,-26,68
8134,allez de neuf à gauche et puis montez de cinq,-9,5
8135,allez de soixante-douze à gauche et puis montez de soixante et un,-72,61
8136,allez de cinquante-huit à gauche et puis montez de trente,-58,30
8137,allez de soixante-huit à gauche et puis montez de vingt-sept,-68,27
8138,allez de soixante-quatre à gauche et puis montez de soixante-dix-huit,-64,78
8139,allez de trente-quatre à gauche et puis montez de trois,-34,3
8140,allez de dix à gauche et puis montez de cinquante-quatre,-10,54
8141,allez de quarante et un à gauche et puis montez de vingt-six,-41,26
8142,allez de seize à gauche et puis montez de quatre-vingt-dix-sept,-16,97
8143,allez de quinze à gauche et puis montez de vingt et un,-15,21
8144,allez de quarante-quatre à gauche et puis montez de soixante-neuf,-44,69
8145,allez de vingt-cinq à gauche et puis montez de quarante-quatre,-25,44
8146,allez de quatre-vingt-dix-huit à gauche et puis montez de soixante et un,-98,61
8147,allez de quarante-deux à gauche et puis montez de dix,-42,10
8148,allez de onze à gauche et puis montez de trente-deux,-11,32
8149,allez de dix-neuf à gauche et puis montez de quatorze,-19,14
8150,allez de quatre à gauche et puis montez de soixante-deux,-4,62
8151,allez de quatre-vingt-treize à gauche et puis montez de quatre,-93,4
8152,allez de quatre-vingt-cinq à gauche et puis montez de vingt-neuf,-85,29
8153,allez de vingt-trois à gauche et puis montez de vingt-cinq,-23,25
8154,allez de soixante-sept à gauche et puis montez de quatre-vingt-quatre,-67,84
8155,allez de quatre-vingt-six à gauche et puis montez de onze,-86,11
8156,allez de quatre-vingt-dix-sept à gauche et puis montez de soixante-dix-neuf,-97,79
8157,allez de onze à gauche et puis montez de trois,-11,3
8158,allez de cinquante-neuf à gauche et puis montez de quatre-vingt-onze,-59,91
8159,allez de soixante-huit à gauche et puis montez de cinquante-sept,-68,57
8160,allez de soixante-huit à gauche et puis montez de soixante-dix-sept,-68,77
8161,allez de quatre-vingt-dix-neuf à gauche et puis montez de sept,-99,7
8162,allez de cinquante-quatre à gauche et puis montez de soixante-quinze,-54,75
8163,allez de quarante-trois à gauche et puis montez de soixante-cinq,-43,65
8164,allez de un à gauche et puis montez de quarante-neuf,-1,49
8165,allez de seize à gauche et puis montez de cinquante-six,-16,56
8166,allez de vingt-cinq à gauche et puis montez de quatre-vingt-six,-25,86
8167,allez de soixante-neuf à gauche et puis montez de dix,-69,10
8168,allez de quarante-cinq à gauche et puis montez de soixante-trois,-45,63
8169,allez de quatre-vingt-un à gauche et puis montez de quatre-vingt-six,-81,86
8170,allez de cinquante-trois à gauche et puis montez de cinquante-deux,-53,52
8171,allez de quatre-vingt-six à gauche et puis montez de soixante-dix-neuf,-86,79
8172,allez de trente et un à gauche et puis montez de quatre-vingt-quatorze,-31,94
8173,allez de quatre-vingt-douze à gauche et puis montez de quarante et un,-92,41
8174,allez de quatre-vingts à gauche et puis montez de quatre-vingt-dix-neuf,-80,99
8175,allez de quatre-vingt-huit à gauche et puis montez de quatre-vingt-quinze,-88,95
8176,allez de quatre-vingt-dix à gauche et puis montez de vingt-neuf,-90,29
8177,allez de soixante-quatorze à gauche et puis montez de vingt-quatre,-74,24
8178,allez de cinquante et un à gauche et puis montez de soixante-trois,-51,63
8179,allez de quarante à gauche et puis montez de soixante-douze,-40,72
8180,allez de un à gauche et puis montez de quatre-vingt-treize,-1,93
8181,allez de trente-huit à gauche et puis montez de soixante-douze,-38,72
8182,allez de trente-sept à gauche et puis montez de soixante-treize,-37,73
8183,allez de quatre-vingt-dix-sept à gauche et puis montez de seize,-97,16
8184,allez de soixante-quatorze à gauche et puis montez de trente-trois,-74,33
8185,allez de soixante-douze à gauche et puis montez de dix-sept,-72,17
8186,allez de quatre-vingt-huit à gauche et puis montez de quarante,-88,40
8187,allez de quatre-vingt-onze à gauche et puis montez de quatre-vingt-onze,-91,91
8188,allez de quarante-trois à gauche et puis montez de soixante-dix-neuf,-43,79
8189,allez de douze à gauche et puis montez de cent,-12,100
8190,allez de dix-huit à gauche et puis montez de quarante et un,-18,41
8191,allez de soixante et un à gauche et puis montez de vingt et un,-61,21
8192,allez de vingt-deux à gauche et puis montez de deux,-22,2
8193,allez de quarante-six à gauche et puis montez de cinquante-cinq,-46,55
8194,allez de cinquante-six à gauche et puis montez de vingt-cinq,-56,25
8195,allez de quatre-vingt-quinze à gauche et puis montez de soixante et onze,-95,71
8196,allez de quatre-vingt-dix-sept à gauche et puis montez de trois,-97,3
8197,allez de quatre à gauche et puis montez de vingt-cinq,-4,25
8198,allez de quatre-vingt-sept à gauche et puis montez de quatre-vingt-dix-sept,-87,97
8199,allez de vingt-deux à gauche et puis montez de soixante-dix-huit,-22,78
8200,allez de trente-cinq à gauche et puis montez de soixante-dix-huit,-35,78
8201,allez de soixante-dix-huit à gauche et puis montez de vingt-cinq,-78,25
8202,allez de cinq à gauche et puis montez de soixante-sept,-5,67
8203,allez de quarante-deux à gauche et puis montez de trente,-42,30
8204,allez de sept à gauche et puis montez de treize,-7,13
8205,allez de quinze à gauche et puis montez de cinquante et un,-15,51
8206,allez de vingt à gauche et puis montez de vingt-six,-20,26
8207,allez de sept à gauche et puis montez de vingt-huit,-7,28
8208,allez de quatre-vingt-dix à gauche et puis montez de quatre-vingt-cinq,-90,85
8209,allez de dix-neuf à gauche et puis montez de vingt-neuf,-19,29
8210,allez de dix-huit à gauche et puis montez de trente-sept,-18,37
8211,allez de neuf à gauche et puis montez de quatre-vingt-quatre,-9,84
8212,allez de quatre-vingt-onze à gauche et puis montez de quatre,-91,4
8213,allez de vingt-trois à gauche et puis montez de quatre-vingt-dix-huit,-23,98
8214,allez de quatre-vingts à gauche et puis montez de quatre-vingt-sept,-80,87
8215,allez de vingt-quatre à gauche et puis montez de quarante-deux,-24,42
8216,allez de trente-six à gauche et puis montez de un,-36,1
8217,allez de quatre-vingt-quinze à gauche et puis montez de quarante et un,-95,41
8218,allez de quatre-vingt-dix-huit à gauche et puis montez de un,-98,1
8219,allez de vingt-six à gauche et puis montez de quatre-vingt-trois,-26,83
8220,allez de quarante-trois à gauche et puis montez de cinquante-deux,-43,52
8221,allez de quatre-vingts à gauche et puis montez de soixante-quatorze,-80,74
8222,allez de quarante-cinq à gauche et puis montez de quatre-vingt-quatre,-45,84
8223,allez de soixante-sept à gauche et puis montez de vingt-sept,-67,27
8224,allez de quatorze à gauche et puis montez de quatre-vingt-douze,-14,92
8225,allez de quatorze à gauche et puis montez de un,-14,1
8226,allez de cent à gauche et puis montez de soixante-huit,-100,68
8227,allez de quarante-neuf à gauche et puis montez de soixante et onze,-49,71
8228,allez de soixante-douze à gauche et puis montez de vingt-deux,-72,22
8229,allez de six à gauche et puis montez de cinquante-neuf,-6,59
8230,allez de trente-huit à gauche et puis montez de vingt-quatre,-38,24
8231,allez de quarante-cinq à gauche et puis montez de vingt-cinq,-45,25
8232,allez de onze à gauche et puis montez de seize,-11,16
8233,allez de quarante-trois à gauche et puis montez de quarante-sept,-43,47
8234,allez de cinquante-huit à gauche et puis montez de quarante-six,-58,46
8235,allez de vingt-neuf à gauche et puis montez de cinquante-cinq,-29,55
8236,allez de soixante-dix à gauche et puis montez de soixante-huit,-70,68
8237,allez de quatre-vingt-quinze à gauche et puis montez de quatre-vingt-quatre,-95,84
8238,allez de trente-trois à gauche et puis montez de soixante-cinq,-33,65
8239,allez de quatre-vingt-dix-huit à gauche et puis montez de soixante-trois,-98,63
8240,allez de vingt à gauche et puis montez de trente-trois,-20,33
8241,allez de trois à gauche et puis montez de quatre-vingt-six,-3,86
8242,allez de quarante-neuf à gauche et puis montez de cinquante,-49,50
8243,allez de cinquante-six à gauche et puis montez de soixante-huit,-56,68
8244,allez de quatre-vingt-quinze à gauche et puis montez de soixante-seize,-95,76
8245,allez de sept à gauche et puis montez de dix,-7,10
8246,allez de vingt-quatre à gauche et puis montez de vingt-deux,-24,22
8247,allez de quarante-quatre à gauche et puis montez de sept,-44,7
8248,allez de quatre à gauche et puis montez de quarante-cinq,-4,45
8249,allez de quatre-vingt-neuf à gauche et puis montez de vingt,-89,20
8250,allez de quatre-vingt-six à gauche et puis montez de trente-huit,-86,38
8251,allez de trente-six à gauche et puis montez de quarante-quatre,-36,44
8252,allez de quatre-vingt-neuf à gauche et puis montez de trente-sept,-89,37
8253,allez de quatre-vingts à gauche et puis montez de soixante-neuf,-80,69
8254,allez de vingt-neuf à gauche et puis montez de quatre-vingt-quatorze,-29,94
8255,allez de soixante-dix-neuf à gauche et puis montez de soixante-quinze,-79,75
8256,allez de dix-sept à gauche et puis montez de huit,-17,8
8257,allez de quatre-vingt-un à gauche et puis montez de trente-sept,-81,37
8258,allez de trente et un à gauche et puis montez de cinq,-31,5
8259,allez de quatre-vingt-trois à gauche et puis montez de dix-huit,-83,18
8260,allez de soixante-douze à gauche et puis montez de onze,-72,11
8261,allez de soixante à gauche et puis montez de soixante-seize,-60,76
8262,allez de quarante-six à gauche et puis montez de sept,-46,7
8263,allez de quarante-huit à gauche et puis montez de trente-six,-48,36
8264,allez de quatre-vingt-trois à gauche et puis montez de soixante-huit,-83,68
8265,allez de quatre-vingt-dix-huit à gauche et puis montez de quarante-sept,-98,47
8266,allez de quarante-cinq à gauche et puis montez de soixante-dix-huit,-45,78
8267,allez de cinquante-deux à gauche et puis montez de quatre-vingt-trois,-52,83
8268,allez de huit à gauche et puis montez de quatre-vingts,-8,80
8269,allez de neuf à gauche et puis montez de quatre-vingt-seize,-9,96
8270,allez de soixante-dix à gauche et puis montez de quatre-vingt-deux,-70,82
8271,allez de soixante-cinq à gauche et puis montez de cent,-65,100
8272,allez de trente-cinq à gauche et puis montez de soixante-quatre,-35,64
8273,allez de dix-sept à gauche et puis montez de quatre-vingt-seize,-17,96
8274,allez de soixante-quinze à gauche et puis montez de quarante-neuf,-75,49
8275,allez de soixante-seize à gauche et puis montez de soixante-huit,-76,68
8276,allez de soixante-quatorze à gauche et puis montez de cinquante-deux,-74,52
8277,allez de vingt et un à gauche et puis montez de quatre-vingt-quinze,-21,95
8278,allez de quarante-six à gauche et puis montez de quarante,-46,40
8279,allez de quarante et un à gauche et puis montez de quatre-vingt-trois,-41,83
8280,allez de quatre-vingt-sept à gauche et puis montez de cinquante-deux,-87,52
8281,allez de vingt-sept à gauche et puis montez de soixante-six,-27,66
8282,allez de trente-deux à gauche et puis montez de vingt-neuf,-32,29
8283,allez de soixante-quinze à gauche et puis montez de vingt-huit,-75,28
8284,allez de trente-quatre à gauche et puis montez de quatre-vingt-trois,-34,83
8285,allez de soixante-sept à gauche et puis montez de soixante-dix-sept,-67,77
8286,allez de quarante-huit à gauche et puis montez de soixante et onze,-48,71
8287,allez de quarante à gauche et puis montez de cent,-40,100
8288,allez de quatre-vingt-neuf à gauche et puis montez de onze,-89,11
8289,allez de soixante-quatorze à gauche et puis montez de quatre-vingt-un,-74,81
8290,allez de cinquante-trois à gauche et puis montez de trente-sept,-53,37
8291,allez de quatre-vingt-dix-huit à gauche et puis montez de cinquante-huit,-98,58
8292,allez de soixante-quatorze à gauche et puis montez de cinquante-neuf,-74,59
8293,allez de soixante-douze à gauche et puis montez de vingt-deux,-72,22
8294,allez de quarante-sept à gauche et puis montez de trente-neuf,-47,39
8295,allez de vingt à gauche et puis montez de soixante-dix,-20,70
8296,allez de quatre à gauche et puis montez de soixante-trois,-4,63
8297,allez de quarante-six à gauche et puis montez de quatre-vingt-quatorze,-46,94
8298,allez de cinquante et un à gauche et puis montez de trente-deux,-51,32
8299,allez de quarante-trois à gauche et puis montez de soixante-trois,-43,63
8300,allez de neuf à gauche et puis montez de dix-huit,-9,18
8301,allez de vingt-huit à gauche et puis montez de quinze,-28,15
8302,allez de cinquante-neuf à gauche et puis montez de cinquante,-59,50
8303,allez de vingt-huit à gauche et puis montez de soixante-dix-huit,-28,78
8304,allez de quatre-vingt-seize à gauche et puis montez de treize,-96,13
8305,allez de vingt-trois à gauche et puis montez de trente et un,-23,31
8306,allez de soixante-huit à gauche et puis montez de soixante-dix-sept,-68,77
8307,allez de vingt-six à gauche et puis montez de cinquante-sept,-26,57
8308,allez de soixante-douze à gauche et puis montez de soixante-cinq,-72,65
8309,allez de quarante-huit à gauche et puis montez de quarante-quatre,-48,44
8310,allez de quarante à gauche et puis montez de quatre-vingt-neuf,-40,89
8311,allez de cinquante-sept à gauche et puis montez de soixante-quinze,-57,75
8312,allez de quarante et un à gauche et puis montez de trente et un,-41,31
8313,allez de vingt-neuf à gauche et puis montez de soixante-dix-huit,-29,78
8314,allez de vingt-deux à gauche et puis montez de soixante,-22,60
8315,allez de trente-neuf à gauche et puis montez de quatre,-39,4
8316,allez de douze à gauche et puis montez de quarante-quatre,-12,44
8317,allez de cinquante-huit à gauche et puis montez de vingt-trois,-58,23
8318,allez de cinq à gauche et puis montez de trente-deux,-5,32
8319,allez de vingt-quatre à gauche et puis montez de quarante-six,-24,46
8320,allez de quatre-vingt-cinq à gauche et puis montez de deux,-85,2
8321,allez de dix-neuf à gauche et puis montez de quatre-vingt-onze,-19,91
8322,allez de cinquante-neuf à gauche et puis montez de quatre-vingt-sept,-59,87
8323,allez de soixante-sept à gauche et puis montez de vingt-neuf,-67,29
8324,allez de soixante-treize à gauche et puis montez de quarante-sept,-73,47
8325,allez de vingt et un à gauche et puis montez de soixante-deux,-21,62
8326,allez de trente-six à gauche et puis montez de quatre-vingt-quatre,-36,84
8327,allez de deux à gauche et puis montez de quatre-vingt-douze,-2,92
8328,allez de neuf à gauche et puis montez de quarante-sept,-9,47
8329,allez de vingt-neuf à gauche et puis montez de soixante-quatre,-29,64
8330,allez de quarante à gauche et puis montez de quatre-vingt-douze,-40,92
8331,allez de cinquante-trois à gauche et puis montez de quarante-deux,-53,42
8332,allez de seize à gauche et puis montez de soixante-sept,-16,67
8333,allez de trente-neuf à gauche et puis montez de quarante-huit,-39,48
8334,allez de quarante-cinq à gauche et puis montez de vingt,-45,20
8335,allez de six à gauche et puis montez de quatre-vingt-quinze,-6,95
8336,allez de cent à gauche et puis montez de soixante et un,-100,61
8337,allez de quatre-vingt-onze à gauche et puis montez de cinquante-deux,-91,52
8338,allez de quatre-vingt-douze à gauche et puis montez de quatorze,-92,14
8339,allez de vingt-deux à gauche et puis montez de quatre-vingt-deux,-22,82
8340,allez de trente à gauche et puis montez de cinquante,-30,50
8341,allez de vingt-quatre à gauche et puis montez de quarante-neuf,-24,49
8342,allez de soixante-neuf à gauche et puis montez de quarante-deux,-69,42
8343,allez de soixante-neuf à gauche et puis montez de vingt-trois,-69,23
8344,allez de quatre-vingt-deux à gauche et puis montez de soixante-sept,-82,67
8345,allez de quarante-quatre à gauche et puis montez de quarante-cinq,-44,45
8346,allez de cinquante-sept à gauche et puis montez de vingt-neuf,-57,29
8347,allez de quarante-deux à gauche et puis montez de quatre-vingt-neuf,-42,89
8348,allez de cinquante à gauche et puis montez de quarante-trois,-50,43
8349,allez de trente-six à gauche et puis montez de quatre-vingt-quatorze,-36,94
8350,allez de cinquante-trois à gauche et puis montez de quarante-trois,-53,43
8351,allez de trente-neuf à gauche et puis montez de soixante-quatorze,-39,74
8352,allez de trente-trois à gauche et puis montez de quatre-vingt-onze,-33,91
8353,allez de soixante-treize à gauche et puis montez de soixante-deux,-73,62
8354,allez de quatre-vingts à gauche et puis montez de soixante-dix-sept,-80,77
8355,allez de vingt-deux à gauche et puis montez de trois,-22,3
8356,allez de cinquante à gauche et puis montez de treize,-50,13
8357,allez de soixante-sept à gauche et puis montez de soixante-cinq,-67,65
8358,allez de huit à gauche et puis montez de quatre-vingts,-8,80
8359,allez de soixante-deux à gauche et puis montez de deux,-62,2
8360,allez de quarante-neuf à gauche et puis montez de vingt-deux,-49,22
8361,allez de vingt-six à gauche et puis montez de quatre-vingt-douze,-26,92
8362,allez de trente-deux à gauche et puis montez de quatorze,-32,14
8363,allez de soixante-six à gauche et puis montez de quatre,-66,4
8364,allez de quatre-vingt-quatre à gauche et puis montez de trente-huit,-84,38
8365,allez de quarante-neuf à gauche et puis montez de quarante,-49,40
8366,allez de soixante-dix-neuf à gauche et puis montez de vingt-quatre,-79,24
8367,allez de sept à gauche et puis montez de un,-7,1
8368,allez de quarante-six à gauche et puis montez de quatre-vingt-neuf,-46,89
8369,allez de cinquante à gauche et puis montez de trente-sept,-50,37
8370,allez de soixante-huit à gauche et puis montez de dix-huit,-68,18
8371,allez de cinquante-quatre à gauche et puis montez de six,-54,6
8372,allez de quatre-vingt-huit à gauche et puis montez de soixante-neuf,-88,69
8373,allez de quatre-vingts à gauche et puis montez de deux,-80,2
8374,allez de onze à gauche et puis montez de quatre-vingt-cinq,-11,85
8375,allez de neuf à gauche et puis montez de quatre-vingt-cinq,-9,85
8376,allez de neuf à gauche et puis montez de quatre-vingt-sept,-9,87
8377,allez de quarante-huit à gauche et puis montez de cinq,-48,5
8378,allez de quatre-vingts à gauche et puis montez de soixante-trois,-80,63
8379,allez de cinquante-huit à gauche et puis montez de quatre-vingt-dix-huit,-58,98
8380,allez de cinquante à gauche et puis montez de quatre-vingt-cinq,-50,85
8381,allez de onze à gauche et puis montez de soixante-quinze,-11,75
8382,allez de quatre-vingt-quatorze à gauche et puis montez de quatre-vingt-trois,-94,83
8383,allez de vingt-neuf à gauche et puis montez de quatorze,-29,14
8384,allez de soixante-six à gauche et puis montez de quatre-vingt-treize,-66,93
8385,allez de trente-quatre à gauche et puis montez de quatre-vingts,-34,80
8386,allez de soixante-six à gauche et puis montez de quatre-vingt-dix-huit,-66,98
8387,allez de cinquante-quatre à gauche et puis montez de douze,-54,12
8388,allez de quatre-vingt-cinq à gauche et puis montez de trente-quatre,-85,34
8389,allez de trente-huit à gauche et puis montez de vingt-trois,-38,23
8390,allez de quatre-vingt-trois à gauche et puis montez de soixante-quatre,-83,64
8391,allez de quatre-vingt-dix à gauche et puis montez de quarante-deux,-90,42
8392,allez de trente-sept à gauche et puis montez de soixante-trois,-37,63
8393,allez de soixante-neuf à gauche et puis montez de cinquante-trois,-69,53
8394,allez de quatre-vingt-deux à gauche et puis montez de soixante-dix-huit,-82,78
8395,allez de trente à gauche et puis montez de quarante-quatre,-30,44
8396,allez de quarante-trois à gauche et puis montez de quatre,-43,4
8397,allez de six à gauche et puis montez de treize,-6,13
8398,allez de trente-deux à gauche et puis montez de cinquante et un,-32,51
8399,allez de quatre-vingt-dix à gauche et puis montez de vingt,-90,20
8400,allez de quatre-vingt-six à gauche et puis montez de quatre-vingt-dix-sept,-86,97
8401,allez de treize à gauche et puis montez de trente,-13,30
8402,allez de soixante-quinze à gauche et puis montez de quatre-vingt-trois,-75,83
8403,allez de quatre-vingt-quinze à gauche et puis montez de quatre-vingt-dix-sept,-95,97
8404,allez de huit à gauche et puis montez de trente et un,-8,31
8405,allez de soixante-dix à gauche et puis montez de quarante-neuf,-70,49
8406,allez de trente à gauche et puis montez de trente-cinq,-30,35
8407,allez de quatre-vingt-onze à gauche et puis montez de dix-sept,-91,17
8408,allez de soixante-quatre à gauche et puis montez de dix-huit,-64,18
8409,allez de cinquante et un à gauche et puis montez de cinquante et un,-51,51
8410,allez de quatre-vingt-dix-neuf à gauche et puis montez de trente-deux,-99,32
8411,allez de huit à gauche et puis montez de soixante-huit,-8,68
8412,allez de vingt-cinq à gauche et puis montez de soixante-deux,-25,62
8413,allez de douze à gauche et puis montez de vingt-sept,-12,27
8414,allez de trente-quatre à gauche et puis montez de vingt-huit,-34,28
8415,allez de soixante-quatorze à gauche et puis montez de trente-six,-74,36
8416,allez de quatre-vingt-deux à gauche et puis montez de deux,-82,2
8417,allez de vingt à gauche et puis montez de soixante et un,-20,61
8418,allez de trente-neuf à gauche et puis montez de douze,-39,12
8419,allez de vingt à gauche et puis montez de cinquante-cinq,-20,55
8420,allez de quatre-vingt-dix-huit à gauche et puis montez de soixante-seize,-98,76
8421,allez de soixante à gauche et puis montez de trente-cinq,-60,35
8422,allez de quatre-vingt-dix-sept à gauche et puis montez de quarante-deux,-97,42
8423,allez de soixante-dix-sept à gauche et puis montez de quatre-vingt-dix-neuf,-77,99
8424,allez de dix-neuf à gauche et puis montez de soixante-dix,-19,70
8425,allez de soixante-dix-sept à gauche et puis montez de soixante-quatre,-77,64
8426,allez de soixante-six à gauche et puis montez de quatre-vingt-treize,-66,93
8427,allez de quatre-vingt-huit à gauche et puis montez de quatre-vingt-onze,-88,91
8428,allez de deux à gauche et puis montez de quatre-vingt-dix-sept,-2,97
8429,allez de cinquante-trois à gauche et puis montez de cinquante-sept,-53,57
8430,allez de cinquante à gauche et puis montez de vingt et un,-50,21
8431,allez de quarante-deux à gauche et puis montez de soixante,-42,60
8432,allez de soixante et onze à gauche et puis montez de cinquante-sept,-71,57
8433,allez de vingt-neuf à gauche et puis montez de cinquante-sept,-29,57
8434,allez de vingt-deux à gauche et puis montez de soixante-neuf,-22,69
8435,allez de cent à gauche et puis montez de soixante-treize,-100,73
8436,allez de dix-sept à gauche et puis montez de trente-quatre,-17,34
8437,allez de vingt-deux à gauche et puis montez de quatre-vingt-dix-huit,-22,98
8438,allez de quatre-vingt-dix à gauche et puis montez de quatre-vingt-quinze,-90,95
8439,allez de trente-deux à gauche et puis montez de cinquante,-32,50
8440,allez de quatre-vingt-trois à gauche et puis montez de vingt-quatre,-83,24
8441,allez de quatre-vingt-quatre à gauche et puis montez de quatre-vingt-douze,-84,92
8442,allez de soixante-douze à gauche et puis montez de deux,-72,2
8443,allez de cinquante-quatre à gauche et puis montez de onze,-54,11
8444,allez de soixante-dix-huit à gauche et puis montez de trente-six,-78,36
8445,allez de cinquante à gauche et puis montez de dix,-50,10
8446,allez de quarante-quatre à gauche et puis montez de soixante-neuf,-44,69
8447,allez de dix-sept à gauche et puis montez de sept,-17,7
8448,allez de quarante-sept à gauche et puis montez de soixante-seize,-47,76
8449,allez de soixante-six à gauche et puis montez de vingt-huit,-66,28
8450,allez de quatre-vingt-seize à gauche et puis montez de quatre-vingt-dix-sept,-96,97
8451,allez de trois à gauche et puis montez de dix-neuf,-3,19
8452,allez de quatre-vingts à gauche et puis montez de cinquante-sept,-80,57
8453,allez de sept à gauche et puis montez de soixante-seize,-7,76
8454,allez de cinquante-huit à gauche et puis montez de vingt-deux,-58,22
8455,allez de quatre-vingt-un à gauche et puis montez de quarante,-81,40
8456,allez de seize à gauche et puis montez de trente-trois,-16,33
8457,allez de quatre-vingt-cinq à gauche et puis montez de soixante-neuf,-85,69
8458,allez de trente-neuf à gauche et puis montez de soixante-quatre,-39,64
8459,allez de neuf à gauche et puis montez de quarante-neuf,-9,49
8460,allez de quatre-vingt-deux à gauche et puis montez de quatre-vingt-dix-huit,-82,98
8461,allez de quarante à gauche et puis montez de huit,-40,8
8462,allez de dix-sept à gauche et puis montez de soixante-huit,-17,68
8463,allez de soixante-quatorze à gauche et puis montez de trente-quatre,-74,34
8464,allez de trente-deux à gauche et puis montez de soixante-dix-sept,-32,77
8465,allez de quarante-quatre à gauche et puis montez de vingt-trois,-44,23
8466,allez de soixante-douze à gauche et puis montez de quatre-vingt-dix-neuf,-72,99
8467,allez de soixante-huit à gauche et puis montez de quatre-vingts,-68,80
8468,allez de quatre-vingt-seize à gauche et puis montez de quarante-deux,-96,42
8469,allez de douze à gauche et puis montez de vingt-quatre,-12,24
8470,allez de quatre-vingt-six à gauche et puis montez de quatre-vingt-un,-86,81
8471,allez de cinquante à gauche et puis montez de soixante-seize,-50,76
8472,allez de quatre-vingt-quatorze à gauche et puis montez de vingt-deux,-94,22
8473,allez de trente-six à gauche et puis montez de quatre-vingt-dix-huit,-36,98
8474,allez de soixante-quatorze à gauche et puis montez de trente-cinq,-74,35
8475,allez de soixante-huit à gauche et puis montez de soixante-neuf,-68,69
8476,allez de soixante-six à gauche et puis montez de trente-neuf,-66,39
8477,allez de cinquante-deux à gauche et puis montez de quarante-six,-52,46
8478,allez de quarante-six à gauche et puis montez de deux,-46,2
8479,allez de cinquante et un à gauche et puis montez de soixante-dix-sept,-51,77
8480,allez de quatre-vingt-six à gauche et puis montez de quatre-vingt-un,-86,81
8481,allez de six à gauche et puis montez de soixante-quatorze,-6,74
8482,allez de quatre-vingts à gauche et puis montez de trente-trois,-80,33
8483,allez de dix-huit à gauche et puis montez de dix-huit,-18,18
8484,allez de vingt-cinq à gauche et puis montez de cinquante-sept,-25,57
8485,allez de quatre-vingt-un à gauche et puis montez de trente-six,-81,36
8486,allez de cinquante-quatre à gauche et puis montez de quatre-vingt-huit,-54,88
8487,allez de seize à gauche et puis montez de seize,-16,16
8488,allez de quatre-vingt-seize à gauche et puis montez de quatre-vingt-dix-huit,-96,98
8489,allez de quatre-vingt-huit à gauche et puis montez de quinze,-88,15
8490,allez de vingt-huit à gauche et puis montez de quarante-deux,-28,42
8491,allez de quatre-vingt-douze à gauche et puis montez de trente-quatre,-92,34
8492,allez de soixante-quatorze à gauche et puis montez de trente-huit,-74,38
8493,allez de cinquante à gauche et puis montez de quarante-neuf,-50,49
8494,allez de quarante-cinq à gauche et puis montez de onze,-45,11
8495,allez de cinquante-quatre à gauche et puis montez de soixante-treize,-54,73
8496,allez de vingt-quatre à gauche et puis montez de quatre-vingt-dix-sept,-24,97
8497,allez de cinquante-sept à gauche et puis montez de deux,-57,2
8498,allez de soixante et un à gauche et puis montez de quarante-sept,-61,47
8499,allez de quatre-vingt-huit à gauche et puis montez de quarante-cinq,-88,45
8500,allez de neuf à gauche et puis montez de quinze,-9,15
8501,allez de quarante-sept à gauche et puis montez de dix,-47,10
8502,allez de onze à gauche et puis montez de sept,-11,7
8503,allez de trente-cinq à gauche et puis montez de trente-cinq,-35,35
8504,allez de soixante-cinq à gauche et puis montez de dix-sept,-65,17
8505,allez de vingt-trois à gauche et puis montez de vingt-six,-23,26
8506,allez de trente-neuf à gauche et puis montez de deux,-39,2
8507,allez de vingt-neuf à gauche et puis montez de soixante-dix-huit,-29,78
8508,allez de cent à gauche et puis montez de soixante-dix-neuf,-100,79
8509,allez de quatre-vingt-sept à gauche et puis montez de seize,-87,16
8510,allez de quatre-vingt-dix-sept à gauche et puis montez de quarante,-97,40
8511,allez de cinquante-six à gauche et puis montez de quatre-vingt-dix-huit,-56,98
8512,allez de cinquante et un à gauche et puis montez de soixante-dix-neuf,-51,79
8513,allez de soixante à gauche et puis montez de soixante-cinq,-60,65
8514,allez de cinquante-six à gauche et puis montez de quarante-six,-56,46
8515,allez de trente-neuf à gauche et puis montez de soixante-quatorze,-39,74
8516,allez de quatre-vingt-un à gauche et puis montez de soixante-douze,-81,72
8517,allez de soixante et un à gauche et puis montez de quarante-deux,-61,42
8518,allez de quarante-cinq à gauche et puis montez de dix-huit,-45,18
8519,allez de soixante-deux à gauche et puis montez de six,-62,6
8520,allez de trois à gauche et puis montez de soixante-dix-neuf,-3,79
8521,allez de cinquante-six à gauche et puis montez de trente,-56,30
8522,allez de soixante-six à gauche et puis montez de soixante-neuf,-66,69
8523,allez de vingt-deux à gauche et puis montez de vingt-cinq,-22,25
8524,allez de vingt-cinq à gauche et puis montez de quatre-vingt-dix-neuf,-25,99
8525,allez de soixante-quatorze à gauche et puis montez de soixante-dix-neuf,-74,79
8526,allez de cinquante-sept à gauche et puis montez de vingt-quatre,-57,24
8527,allez de quatre-vingt-un à gauche et puis montez de dix-neuf,-81,19
8528,allez de quatre-vingt-treize à gauche et puis montez de deux,-93,2
8529,allez de quatre-vingt-quinze à gauche et puis montez de quatre-vingt-douze,-95,92
8530,allez de neuf à gauche et puis montez de quarante-cinq,-9,45
8531,allez de quarante et un à gauche et puis montez de trente-cinq,-41,35
8532,allez de treize à gauche et puis montez de soixante-trois,-13,63
8533,allez de dix-sept à gauche et puis montez de neuf,-17,9
8534,allez de trente-sept à gauche et puis montez de cinquante-neuf,-37,59
8535,allez de quinze à gauche et puis montez de vingt-trois,-15,23
8536,allez de dix-sept à gauche et puis montez de cent,-17,100
8537,allez de cinquante-cinq à gauche et puis montez de soixante-treize,-55,73
8538,allez de soixante à gauche et puis montez de soixante-six,-60,66
8539,allez de quatre-vingt-cinq à gauche et puis montez de vingt,-85,20
8540,allez de seize à gauche et puis montez de vingt-sept,-16,27
8541,allez de sept à gauche et puis montez de soixante et un,-7,61
8542,allez de quarante et un à gauche et puis montez de quarante,-41,40
8543,allez de vingt-sept à gauche et puis montez de trente-quatre,-27,34
8544,allez de soixante-sept à gauche et puis montez de soixante-treize,-67,73
8545,allez de cinquante-trois à gauche et puis montez de soixante-dix-huit,-53,78
8546,allez de soixante-seize à gauche et puis montez de deux,-76,2
8547,allez de soixante-trois à gauche et puis montez de treize,-63,13
8548,allez de treize à gauche et puis montez de quatre-vingt-trois,-13,83
8549,allez de vingt-cinq à gauche et puis montez de deux,-25,2
8550,allez de soixante-dix-huit à gauche et puis montez de quatre-vingt-dix-huit,-78,98
8551,allez de quatre-vingt-onze à gauche et puis montez de cinquante et un,-91,51
8552,allez de cinquante-trois à gauche et puis montez de vingt-deux,-53,22
8553,allez de quatre-vingt-deux à gauche et puis montez de quatre,-82,4
8554,allez de soixante-sept à gauche et puis montez de cinquante-quatre,-67,54
8555,allez de soixante et un à gauche et puis montez de cinquante,-61,50
8556,allez de deux à gauche et puis montez de trente,-2,30
8557,allez de quatorze à gauche et puis montez de soixante,-14,60
8558,allez de quatre-vingt-dix à gauche et puis montez de quatre-vingt-onze,-90,91
8559,allez de soixante-quatorze à gauche et puis montez de soixante-dix-sept,-74,77
8560,allez de un à gauche et puis montez de vingt et un,-1,21
8561,allez de soixante-dix-sept à gauche et puis montez de dix,-77,10
8562,allez de quatorze à gauche et puis montez de soixante-dix,-14,70
8563,allez de quarante-deux à gauche et puis montez de cinquante,-42,50
8564,allez de quatre-vingt-six à gauche et puis montez de vingt-deux,-86,22
8565,allez de treize à gauche et puis montez de cent,-13,100
8566,allez de quinze à gauche et puis montez de vingt-huit,-15,28
8567,allez de quatre-vingt-quatorze à gauche et puis montez de soixante-douze,-94,72
8568,allez de trente-six à gauche et puis montez de quatre-vingt-quatre,-36,84
8569,allez de sept à gauche et puis montez de vingt-trois,-7,23
8570,allez de seize à gauche et puis montez de vingt-neuf,-16,29
8571,allez de cinquante et un à gauche et puis montez de quatre-vingt-seize,-51,96
8572,allez de dix à gauche et puis montez de vingt,-10,20
8573,allez de cinquante-deux à gauche et puis montez de quatorze,-52,14
8574,allez de trente-neuf à gauche et puis montez de quatre-vingt-quinze,-39,95
8575,allez de quarante-six à gauche et puis montez de soixante-seize,-46,76
8576,allez de trente et un à gauche et puis montez de cinquante-neuf,-31,59
8577,allez de cinquante-quatre à gauche et puis montez de soixante et un,-54,61
8578,allez de deux à gauche et puis montez de trente,-2,30
8579,allez de dix-huit à gauche et puis montez de onze,-18,11
8580,allez de soixante-trois à gauche et puis montez de soixante-cinq,-63,65
8581,allez de cinquante à gauche et puis montez de seize,-50,16
8582,allez de quarante-huit à gauche et puis montez de quarante-trois,-48,43
8583,allez de quatre-vingt-huit à gauche et puis montez de vingt-sept,-88,27
8584,allez de cinquante-neuf à gauche et puis montez de cinquante et un,-59,51
8585,allez de quatre-vingt-dix-huit à gauche et puis montez de quatre-vingt-onze,-98,91
8586,allez de cent à gauche et puis montez de vingt-sept,-100,27
8587,allez de quatre-vingt-quatre à gauche et puis montez de trente et un,-84,31
8588,allez de trente-huit à gauche et puis montez de soixante et un,-38,61
8589,allez de quatre-vingt-dix-neuf à gauche et puis montez de six,-99,6
8590,allez de vingt-trois à gauche et puis montez de cinquante et un,-23,51
8591,allez de soixante-trois à gauche et puis montez de dix-sept,-63,17
8592,allez de soixante-sept à gauche et puis montez de quatre-vingt-dix-neuf,-67,99
8593,allez de soixante-neuf à gauche et puis montez de cinquante-six,-69,56
8594,allez de deux à gauche et puis montez de trente,-2,30
8595,allez de quatre-vingt-sept à gauche et puis montez de soixante-six,-87,66
8596,allez de soixante et onze à gauche et puis montez de trente-quatre,-71,34
8597,allez de quinze à gauche et puis montez de treize,-15,13
8598,allez de douze à gauche et puis montez de vingt-sept,-12,27
8599,allez de vingt-six à gauche et puis montez de trente-sept,-26,37
8600,allez de quarante-quatre à gauche et puis montez de vingt-quatre,-44,24
8601,allez de trente-sept à gauche et puis montez de quarante-cinq,-37,45
8602,allez de trente-deux à gauche et puis montez de quarante-six,-32,46
8603,allez de soixante et un à gauche et puis montez de quatre-vingt-dix-huit,-61,98
8604,allez de cinq à gauche et puis montez de vingt-quatre,-5,24
8605,allez de soixante-quatre à gauche et puis montez de soixante-dix,-64,70
8606,allez de sept à gauche et puis montez de quatre-vingt-deux,-7,82
8607,allez de quatre-vingt-seize à gauche et puis montez de quatorze,-96,14
8608,allez de quarante-six à gauche et puis montez de quatre-vingt-trois,-46,83
8609,allez de neuf à gauche et puis montez de quarante,-9,40
8610,allez de quinze à gauche et puis montez de soixante-deux,-15,62
8611,allez de trente-huit à gauche et puis montez de neuf,-38,9
8612,allez de quatre-vingt-dix à gauche et puis montez de quatre-vingt-dix-huit,-90,98
8613,allez de quatre-vingt-quatorze à gauche et puis montez de soixante-neuf,-94,69
8614,allez de soixante et un à gauche et puis montez de quarante-cinq,-61,45
8615,allez de quatre-vingt-dix-sept à gauche et puis montez de soixante-quatre,-97,64
8616,allez de trente-huit à gauche et puis montez de neuf,-38,9
8617,allez de vingt-cinq à gauche et puis montez de quatre-vingt-quinze,-25,95
8618,allez de soixante-cinq à gauche et puis montez de quatre-vingt-onze,-65,91
8619,allez de quarante-huit à gauche et puis montez de cent,-48,100
8620,allez de quatre-vingt-trois à gauche et puis montez de quatre-vingt-dix,-83,90
8621,allez de soixante-douze à gauche et puis montez de vingt-cinq,-72,25
8622,allez de quatre-vingt-treize à gauche et puis montez de quarante-quatre,-93,44
8623,allez de soixante-dix-huit à gauche et puis montez de soixante-neuf,-78,69
8624,allez de quatre-vingt-sept à gauche et puis montez de quatre-vingt-cinq,-87,85
8625,allez de soixante-cinq à gauche et puis montez de trente-deux,-65,32
8626,allez de onze à gauche et puis montez de quatre,-11,4
8627,allez de quatre-vingt-neuf à gauche et puis montez de quarante,-89,40
8628,allez de soixante-quatorze à gauche et puis montez de vingt-deux,-74,22
8629,allez de soixante et un à gauche et puis montez de vingt-trois,-61,23
8630,allez de vingt-sept à gauche et puis montez de quatorze,-27,14
8631,allez de soixante-quinze à gauche et puis montez de cinquante et un,-75,51
8632,allez de soixante et onze à gauche et puis montez de quarante-huit,-71,48
8633,allez de soixante-quatre à gauche et puis montez de quatre-vingt-quatre,-64,84
8634,allez de six à gauche et puis montez de quatre-vingt-dix-neuf,-6,99
8635,allez de soixante-dix-sept à gauche et puis montez de soixante-quinze,-77,75
8636,allez de quatre-vingt-quatre à gauche et puis montez de vingt-trois,-84,23
8637,allez de quatre-vingt-douze à gauche et puis montez de trente-trois,-92,33
8638,allez de deux à gauche et puis montez de trente-deux,-2,32
8639,allez de soixante-trois à gauche et puis montez de vingt-cinq,-63,25
8640,allez de soixante-treize à gauche et puis montez de trente-huit,-73,38
8641,allez de vingt-trois à gauche et puis montez de soixante-douze,-23,72
8642,allez de trente-huit à gauche et puis montez de quinze,-38,15
8643,allez de soixante-quatre à gauche et puis montez de quatre-vingt-quatre,-64,84
8644,allez de soixante-huit à gauche et puis montez de cent,-68,100
8645,allez de quatre-vingt-seize à gauche et puis montez de quarante-quatre,-96,44
8646,allez de onze à gauche et puis montez de soixante-treize,-11,73
8647,allez de soixante-seize à gauche et puis montez de quatre-vingts,-76,80
8648,allez de soixante-dix-huit à gauche et puis montez de vingt-six,-78,26
8649,allez de cent à gauche et puis montez de quarante et un,-100,41
8650,allez de dix-neuf à gauche et puis montez de quatre-vingt-deux,-19,82
8651,allez de quatre-vingt-treize à gauche et puis montez de soixante-douze,-93,72
8652,allez de soixante-dix-neuf à gauche et puis montez de seize,-79,16
8653,allez de vingt-six à gauche et puis montez de quatre-vingt-dix-neuf,-26,99
8654,allez de huit à gauche et puis montez de quinze,-8,15
8655,allez de onze à gauche et puis montez de soixante-huit,-11,68
8656,allez de cinquante-sept à gauche et puis montez de dix-neuf,-57,19
8657,allez de cinquante-deux à gauche et puis montez de quatre-vingt-quatre,-52,84
8658,allez de cinquante-trois à gauche et puis montez de quatre-vingt-quatre,-53,84
8659,allez de cinquante à gauche et puis montez de quatre-vingts,-50,80
8660,allez de soixante à gauche et puis montez de quatre-vingt-six,-60,86
8661,allez de quatre-vingt-seize à gauche et puis montez de vingt-trois,-96,23
8662,allez de vingt-deux à gauche et puis montez de soixante et un,-22,61
8663,allez de soixante-seize à gauche et puis montez de quarante-six,-76,46
8664,allez de quatre-vingt-cinq à gauche et puis montez de quarante-huit,-85,48
8665,allez de un à gauche et puis montez de quarante-neuf,-1,49
8666,allez de soixante-sept à gauche et puis montez de quarante-cinq,-67,45
8667,allez de trois à gauche et puis montez de trente-deux,-3,32
8668,allez de cent à gauche et puis montez de quarante-neuf,-100,49
8669,allez de quatre-vingt-sept à gauche et puis montez de quatre-vingt-deux,-87,82
8670,allez de deux à gauche et puis montez de soixante-six,-2,66
8671,allez de quarante-quatre à gauche et puis montez de soixante-six,-44,66
8672,allez de quatre-vingt-onze à gauche et puis montez de quarante,-91,40
8673,allez de six à gauche et puis montez de soixante,-6,60
8674,allez de vingt à gauche et puis montez de vingt et un,-20,21
8675,allez de quinze à gauche et puis montez de soixante et onze,-15,71
8676,allez de quatre-vingt-six à gauche et puis montez de six,-86,6
8677,allez de dix-huit à gauche et puis montez de soixante-dix,-18,70
8678,allez de soixante-douze à gauche et puis montez de cinquante-trois,-72,53
8679,allez de dix-neuf à gauche et puis montez de trente-cinq,-19,35
8680,allez de onze à gauche et puis montez de soixante,-11,60
8681,allez de trente-quatre à gauche et puis montez de trente-neuf,-34,39
8682,allez de cinquante-quatre à gauche et puis montez de deux,-54,2
8683,allez de cinquante-sept à gauche et puis montez de dix-sept,-57,17
8684,allez de quatre-vingt-quinze à gauche et puis montez de treize,-95,13
8685,allez de cinquante et un à gauche et puis montez de quatorze,-51,14
8686,allez de cinquante et un à gauche et puis montez de onze,-51,11
8687,allez de cinquante-sept à gauche et puis montez de neuf,-57,9
8688,allez de quatre-vingt-dix-huit à gauche et puis montez de quatre-vingt-quinze,-98,95
8689,allez de soixante à gauche et puis montez de quarante,-60,40
8690,allez de quarante-huit à gauche et puis montez de un,-48,1
8691,allez de dix-sept à gauche et puis montez de dix-huit,-17,18
8692,allez de soixante-quatorze à gauche et puis montez de soixante-quinze,-74,75
8693,allez de trente-sept à gauche et puis montez de cent,-37,100
8694,allez de vingt-trois à gauche et puis montez de quatorze,-23,14
8695,allez de deux à gauche et puis montez de quatre-vingt-deux,-2,82
8696,allez de cinquante et un à gauche et puis montez de cinquante-trois,-51,53
8697,allez de quatre-vingt-quatre à gauche et puis montez de vingt-trois,-84,23
8698,allez de quatre-vingt-treize à gauche et puis montez de quatre,-93,4
8699,allez de soixante-six à gauche et puis montez de soixante-cinq,-66,65
8700,allez de vingt-deux à gauche et puis montez de trente-quatre,-22,34
8701,allez de soixante-treize à gauche et puis montez de quarante-cinq,-73,45
8702,allez de trente et un à gauche et puis montez de quatre-vingt-trois,-31,83
8703,allez de soixante à gauche et puis montez de quatre-vingt-sept,-60,87
8704,allez de quatre-vingt-sept à gauche et puis montez de cinq,-87,5
8705,allez de douze à gauche et puis montez de six,-12,6
8706,allez de quatre-vingt-dix-neuf à gauche et puis montez de cinquante et un,-99,51
8707,allez de cent à gauche et puis montez de vingt,-100,20
8708,allez de seize à gauche et puis montez de quatre-vingt-huit,-16,88
8709,allez de soixante-dix à gauche et puis montez de dix-sept,-70,17
8710,allez de soixante-sept à gauche et puis montez de quatre-vingt-onze,-67,91
8711,allez de vingt-huit à gauche et puis montez de quarante-cinq,-28,45
8712,allez de quatre-vingt-un à gauche et puis montez de soixante-quatorze,-81,74
8713,allez de quatre-vingt-onze à gauche et puis montez de dix-sept,-91,17
8714,allez de quatre-vingt-huit à gauche et puis montez de huit,-88,8
8715,allez de quarante à gauche et puis montez de trente-quatre,-40,34
8716,allez de quatre à gauche et puis montez de cinquante-neuf,-4,59
8717,allez de quatre-vingt-seize à gauche et puis montez de trente-six,-96,36
8718,allez de trois à gauche et puis montez de quarante-trois,-3,43
8719,allez de trente-cinq à gauche et puis montez de quatre-vingt-sept,-35,87
8720,allez de quatre-vingt-huit à gauche et puis montez de six,-88,6
8721,allez de quatre-vingt-treize à gauche et puis montez de quatre-vingt-quatre,-93,84
8722,allez de quarante-quatre à gauche et puis montez de treize,-44,13
8723,allez de quatre-vingt-dix à gauche et puis montez de quatre-vingt-neuf,-90,89
8724,allez de quatre-vingt-quatorze à gauche et puis montez de soixante,-94,60
8725,allez de quatorze à gauche et puis montez de vingt-sept,-14,27
8726,allez de trente-cinq à gauche et puis montez de soixante-quatre,-35,64
8727,allez de vingt à gauche et puis montez de quatre-vingt-dix-huit,-20,98
8728,allez de soixante-quinze à gauche et puis montez de douze,-75,12
8729,allez de quarante-quatre à gauche et puis montez de neuf,-44,9
8730,allez de quatre-vingt-dix-huit à gauche et puis montez de soixante et un,-98,61
8731,allez de vingt-huit à gauche et puis montez de cinquante-cinq,-28,55
8732,allez de quarante-quatre à gauche et puis montez de trente-deux,-44,32
8733,allez de vingt à gauche et puis montez de douze,-20,12
8734,allez de seize à gauche et puis montez de soixante et un,-16,61
8735,allez de trente-sept à gauche et puis montez de quatre-vingt-onze,-37,91
8736,allez de seize à gauche et puis montez de trente-quatre,-16,34
8737,allez de trois à gauche et puis montez de soixante,-3,60
8738,allez de quatre-vingt-deux à gauche et puis montez de quatre-vingt-quatorze,-82,94
8739,allez de dix-neuf à gauche et puis montez de cinquante et un,-19,51
8740,allez de vingt-six à gauche et puis montez de trente-deux,-26,32
8741,allez de quatre-vingt-dix à gauche et puis montez de quatre-vingt-onze,-90,91
8742,allez de trente-sept à gauche et puis montez de vingt-cinq,-37,25
8743,allez de quarante-deux à gauche et puis montez de trente-six,-42,36
8744,allez de trente-quatre à gauche et puis montez de quatre-vingt-dix-sept,-34,97
8745,allez de deux à gauche et puis montez de sept,-2,7
8746,allez de vingt-deux à gauche et puis montez de quarante-sept,-22,47
8747,allez de cinq à gauche et puis montez de quarante-quatre,-5,44
8748,allez de vingt à gauche et puis montez de trente-cinq,-20,35
8749,allez de cinquante-sept à gauche et puis montez de quarante et un,-57,41
8750,allez de cinquante-huit à gauche et puis montez de soixante-douze,-58,72
8751,allez de dix-sept à gauche et puis montez de quatre-vingt-six,-17,86
8752,allez de dix-huit à gauche et puis montez de soixante-quatorze,-18,74
8753,allez de trente-six à gauche et puis montez de douze,-36,12
8754,allez de quinze à gauche et puis montez de quatre-vingts,-15,80
8755,allez de quatre-vingt-quinze à gauche et puis montez de soixante-quatorze,-95,74
8756,allez de soixante et onze à gauche et puis montez de sept,-71,7
8757,allez de soixante et un à gauche et puis montez de neuf,-61,9
8758,allez de vingt-quatre à gauche et puis montez de quatre-vingt-trois,-24,83
8759,allez de quatre-vingt-neuf à gauche et puis montez de cinquante-quatre,-89,54
8760,allez de quatre à gauche et puis montez de cinquante-deux,-4,52
8761,allez de quarante-quatre à gauche et puis montez de trente-sept,-44,37
8762,allez de trente à gauche et puis montez de cinquante-huit,-30,58
8763,allez de quatre-vingt-treize à gauche et puis montez de quatre-vingt-neuf,-93,89
8764,allez de quatre-vingt-seize à gauche et puis montez de quarante-huit,-96,48
8765,allez de soixante-sept à gauche et puis montez de quarante-deux,-67,42
8766,allez de vingt-huit à gauche et puis montez de quarante-cinq,-28,45
8767,allez de cinquante-neuf à gauche et puis montez de vingt-six,-59,26
8768,allez de quarante-neuf à gauche et puis montez de vingt,-49,20
8769,allez de soixante-huit à gauche et puis montez de trois,-68,3
8770,allez de trente à gauche et puis montez de quatre-vingt-onze,-30,91
8771,allez de un à gauche et puis montez de quarante-trois,-1,43
8772,allez de cent à gauche et puis montez de vingt-deux,-100,22
8773,allez de soixante-dix-huit à gauche et puis montez de cinquante-huit,-78,58
8774,allez de quarante-deux à gauche et puis montez de quatre-vingt-dix-sept,-42,97
8775,allez de quarante-deux à gauche et puis montez de trente et un,-42,31
8776,allez de treize à gauche et puis montez de deux,-13,2
8777,allez de cinquante-cinq à gauche et puis montez de quarante,-55,40
8778,allez de quarante et un à gauche et puis montez de quatre-vingt-treize,-41,93
8779,allez de cinquante-quatre à gauche et puis montez de vingt-huit,-54,28
8780,allez de vingt-quatre à gauche et puis montez de trois,-24,3
8781,allez de trente-neuf à gauche et puis montez de cent,-39,100
8782,allez de quatre-vingt-douze à gauche et puis montez de quatre-vingt-seize,-92,96
8783,allez de trente-cinq à gauche et puis montez de quatre-vingt-quatre,-35,84
8784,allez de soixante-dix à gauche et puis montez de trente-deux,-70,32
8785,allez de dix-neuf à gauche et puis montez de quatre-vingt-six,-19,86
8786,allez de soixante-quinze à gauche et puis montez de quarante-neuf,-75,49
8787,allez de six à gauche et puis montez de cinq,-6,5
8788,allez de deux à gauche et puis montez de cinquante-cinq,-2,55
8789,allez de dix-neuf à gauche et puis montez de cinquante-neuf,-19,59
8790,allez de quarante-sept à gauche et puis montez de seize,-47,16
8791,allez de trois à gauche et puis montez de vingt et un,-3,21
8792,allez de quatre-vingt-un à gauche et puis montez de soixante-dix,-81,70
8793,allez de quarante-trois à gauche et puis montez de soixante,-43,60
8794,allez de vingt à gauche et puis montez de soixante-seize,-20,76
8795,allez de trente-quatre à gauche et puis montez de soixante-neuf,-34,69
8796,allez de quatre-vingt-treize à gauche et puis montez de trente et un,-93,31
8797,allez de quarante-huit à gauche et puis montez de quatre-vingt-dix-neuf,-48,99
8798,allez de soixante-quatorze à gauche et puis montez de trente-huit,-74,38
8799,allez de quarante-quatre à gauche et puis montez de cinquante,-44,50
8800,allez de soixante-sept à gauche et puis montez de douze,-67,12
8801,allez de soixante-douze à gauche et puis montez de cinquante-trois,-72,53
8802,allez de quatre-vingt-sept à gauche et puis montez de quarante-cinq,-87,45
8803,allez de trente-cinq à gauche et puis montez de cinquante-quatre,-35,54
8804,allez de cinquante-huit à gauche et puis montez de quatre-vingt-huit,-58,88
8805,allez de quatre-vingt-quinze à gauche et puis montez de quatre-vingt-six,-95,86
8806,allez de trente-huit à gauche et puis montez de quarante-trois,-38,43
8807,allez de soixante-dix-sept à gauche et puis montez de trente-huit,-77,38
8808,allez de soixante-seize à gauche et puis montez de dix-neuf,-76,19
8809,allez de douze à gauche et puis montez de neuf,-12,9
8810,allez de soixante-dix-huit à gauche et puis montez de quarante-sept,-78,47
8811,allez de quarante à gauche et puis montez de quatre-vingt-dix-neuf,-40,99
8812,allez de quarante-quatre à gauche et puis montez de quatre-vingt-quatre,-44,84
8813,allez de dix-sept à gauche et puis montez de quarante et un,-17,41
8814,allez de trente-quatre à gauche et puis montez de cinquante,-34,50
8815,allez de soixante à gauche et puis montez de dix-neuf,-60,19
8816,allez de quatre-vingt-treize à gauche et puis montez de cinquante-trois,-93,53
8817,allez de soixante-neuf à gauche et puis montez de soixante-deux,-69,62
8818,allez de quatre-vingt-dix à gauche et puis montez de trente-neuf,-90,39
8819,allez de soixante-quinze à gauche et puis montez de quatre-vingt-quinze,-75,95
8820,allez de quarante-huit à gauche et puis montez de quarante-six,-48,46
8821,allez de treize à gauche et puis montez de quatre-vingt-quatorze,-13,94
8822,allez de cent à gauche et puis montez de soixante-treize,-100,73
8823,allez de soixante-dix à gauche et puis montez de cinquante,-70,50
8824,allez de cinquante-huit à gauche et puis montez de quarante-cinq,-58,45
8825,allez de soixante-quatorze à gauche et puis montez de dix-sept,-74,17
8826,allez de quatre-vingt-dix-huit à gauche et puis montez de cinquante-quatre,-98,54
8827,allez de cinquante-six à gauche et puis montez de vingt-quatre,-56,24
8828,allez de sept à gauche et puis montez de cinquante-cinq,-7,55
8829,allez de quatre-vingt-huit à gauche et puis montez de sept,-88,7
8830,allez de quarante-trois à gauche et puis montez de cinquante-cinq,-43,55
8831,allez de soixante et onze à gauche et puis montez de cinquante-huit,-71,58
8832,allez de quatre-vingt-sept à gauche et puis montez de vingt et un,-87,21
8833,allez de dix-sept à gauche et puis montez de quatre-vingt-trois,-17,83
8834,allez de quatre-vingt-huit à gauche et puis montez de soixante-sept,-88,67
8835,allez de soixante-deux à gauche et puis montez de soixante-seize,-62,76
8836,allez de soixante-huit à gauche et puis montez de vingt-trois,-68,23
8837,allez de treize à gauche et puis montez de cinquante-six,-13,56
8838,allez de quarante et un à gauche et puis montez de soixante-dix-huit,-41,78
8839,allez de quarante-deux à gauche et puis montez de trente-huit,-42,38
8840,allez de quarante à gauche et puis montez de cinquante-quatre,-40,54
8841,allez de cinquante-neuf à gauche et puis montez de quatorze,-59,14
8842,allez de soixante-dix-neuf à gauche et puis montez de trente-neuf,-79,39
8843,allez de quatre-vingt-quatorze à gauche et puis montez de quatre-vingt-quinze,-94,95
8844,allez de quatre-vingt-douze à gauche et puis montez de trente-sept,-92,37
8845,allez de quarante-cinq à gauche et puis montez de soixante-quinze,-45,75
8846,allez de vingt-neuf à gauche et puis montez de cinquante-deux,-29,52
8847,allez de soixante-quatorze à gauche et puis montez de cinquante-huit,-74,58
8848,allez de soixante-sept à gauche et puis montez de cinquante-huit,-67,58
8849,allez de quatre-vingt-dix-neuf à gauche et puis montez de cinquante et un,-99,51
8850,allez de vingt-sept à gauche et puis montez de sept,-27,7
8851,allez de dix-neuf à gauche et puis montez de cinquante-huit,-19,58
8852,allez de cinquante-neuf à gauche et puis montez de quatre-vingt-sept,-59,87
8853,allez de douze à gauche et puis montez de cinquante-trois,-12,53
8854,allez de trente et un à gauche et puis montez de quatre-vingt-quatorze,-31,94
8855,allez de onze à gauche et puis montez de quatre-vingt-quatorze,-11,94
8856,allez de cinquante-huit à gauche et puis montez de vingt-huit,-58,28
8857,allez de quatre-vingt-seize à gauche et puis montez de vingt-deux,-96,22
8858,allez de cinquante et un à gauche et puis montez de quatre-vingt-treize,-51,93
8859,allez de soixante et un à gauche et puis montez de soixante-seize,-61,76
8860,allez de soixante et onze à gauche et puis montez de cent,-71,100
8861,allez de quarante-deux à gauche et puis montez de soixante-dix-neuf,-42,79
8862,allez de quatre-vingts à gauche et puis montez de cinquante,-80,50
8863,allez de trente-six à gauche et puis montez de soixante-quatorze,-36,74
8864,allez de soixante-trois à gauche et puis montez de trente-neuf,-63,39
8865,allez de soixante et onze à gauche et puis montez de dix,-71,10
8866,allez de vingt et un à gauche et puis montez de vingt,-21,20
8867,allez de soixante-quatre à gauche et puis montez de treize,-64,13
8868,allez de trente-neuf à gauche et puis montez de quatre-vingt-neuf,-39,89
8869,allez de soixante-dix-huit à gauche et puis montez de vingt,-78,20
8870,allez de trente-deux à gauche et puis montez de quatre-vingt-dix-sept,-32,97
8871,allez de quarante-six à gauche et puis montez de trente-quatre,-46,34
8872,allez de soixante-sept à gauche et puis montez de soixante-neuf,-67,69
8873,allez de six à gauche et puis montez de vingt-quatre,-6,24
8874,allez de quarante-deux à gauche et puis montez de dix-sept,-42,17
8875,allez de deux à gauche et puis montez de soixante-sept,-2,67
8876,allez de soixante-neuf à gauche et puis montez de dix,-69,10
8877,allez de quatorze à gauche et puis montez de cinquante-six,-14,56
8878,allez de soixante-seize à gauche et puis montez de quarante-huit,-76,48
8879,allez de vingt-sept à gauche et puis montez de vingt-quatre,-27,24
8880,allez de quatre-vingt-dix-sept à gauche et puis montez de cinquante-neuf,-97,59
8881,allez de quatre-vingt-dix-sept à gauche et puis montez de cinquante,-97,50
8882,allez de cinquante à gauche et puis montez de quarante-six,-50,46
8883,allez de soixante-quinze à gauche et puis montez de trente-deux,-75,32
8884,allez de quatre-vingt-dix à gauche et puis montez de soixante-deux,-90,62
8885,allez de quatre-vingt-huit à gauche et puis montez de quatre-vingt-cinq,-88,85
8886,allez de douze à gauche et puis montez de quatorze,-12,14
8887,allez de quarante-huit à gauche et puis montez de trente-cinq,-48,35
8888,allez de un à gauche et puis montez de cinquante-trois,-1,53
8889,allez de cinquante-six à gauche et puis montez de soixante et un,-56,61
8890,allez de quatre-vingt-un à gauche et puis montez de treize,-81,13
8891,allez de quarante et un à gauche et puis montez de quarante-quatre,-41,44
8892,allez de trente-neuf à gauche et puis montez de deux,-39,2
8893,allez de quatre-vingt-trois à gauche et puis montez de quatre-vingt-treize,-83,93
8894,allez de quatre-vingt-treize à gauche et puis montez de quatre-vingt-trois,-93,83
8895,allez de trente et un à gauche et puis montez de cinq,-31,5
8896,allez de soixante-quatre à gauche et puis montez de trente-quatre,-64,34
8897,allez de vingt-deux à gauche et puis montez de trente-sept,-22,37
8898,allez de vingt-six à gauche et puis montez de quatre-vingts,-26,80
8899,allez de quarante et un à gauche et puis montez de quatre-vingt-quatre,-41,84
8900,allez de quatre-vingt-quatre à gauche et puis montez de cent,-84,100
8901,allez de treize à gauche et puis montez de soixante et un,-13,61
8902,allez de quarante-trois à gauche et puis montez de cent,-43,100
8903,allez de quarante et un à gauche et puis montez de quatre-vingt-onze,-41,91
8904,allez de soixante-neuf à gauche et puis montez de quatre-vingt-six,-69,86
8905,allez de trente-six à gauche et puis montez de trente et un,-36,31
8906,allez de douze à gauche et puis montez de soixante-quatorze,-12,74
8907,allez de quatre-vingt-onze à gauche et puis montez de quarante-huit,-91,48
8908,allez de treize à gauche et puis montez de quarante-deux,-13,42
8909,allez de quarante-cinq à gauche et puis montez de quatre-vingt-sept,-45,87
8910,allez de quatre-vingt-quatorze à gauche et puis montez de soixante-quinze,-94,75
8911,allez de dix-sept à gauche et puis montez de quatre-vingt-huit,-17,88
8912,allez de vingt-six à gauche et puis montez de un,-26,1
8913,allez de soixante-quatorze à gauche et puis montez de trente-quatre,-74,34
8914,allez de quatre-vingt-sept à gauche et puis montez de quatre-vingt-trois,-87,83
8915,allez de quarante et un à gauche et puis montez de trente-neuf,-41,39
8916,allez de soixante-dix à gauche et puis montez de quatre-vingt-quinze,-70,95
8917,allez de quarante-neuf à gauche et puis montez de soixante-neuf,-49,69
8918,allez de quatre à gauche et puis montez de quatre-vingt-treize,-4,93
8919,allez de quarante-trois à gauche et puis montez de quatre,-43,4
8920,allez de quatre-vingt-dix-neuf à gauche et puis montez de soixante-dix-sept,-99,77
8921,allez de quatre-vingt-dix-neuf à gauche et puis montez de soixante-cinq,-99,65
8922,allez de soixante-treize à gauche et puis montez de quarante-cinq,-73,45
8923,allez de quarante-neuf à gauche et puis montez de quatre,-49,4
8924,allez de quatre-vingt-dix-huit à gauche et puis montez de soixante et un,-98,61
8925,allez de trente à gauche et puis montez de quatre-vingt-dix-huit,-30,98
8926,allez de quatre-vingt-quatre à gauche et puis montez de quatre-vingt-dix-huit,-84,98
8927,allez de quatre-vingt-trois à gauche et puis montez de quatre-vingt-cinq,-83,85
8928,allez de trente-neuf à gauche et puis montez de cinquante et un,-39,51
8929,allez de quarante et un à gauche et puis montez de quatre-vingt-douze,-41,92
8930,allez de quatre-vingt-quinze à gauche et puis montez de quarante,-95,40
8931,allez de trente et un à gauche et puis montez de soixante-quatre,-31,64
8932,allez de quarante-quatre à gauche et puis montez de dix-neuf,-44,19
8933,allez de cinquante-sept à gauche et puis montez de dix,-57,10
8934,allez de cinquante-trois à gauche et puis montez de seize,-53,16
8935,allez de trois à gauche et puis montez de quarante-cinq,-3,45
8936,allez de treize à gauche et puis montez de deux,-13,2
8937,allez de quatre-vingt-dix-sept à gauche et puis montez de trente-quatre,-97,34
8938,allez de soixante et un à gauche et puis montez de quatre-vingt-cinq,-61,85
8939,allez de trois à gauche et puis montez de vingt-six,-3,26
8940,allez de soixante-trois à gauche et puis montez de treize,-63,13
8941,allez de cinquante et un à gauche et puis montez de vingt et un,-51,21
8942,allez de trente-trois à gauche et puis montez de cinq,-33,5
8943,allez de trente-sept à gauche et puis montez de quatre-vingt-neuf,-37,89
8944,allez de soixante-treize à gauche et puis montez de vingt-cinq,-73,25
8945,allez de vingt-six à gauche et puis montez de seize,-26,16
8946,allez de un à gauche et puis montez de cinquante et un,-1,51
8947,allez de quatre-vingt-quatre à gauche et puis montez de trente,-84,30
8948,allez de trente-neuf à gauche et puis montez de quatre,-39,4
8949,allez de treize à gauche et puis montez de trois,-13,3
8950,allez de quatorze à gauche et puis montez de quarante-quatre,-14,44
8951,allez de quatre-vingt-dix-sept à gauche et puis montez de quatre-vingt-treize,-97,93
8952,allez de deux à gauche et puis montez de soixante,-2,60
8953,allez de quarante-quatre à gauche et puis montez de trente-neuf,-44,39
8954,allez de quatre-vingt-huit à gauche et puis montez de un,-88,1
8955,allez de quatre-vingt-neuf à gauche et puis montez de soixante-neuf,-89,69
8956,allez de trente-sept à gauche et puis montez de quinze,-37,15
8957,allez de quatre-vingt-six à gauche et puis montez de cinquante-cinq,-86,55
8958,allez de soixante-dix-sept à gauche et puis montez de quarante-huit,-77,48
8959,allez de soixante-neuf à gauche et puis montez de trente-six,-69,36
8960,allez de quatre-vingt-deux à gauche et puis montez de sept,-82,7
8961,allez de quatre-vingt-dix-sept à gauche et puis montez de neuf,-97,9
8962,allez de quatre-vingt-dix-neuf à gauche et puis montez de vingt-six,-99,26
8963,allez de trois à gauche et puis montez de sept,-3,7
8964,allez de quarante-quatre à gauche et puis montez de soixante-quatorze,-44,74
8965,allez de vingt à gauche et puis montez de trente-trois,-20,33
8966,allez de cinq à gauche et puis montez de vingt-sept,-5,27
8967,allez de quatre-vingt-treize à gauche et puis montez de soixante-dix-sept,-93,77
8968,allez de quinze à gauche et puis montez de quarante-cinq,-15,45
8969,allez de quatre-vingt-dix-huit à gauche et puis montez de quatre-vingt-treize,-98,93
8970,allez de vingt-six à gauche et puis montez de soixante-treize,-26,73
8971,allez de quatre-vingt-huit à gauche et puis montez de cinquante et un,-88,51
8972,allez de quatorze à gauche et puis montez de vingt-sept,-14,27
8973,allez de soixante-quatorze à gauche et puis montez de deux,-74,2
8974,allez de quarante-deux à gauche et puis montez de soixante-trois,-42,63
8975,allez de soixante-dix-huit à gauche et puis montez de dix,-78,10
8976,allez de quatre-vingt-quinze à gauche et puis montez de quarante-quatre,-95,44
8977,allez de soixante-cinq à gauche et puis montez de quarante-neuf,-65,49
8978,allez de quarante-quatre à gauche et puis montez de sept,-44,7
8979,allez de vingt-cinq à gauche et puis montez de quarante,-25,40
8980,allez de quarante-huit à gauche et puis montez de cinquante-deux,-48,52
8981,allez de douze à gauche et puis montez de cent,-12,100
8982,allez de soixante-huit à gauche et puis montez de trente-huit,-68,38
8983,allez de vingt-quatre à gauche et puis montez de dix-sept,-24,17
8984,allez de cinquante-sept à gauche et puis montez de soixante-huit,-57,68
8985,allez de six à gauche et puis montez de soixante-seize,-6,76
8986,allez de quatre-vingt-douze à gauche et puis montez de quarante-cinq,-92,45
8987,allez de vingt-quatre à gauche et puis montez de cinquante-six,-24,56
8988,allez de soixante-quatorze à gauche et puis montez de vingt-quatre,-74,24
8989,allez de soixante-neuf à gauche et puis montez de quatre-vingt-onze,-69,91
8990,allez de soixante-douze à gauche et puis montez de quatre-vingt-quatre,-72,84
8991,allez de quarante-sept à gauche et puis montez de dix,-47,10
8992,allez de soixante-dix-huit à gauche et puis montez de soixante-treize,-78,73
8993,allez de quatre à gauche et puis montez de soixante-dix-sept,-4,77
8994,allez de trente et un à gauche et puis montez de quatre-vingt-neuf,-31,89
8995,allez de trente-trois à gauche et puis montez de cinquante-six,-33,56
8996,allez de vingt-deux à gauche et puis montez de trente-huit,-22,38
8997,allez de cinquante-huit à gauche et puis montez de quarante-neuf,-58,49
8998,allez de vingt-neuf à gauche et puis montez de soixante-neuf,-29,69
8999,allez de vingt et un à gauche et puis montez de quatre-vingt-huit,-21,88
9000,allez de quatre-vingt-quatre à gauche et puis descendez de trente-trois,-84,-33
9001,allez de quatre-vingt-dix-neuf à gauche et puis descendez de soixante-quinze,-99,-75
9002,allez de vingt-deux à gauche et puis descendez de quatre-vingt-onze,-22,-91
9003,allez de treize à gauche et puis descendez de quarante-neuf,-13,-49
9004,allez de quatre-vingt-treize à gauche et puis descendez de quatre-vingt-trois,-93,-83
9005,allez de quatre-vingt-treize à gauche et puis descendez de trente-trois,-93,-33
9006,allez de cinq à gauche et puis descendez de quatre-vingt-trois,-5,-83
9007,allez de quatre-vingt-dix-sept à gauche et puis descendez de dix,-97,-10
9008,allez de quatre-vingt-trois à gauche et puis descendez de vingt-six,-83,-26
9009,allez de vingt-trois à gauche et puis descendez de quarante-deux,-23,-42
9010,allez de quatre-vingt-onze à gauche et puis descendez de quatre-vingt-onze,-91,-91
9011,allez de six à gauche et puis descendez de dix-sept,-6,-17
9012,allez de trente-quatre à gauche et puis descendez de soixante-cinq,-34,-65
9013,allez de vingt-huit à gauche et puis descendez de quatorze,-28,-14
9014,allez de dix-sept à gauche et puis descendez de vingt-quatre,-17,-24
9015,allez de soixante-dix-sept à gauche et puis descendez de quatorze,-77,-14
9016,allez de quatre-vingts à gauche et puis descendez de trente-trois,-80,-33
9017,allez de soixante-dix à gauche et puis descendez de douze,-70,-12
9018,allez de quarante et un à gauche et puis descendez de vingt-quatre,-41,-24
9019,allez de quatre-vingt-sept à gauche et puis descendez de quatorze,-87,-14
9020,allez de quatre-vingt-sept à gauche et puis descendez de quatre-vingt-douze,-87,-92
9021,allez de quinze à gauche et puis descendez de vingt et un,-15,-21
9022,allez de soixante-neuf à gauche et puis descendez de vingt-neuf,-69,-29
9023,allez de vingt-sept à gauche et puis descendez de soixante-dix-neuf,-27,-79
9024,allez de quatre-vingt-dix-sept à gauche et puis descendez de quatre-vingt-trois,-97,-83
9025,allez de seize à gauche et puis descendez de quatre-vingt-quinze,-16,-95
9026,allez de quatre-vingt-dix-sept à gauche et puis descendez de quatre-vingt-dix-huit,-97,-98
9027,allez de quarante-quatre à gauche et puis descendez de quatre-vingt-quatre,-44,-84
9028,allez de cent à gauche et puis descendez de quatre-vingt-quinze,-100,-95
9029,allez de quatre-vingt-quinze à gauche et puis descendez de quarante-deux,-95,-42
9030,allez de soixante-six à gauche et puis descendez de soixante-deux,-66,-62
9031,allez de quarante-huit à gauche et puis descendez de cinquante-deux,-48,-52
9032,allez de soixante-seize à gauche et puis descendez de soixante-seize,-76,-76
9033,allez de soixante-neuf à gauche et puis descendez de quatre-vingts,-69,-80
9034,allez de trente à gauche et puis descendez de soixante-dix-neuf,-30,-79
9035,allez de trente-six à gauche et puis descendez de quarante-cinq,-36,-45
9036,allez de quarante-quatre à gauche et puis descendez de soixante-neuf,-44,-69
9037,allez de vingt-quatre à gauche et puis descendez de soixante-cinq,-24,-65
9038,allez de vingt-cinq à gauche et puis descendez de trente-neuf,-25,-39
9039,allez de trente-sept à gauche et puis descendez de soixante-sept,-37,-67
9040,allez de quatre-vingt-dix-neuf à gauche et puis descendez de soixante-douze,-99,-72
9041,allez de trente-six à gauche et puis descendez de quatre-vingt-dix-neuf,-36,-99
9042,allez de cinquante-trois à gauche et puis descendez de soixante-seize,-53,-76
9043,allez de cinquante à gauche et puis descendez de vingt-neuf,-50,-29
9044,allez de soixante-neuf à gauche et puis descendez de quatre-vingt-quatre,-69,-84
9045,allez de dix à gauche et puis descendez de quatre-vingt-huit,-10,-88
9046,allez de trente et un à gauche et puis descendez de seize,-31,-16
9047,allez de cent à gauche et puis descendez de vingt-quatre,-100,-24
9048,allez de un à gauche et puis descendez de quarante-trois,-1,-43
9049,allez de dix à gauche et puis descendez de dix,-10,-10
9050,allez de trente-cinq à gauche et puis descendez de vingt-quatre,-35,-24
9051,allez de cinquante à gauche et puis descendez de trente-quatre,-50,-34
9052,allez de vingt-trois à gauche et puis descendez de quarante-huit,-23,-48
9053,allez de neuf à gauche et puis descendez de quatre-vingt-sept,-9,-87
9054,allez de cinquante-quatre à gauche et puis descendez de deux,-54,-2
9055,allez de quatre-vingt-treize à gauche et puis descendez de trente-six,-93,-36
9056,allez de vingt-huit à gauche et puis descendez de vingt-cinq,-28,-25
9057,allez de vingt-deux à gauche et puis descendez de quatre,-22,-4
9058,allez de quatre-vingt-quatre à gauche et puis descendez de vingt-neuf,-84,-29
9059,allez de cent à gauche et puis descendez de huit,-100,-8
9060,allez de quatre-vingt-deux à gauche et puis descendez de quatorze,-82,-14
9061,allez de trente-trois à gauche et puis descendez de soixante et un,-33,-61
9062,allez de soixante-neuf à gauche et puis descendez de quatre-vingt-six,-69,-86
9063,allez de sept à gauche et puis descendez de cent,-7,-100
9064,allez de dix-neuf à gauche et puis descendez de soixante-dix-sept,-19,-77
9065,allez de deux à gauche et puis descendez de quatre-vingt-quinze,-2,-95
9066,allez de douze à gauche et puis descendez de soixante-quinze,-12,-75
9067,allez de quarante-cinq à gauche et puis descendez de cinquante-quatre,-45,-54
9068,allez de vingt-huit à gauche et puis descendez de soixante-neuf,-28,-69
9069,allez de trente-huit à gauche et puis descendez de vingt-sept,-38,-27
9070,allez de quarante et un à gauche et puis descendez de cinquante-huit,-41,-58
9071,allez de vingt-neuf à gauche et puis descendez de quatre-vingt-quatre,-29,-84
9072,allez de soixante-trois à gauche et puis descendez de cinquante-six,-63,-56
9073,allez de trente-cinq à gauche et puis descendez de soixante-douze,-35,-72
9074,allez de vingt-cinq à gauche et puis descendez de cinquante-cinq,-25,-55
9075,allez de quarante-huit à gauche et puis descendez de trente,-48,-30
9076,allez de trente à gauche et puis descendez de soixante-huit,-30,-68
9077,allez de cinquante à gauche et puis descendez de quatre-vingt-deux,-50,-82
9078,allez de huit à gauche et puis descendez de soixante-neuf,-8,-69
9079,allez de quinze à gauche et puis descendez de vingt-neuf,-15,-29
9080,allez de soixante-trois à gauche et puis descendez de sept,-63,-7
9081,allez de quatre-vingt-treize à gauche et puis descendez de quatre-vingt-neuf,-93,-89
9082,allez de trente-quatre à gauche et puis descendez de vingt-sept,-34,-27
9083,allez de soixante-trois à gauche et puis descendez de dix-sept,-63,-17
9084,allez de soixante à gauche et puis descendez de quatre-vingt-dix,-60,-90
9085,allez de trente-sept à gauche et puis descendez de dix-neuf,-37,-19
9086,allez de vingt-cinq à gauche et puis descendez de cinquante,-25,-50
9087,allez de six à gauche et puis descendez de quarante-sept,-6,-47
9088,allez de quarante-six à gauche et puis descendez de quarante-sept,-46,-47
9089,allez de soixante-douze à gauche et puis descendez de six,-72,-6
9090,allez de dix-sept à gauche et puis descendez de trente et un,-17,-31
9091,allez de soixante-sept à gauche et puis descendez de quatre-vingt-douze,-67,-92
9092,allez de quinze à gauche et puis descendez de treize,-15,-13
9093,allez de soixante et un à gauche et puis descendez de treize,-61,-13
9094,allez de un à gauche et puis descendez de vingt-neuf,-1,-29
9095,allez de quarante-trois à gauche et puis descendez de quatre-vingt-dix,-43,-90
9096,allez de trente-cinq à gauche et puis descendez de soixante-treize,-35,-73
9097,allez de quarante-deux à gauche et puis descendez de vingt-trois,-42,-23
9098,allez de soixante-dix-neuf à gauche et puis descendez de cinquante et un,-79,-51
9099,allez de trente et un à gauche et puis descendez de quatre-vingt-seize,-31,-96
9100,allez de trente-huit à gauche et puis descendez de six,-38,-6
9101,allez de dix-huit à gauche et puis descendez de cinquante-sept,-18,-57
9102,allez de cinquante à gauche et puis descendez de soixante et un,-50,-61
9103,allez de vingt-cinq à gauche et puis descendez de quatre-vingt-huit,-25,-88
9104,allez de cent à gauche et puis descendez de cinquante-sept,-100,-57
9105,allez de soixante-seize à gauche et puis descendez de vingt-deux,-76,-22
9106,allez de soixante et onze à gauche et puis descendez de trente-huit,-71,-38
9107,allez de cinq à gauche et puis descendez de vingt-trois,-5,-23
9108,allez de cinquante-six à gauche et puis descendez de six,-56,-6
9109,allez de vingt-huit à gauche et puis descendez de trente-sept,-28,-37
9110,allez de soixante-six à gauche et puis descendez de soixante-huit,-66,-68
9111,allez de soixante-douze à gauche et puis descendez de quatre-vingt-dix,-72,-90
9112,allez de soixante-cinq à gauche et puis descendez de dix-neuf,-65,-19
9113,allez de soixante-deux à gauche et puis descendez de quatorze,-62,-14
9114,allez de soixante-six à gauche et puis descendez de soixante-deux,-66,-62
9115,allez de vingt-cinq à gauche et puis descendez de cinquante-trois,-25,-53
9116,allez de soixante-huit à gauche et puis descendez de quatre-vingt-huit,-68,-88
9117,allez de six à gauche et puis descendez de quatre-vingts,-6,-80
9118,allez de quatre-vingt-dix-huit à gauche et puis descendez de quatre-vingt-cinq,-98,-85
9119,allez de soixante-huit à gauche et puis descendez de dix,-68,-10
9120,allez de trois à gauche et puis descendez de seize,-3,-16
9121,allez de dix-huit à gauche et puis descendez de cinquante-sept,-18,-57
9122,allez de quatre-vingt-quinze à gauche et puis descendez de quatre-vingt-neuf,-95,-89
9123,allez de onze à gauche et puis descendez de quatre-vingt-dix-huit,-11,-98
9124,allez de quatre-vingt-dix-huit à gauche et puis descendez de soixante et un,-98,-61
9125,allez de vingt-six à gauche et puis descendez de vingt-huit,-26,-28
9126,allez de seize à gauche et puis descendez de trente,-16,-30
9127,allez de soixante-quatorze à gauche et puis descendez de quatre-vingt-trois,-74,-83
9128,allez de quatre-vingt-deux à gauche et puis descendez de quarante-huit,-82,-48
9129,allez de dix-neuf à gauche et puis descendez de trente-cinq,-19,-35
9130,allez de un à gauche et puis descendez de vingt-trois,-1,-23
9131,allez de soixante-dix-sept à gauche et puis descendez de trois,-77,-3
9132,allez de quarante-cinq à gauche et puis descendez de douze,-45,-12
9133,allez de quatre-vingt-seize à gauche et puis descendez de treize,-96,-13
9134,allez de quatre-vingt-dix-sept à gauche et puis descendez de cinquante-huit,-97,-58
9135,allez de quatre-vingt-six à gauche et puis descendez de quatre-vingt-quatre,-86,-84
9136,allez de cinquante à gauche et puis descendez de cinq,-50,-5
9137,allez de soixante-quatre à gauche et puis descendez de cinquante-quatre,-64,-54
9138,allez de cinquante-trois à gauche et puis descendez de cinquante-cinq,-53,-55
9139,allez de un à gauche et puis descendez de soixante-treize,-1,-73
9140,allez de trente-quatre à gauche et puis descendez de soixante,-34,-60
9141,allez de soixante-six à gauche et puis descendez de trente-trois,-66,-33
9142,allez de trente-sept à gauche et puis descendez de quatre-vingt-quatre,-37,-84
9143,allez de quatre à gauche et puis descendez de trente-neuf,-4,-39
9144,allez de neuf à gauche et puis descendez de trente-huit,-9,-38
9145,allez de six à gauche et puis descendez de quatre-vingt-un,-6,-81
9146,allez de soixante-quatre à gauche et puis descendez de sept,-64,-7
9147,allez de soixante-trois à gauche et puis descendez de cinquante-huit,-63,-58
9148,allez de quarante-huit à gauche et puis descendez de trente et un,-48,-31
9149,allez de quarante-quatre à gauche et puis descendez de vingt-quatre,-44,-24
9150,allez de trente et un à gauche et puis descendez de trente-neuf,-31,-39
9151,allez de vingt-quatre à gauche et puis descendez de cinquante-huit,-24,-58
9152,allez de dix-neuf à gauche et puis descendez de trente,-19,-30
9153,allez de vingt à gauche et puis descendez de quatre-vingt-dix,-20,-90
9154,allez de soixante-neuf à gauche et puis descendez de quarante-six,-69,-46
9155,allez de cinquante-cinq à gauche et puis descendez de cinquante-cinq,-55,-55
9156,allez de trente-quatre à gauche et puis descendez de soixante,-34,-60
9157,allez de quatre-vingt-quatorze à gauche et puis descendez de quatre-vingt-dix-neuf,-94,-99
9158,allez de trente-deux à gauche et puis descendez de cinquante-trois,-32,-53
9159,allez de cinquante-sept à gauche et puis descendez de quatre,-57,-4
9160,allez de vingt-deux à gauche et puis descendez de trente-quatre,-22,-34
9161,allez de trente-deux à gauche et puis descendez de quatre-vingt-seize,-32,-96
9162,allez de sept à gauche et puis descendez de trente-cinq,-7,-35
9163,allez de quarante-trois à gauche et puis descendez de neuf,-43,-9
9164,allez de treize à gauche et puis descendez de soixante-dix-sept,-13,-77
9165,allez de quarante-cinq à gauche et puis descendez de soixante-trois,-45,-63
9166,allez de neuf à gauche et puis descendez de cinquante-sept,-9,-57
9167,allez de trente-huit à gauche et puis descendez de cinquante et un,-38,-51
9168,allez de sept à gauche et puis descendez de dix-huit,-7,-18
9169,allez de dix-neuf à gauche et puis descendez de six,-19,-6
9170,allez de quatre-vingt-treize à gauche et puis descendez de soixante-huit,-93,-68
9171,allez de quarante-quatre à gauche et puis descendez de trente-neuf,-44,-39
9172,allez de quatre-vingt-six à gauche et puis descendez de soixante-seize,-86,-76
9173,allez de quatre-vingt-neuf à gauche et puis descendez de vingt et un,-89,-21
9174,allez de cinquante-deux à gauche et puis descendez de quatre-vingt-quinze,-52,-95
9175,allez de trente et un à gauche et puis descendez de cinq,-31,-5
9176,allez de soixante-treize à gauche et puis descendez de cinquante-huit,-73,-58
9177,allez de cinquante-quatre à gauche et puis descendez de quatre-vingt-treize,-54,-93
9178,allez de trente-deux à gauche et puis descendez de soixante-cinq,-32,-65
9179,allez de soixante-quatorze à gauche et puis descendez de cinquante-huit,-74,-58
9180,allez de trente-huit à gauche et puis descendez de vingt-sept,-38,-27
9181,allez de trente et un à gauche et puis descendez de soixante-six,-31,-66
9182,allez de douze à gauche et puis descendez de quatre-vingt-quatorze,-12,-94
9183,allez de vingt-deux à gauche et puis descendez de trente-trois,-22,-33
9184,allez de quatre-vingt-deux à gauche et puis descendez de soixante et onze,-82,-71
9185,allez de soixante-seize à gauche et puis descendez de trente-sept,-76,-37
9186,allez de cinquante-quatre à gauche et puis descendez de soixante-sept,-54,-67
9187,allez de trois à gauche et puis descendez de quatre-vingt-seize,-3,-96
9188,allez de soixante et un à gauche et puis descendez de treize,-61,-13
9189,allez de sept à gauche et puis descendez de soixante-deux,-7,-62
9190,allez de vingt-neuf à gauche et puis descendez de soixante-six,-29,-66
9191,allez de soixante-dix à gauche et puis descendez de cinquante-six,-70,-56
9192,allez de vingt-quatre à gauche et puis descendez de quatre,-24,-4
9193,allez de cinquante-six à gauche et puis descendez de trente-trois,-56,-33
9194,allez de cent à gauche et puis descendez de neuf,-100,-9
9195,allez de seize à gauche et puis descendez de quatre-vingt-sept,-16,-87
9196,allez de soixante-huit à gauche et puis descendez de quatre-vingt-treize,-68,-93
9197,allez de soixante-treize à gauche et puis descendez de huit,-73,-8
9198,allez de trente-neuf à gauche et puis descendez de soixante-quatre,-39,-64
9199,allez de soixante à gauche et puis descendez de soixante-huit,-60,-68
9200,allez de quarante-cinq à gauche et puis descendez de seize,-45,-16
9201,allez de quatre-vingt-neuf à gauche et puis descendez de soixante-quinze,-89,-75
9202,allez de vingt-deux à gauche et puis descendez de soixante,-22,-60
9203,allez de soixante et un à gauche et puis descendez de trente-neuf,-61,-39
9204,allez de dix à gauche et puis descendez de quatre-vingt-dix-neuf,-10,-99
9205,allez de cinquante-trois à gauche et puis descendez de quatre-vingt-quatre,-53,-84
9206,allez de vingt-neuf à gauche et puis descendez de quarante et un,-29,-41
9207,allez de soixante-deux à gauche et puis descendez de trente-neuf,-62,-39
9208,allez de quatre-vingt-sept à gauche et puis descendez de quatre-vingt-trois,-87,-83
9209,allez de cinquante-neuf à gauche et puis descendez de vingt-six,-59,-26
9210,allez de quarante-huit à gauche et puis descendez de trente-sept,-48,-37
9211,allez de quatre-vingt-trois à gauche et puis descendez de soixante-huit,-83,-68
9212,allez de cinquante-huit à gauche et puis descendez de soixante-cinq,-58,-65
9213,allez de cinquante-huit à gauche et puis descendez de quarante-trois,-58,-43
9214,allez de soixante à gauche et puis descendez de quatre-vingt-six,-60,-86
9215,allez de quatre-vingt-neuf à gauche et puis descendez de soixante-quatorze,-89,-74
9216,allez de quarante-sept à gauche et puis descendez de quatre-vingt-sept,-47,-87
9217,allez de vingt-quatre à gauche et puis descendez de soixante-dix-neuf,-24,-79
9218,allez de cinquante-six à gauche et puis descendez de trente-sept,-56,-37
9219,allez de quatre-vingt-neuf à gauche et puis descendez de sept,-89,-7
9220,allez de quarante-cinq à gauche et puis descendez de cinquante et un,-45,-51
9221,allez de cinquante-quatre à gauche et puis descendez de soixante-douze,-54,-72
9222,allez de quatre-vingt-dix à gauche et puis descendez de cinquante-huit,-90,-58
9223,allez de cinquante-trois à gauche et puis descendez de vingt-six,-53,-26
9224,allez de quatre-vingt-quatre à gauche et puis descendez de quatre-vingt-quatre,-84,-84
9225,allez de quatre-vingt-treize à gauche et puis descendez de quatre-vingt-trois,-93,-83
9226,allez de quatre-vingt-deux à gauche et puis descendez de soixante-neuf,-82,-69
9227,allez de quarante à gauche et puis descendez de vingt-cinq,-40,-25
9228,allez de quatre-vingt-dix à gauche et puis descendez de quatre-vingt-six,-90,-86
9229,allez de quatre-vingt-quatorze à gauche et puis descendez de soixante-quinze,-94,-75
9230,allez de quarante et un à gauche et puis descendez de quatre-vingt-trois,-41,-83
9231,allez de quarante-huit à gauche et puis descendez de quatre-vingt-quatre,-48,-84
9232,allez de quatre à gauche et puis descendez de dix-sept,-4,-17
9233,allez de soixante-dix-sept à gauche et puis descendez de vingt-huit,-77,-28
9234,allez de quarante-six à gauche et puis descendez de dix,-46,-10
9235,allez de vingt à gauche et puis descendez de soixante-sept,-20,-67
9236,allez de vingt-deux à gauche et puis descendez de dix,-22,-10
9237,allez de quatre-vingt-dix-neuf à gauche et puis descendez de soixante-trois,-99,-63
9238,allez de vingt-sept à gauche et puis descendez de soixante-treize,-27,-73
9239,allez de douze à gauche et puis descendez de sept,-12,-7
9240,allez de soixante-quinze à gauche et puis descendez de vingt-deux,-75,-22
9241,allez de soixante-quatorze à gauche et puis descendez de quarante-deux,-74,-42
9242,allez de quatre-vingt-treize à gauche et puis descendez de soixante-quatre,-93,-64
9243,allez de quatre-vingt-deux à gauche et puis descendez de trente-six,-82,-36
9244,allez de vingt à gauche et puis descendez de soixante,-20,-60
9245,allez de quatre-vingt-onze à gauche et puis descendez de quarante-cinq,-91,-45
9246,allez de trente à gauche et puis descendez de huit,-30,-8
9247,allez de soixante-douze à gauche et puis descendez de un,-72,-1
9248,allez de cinquante-cinq à gauche et puis descendez de quarante et un,-55,-41
9249,allez de vingt-neuf à gauche et puis descendez de cinquante-sept,-29,-57
9250,allez de cinquante-trois à gauche et puis descendez de soixante-douze,-53,-72
9251,allez de vingt-deux à gauche et puis descendez de quarante-deux,-22,-42
9252,allez de quatre-vingts à gauche et puis descendez de quarante-trois,-80,-43
9253,allez de soixante-dix-neuf à gauche et puis descendez de vingt-cinq,-79,-25
9254,allez de vingt-cinq à gauche et puis descendez de quatre-vingt-dix-neuf,-25,-99
9255,allez de quatre-vingt-quinze à gauche et puis descendez de quatre-vingt-un,-95,-81
9256,allez de quatre-vingt-deux à gauche et puis descendez de cinquante-sept,-82,-57
9257,allez de trente-quatre à gauche et puis descendez de cinquante et un,-34,-51
9258,allez de vingt-quatre à gauche et puis descendez de quatre-vingt-douze,-24,-92
9259,allez de quatre-vingt-onze à gauche et puis descendez de cinq,-91,-5
9260,allez de soixante-trois à gauche et puis descendez de deux,-63,-2
9261,allez de quatre-vingt-quatre à gauche et puis descendez de quatre,-84,-4
9262,allez de quatre-vingts à gauche et puis descendez de vingt,-80,-20
9263,allez de vingt-neuf à gauche et puis descendez de cinquante,-29,-50
9264,allez de soixante-six à gauche et puis descendez de soixante et onze,-66,-71
9265,allez de vingt-six à gauche et puis descendez de cinq,-26,-5
9266,allez de cinquante-cinq à gauche et puis descendez de soixante-trois,-55,-63
9267,allez de trente à gauche et puis descendez de sept,-30,-7
9268,allez de trente-six à gauche et puis descendez de soixante-six,-36,-66
9269,allez de six à gauche et puis descendez de vingt,-6,-20
9270,allez de vingt et un à gauche et puis descendez de soixante-seize,-21,-76
9271,allez de quatre-vingt-cinq à gauche et puis descendez de cent,-85,-100
9272,allez de sept à gauche et puis descendez de trente,-7,-30
9273,allez de soixante-seize à gauche et puis descendez de dix-neuf,-76,-19
9274,allez de soixante-douze à gauche et puis descendez de trente-quatre,-72,-34
9275,allez de soixante-huit à gauche et puis descendez de six,-68,-6
9276,allez de dix-neuf à gauche et puis descendez de vingt-huit,-19,-28
9277,allez de quatre-vingt-un à gauche et puis descendez de vingt-six,-81,-26
9278,allez de vingt-neuf à gauche et puis descendez de vingt-six,-29,-26
9279,allez de quarante et un à gauche et puis descendez de cinquante-sept,-41,-57
9280,allez de trente-neuf à gauche et puis descendez de vingt-cinq,-39,-25
9281,allez de dix-neuf à gauche et puis descendez de soixante-seize,-19,-76
9282,allez de neuf à gauche et puis descendez de vingt-quatre,-9,-24
9283,allez de quatre-vingt-quatorze à gauche et puis descendez de soixante-six,-94,-66
9284,allez de trente-neuf à gauche et puis descendez de quarante-neuf,-39,-49
9285,allez de quatre-vingt-trois à gauche et puis descendez de soixante-quatorze,-83,-74
9286,allez de soixante à gauche et puis descendez de quatre-vingt-treize,-60,-93
9287,allez de vingt-six à gauche et puis descendez de cinquante-cinq,-26,-55
9288,allez de quatre-vingt-seize à gauche et puis descendez de trente-neuf,-96,-39
9289,allez de quarante-huit à gauche et puis descendez de soixante-huit,-48,-68
9290,allez de trente-sept à gauche et puis descendez de sept,-37,-7
9291,allez de quatre-vingt-dix à gauche et puis descendez de douze,-90,-12
9292,allez de quatre-vingt-huit à gauche et puis descendez de vingt-trois,-88,-23
9293,allez de trente-neuf à gauche et puis descendez de quatre-vingt-deux,-39,-82
9294,allez de trois à gauche et puis descendez de quarante-sept,-3,-47
9295,allez de soixante-dix-neuf à gauche et puis descendez de soixante-seize,-79,-76
9296,allez de soixante-sept à gauche et puis descendez de soixante-douze,-67,-72
9297,allez de vingt-sept à gauche et puis descendez de dix-sept,-27,-17
9298,allez de cinquante-sept à gauche et puis descendez de quatre-vingt-quatorze,-57,-94
9299,allez de soixante-douze à gauche et puis descendez de soixante-dix-sept,-72,-77
9300,allez de quatre-vingt-seize à gauche et puis descendez de seize,-96,-16
9301,allez de cinquante-six à gauche et puis descendez de cinquante-huit,-56,-58
9302,allez de quatre-vingt-dix-sept à gauche et puis descendez de un,-97,-1
9303,allez de soixante-quatorze à gauche et puis descendez de cinquante-huit,-74,-58
9304,allez de cinquante-cinq à gauche et puis descendez de trois,-55,-3
9305,allez de quatre-vingt-quatorze à gauche et puis descendez de six,-94,-6
9306,allez de soixante-six à gauche et puis descendez de cinquante-deux,-66,-52
9307,allez de quarante-deux à gauche et puis descendez de trente-deux,-42,-32
9308,allez de quarante-huit à gauche et puis descendez de quatre-vingt-seize,-48,-96
9309,allez de soixante à gauche et puis descendez de quarante et un,-60,-41
9310,allez de quatre-vingt-six à gauche et puis descendez de trente-sept,-86,-37
9311,allez de cinquante-six à gauche et puis descendez de quarante et un,-56,-41
9312,allez de quatre-vingt-deux à gauche et puis descendez de quatre-vingt-neuf,-82,-89
9313,allez de trente-neuf à gauche et puis descendez de quatre-vingt-douze,-39,-92
9314,allez de cinquante-cinq à gauche et puis descendez de quarante,-55,-40
9315,allez de six à gauche et puis descendez de trente-trois,-6,-33
9316,allez de cent à gauche et puis descendez de cinq,-100,-5
9317,allez de quatre-vingt-douze à gauche et puis descendez de sept,-92,-7
9318,allez de neuf à gauche et puis descendez de huit,-9,-8
9319,allez de soixante-sept à gauche et puis descendez de seize,-67,-16
9320,allez de soixante et un à gauche et puis descendez de cinquante-deux,-61,-52
9321,allez de vingt-trois à gauche et puis descendez de cent,-23,-100
9322,allez de quatre-vingt-neuf à gauche et puis descendez de trois,-89,-3
9323,allez de quatre-vingt-dix à gauche et puis descendez de cent,-90,-100
9324,allez de quatre-vingt-six à gauche et puis descendez de soixante-dix-neuf,-86,-79
9325,allez de quarante-neuf à gauche et puis descendez de dix,-49,-10
9326,allez de cinquante et un à gauche et puis descendez de cinquante et un,-51,-51
9327,allez de quatre-vingt-treize à gauche et puis descendez de cinquante-neuf,-93,-59
9328,allez de cinquante-quatre à gauche et puis descendez de soixante et onze,-54,-71
9329,allez de soixante-douze à gauche et puis descendez de quatre-vingt-deux,-72,-82
9330,allez de vingt-huit à gauche et puis descendez de cinquante-quatre,-28,-54
9331,allez de dix-sept à gauche et puis descendez de vingt-quatre,-17,-24
9332,allez de quatre-vingt-sept à gauche et puis descendez de vingt-deux,-87,-22
9333,allez de cinquante à gauche et puis descendez de sept,-50,-7
9334,allez de vingt-sept à gauche et puis descendez de quatre-vingt-sept,-27,-87
9335,allez de vingt et un à gauche et puis descendez de soixante-quinze,-21,-75
9336,allez de quatre-vingt-treize à gauche et puis descendez de dix,-93,-10
9337,allez de seize à gauche et puis descendez de dix-huit,-16,-18
9338,allez de vingt-neuf à gauche et puis descendez de soixante-seize,-29,-76
9339,allez de quatorze à gauche et puis descendez de soixante et onze,-14,-71
9340,allez de trente-neuf à gauche et puis descendez de quatre,-39,-4
9341,allez de quarante-neuf à gauche et puis descendez de huit,-49,-8
9342,allez de vingt-deux à gauche et puis descendez de cinquante-cinq,-22,-55
9343,allez de huit à gauche et puis descendez de cinquante-sept,-8,-57
9344,allez de soixante-neuf à gauche et puis descendez de quatre-vingt-deux,-69,-82
9345,allez de cinquante-cinq à gauche et puis descendez de quinze,-55,-15
9346,allez de vingt-sept à gauche et puis descendez de trente-sept,-27,-37
9347,allez de huit à gauche et puis descendez de deux,-8,-2
9348,allez de vingt-huit à gauche et puis descendez de quatre-vingt-dix-huit,-28,-98
9349,allez de neuf à gauche et puis descendez de quatre-vingt-seize,-9,-96
9350,allez de cinq à gauche et puis descendez de deux,-5,-2
9351,allez de dix-sept à gauche et puis descendez de quatre-vingt-neuf,-17,-89
9352,allez de quatre-vingt-dix-huit à gauche et puis descendez de quatre-vingt-quinze,-98,-95
9353,allez de cinq à gauche et puis descendez de trente-quatre,-5,-34
9354,allez de quatre-vingt-dix-neuf à gauche et puis descendez de quatre-vingts,-99,-80
9355,allez de trente et un à gauche et puis descendez de cinquante,-31,-50
9356,allez de quatre-vingt-dix-sept à gauche et puis descendez de vingt-six,-97,-26
9357,allez de cinquante-deux à gauche et puis descendez de quatre-vingt-deux,-52,-82
9358,allez de quatre-vingt-trois à gauche et puis descendez de quatre-vingt-treize,-83,-93
9359,allez de quatre-vingt-quinze à gauche et puis descendez de vingt,-95,-20
9360,allez de soixante-quinze à gauche et puis descendez de quatre-vingt-trois,-75,-83
9361,allez de vingt-six à gauche et puis descendez de vingt-six,-26,-26
9362,allez de quatre-vingt-deux à gauche et puis descendez de quarante-six,-82,-46
9363,allez de dix-neuf à gauche et puis descendez de huit,-19,-8
9364,allez de quatre-vingt-neuf à gauche et puis descendez de quatre-vingt-quinze,-89,-95
9365,allez de onze à gauche et puis descendez de cinquante-cinq,-11,-55
9366,allez de soixante-dix-huit à gauche et puis descendez de quatre-vingt-seize,-78,-96
9367,allez de quatre-vingt-onze à gauche et puis descendez de trente-deux,-91,-32
9368,allez de soixante-douze à gauche et puis descendez de soixante-quatorze,-72,-74
9369,allez de quarante-cinq à gauche et puis descendez de quatre-vingts,-45,-80
9370,allez de trente-quatre à gauche et puis descendez de vingt-trois,-34,-23
9371,allez de soixante-douze à gauche et puis descendez de trente-deux,-72,-32
9372,allez de quatre-vingts à gauche et puis descendez de quarante et un,-80,-41
9373,allez de quatre-vingt-douze à gauche et puis descendez de un,-92,-1
9374,allez de soixante-dix-sept à gauche et puis descendez de cinquante-deux,-77,-52
9375,allez de soixante-quinze à gauche et puis descendez de trente-sept,-75,-37
9376,allez de trente-cinq à gauche et puis descendez de cent,-35,-100
9377,allez de vingt-six à gauche et puis descendez de deux,-26,-2
9378,allez de quatre à gauche et puis descendez de soixante-sept,-4,-67
9379,allez de soixante à gauche et puis descendez de vingt et un,-60,-21
9380,allez de soixante-quatorze à gauche et puis descendez de dix-sept,-74,-17
9381,allez de cinquante-deux à gauche et puis descendez de trente-huit,-52,-38
9382,allez de cinquante-deux à gauche et puis descendez de quatre-vingt-quinze,-52,-95
9383,allez de quatre-vingt-dix-sept à gauche et puis descendez de soixante et un,-97,-61
9384,allez de cinquante et un à gauche et puis descendez de dix-huit,-51,-18
9385,allez de quatre-vingt-huit à gauche et puis descendez de douze,-88,-12
9386,allez de soixante-seize à gauche et puis descendez de vingt et un,-76,-21
9387,allez de dix-sept à gauche et puis descendez de quatre-vingt-treize,-17,-93
9388,allez de soixante-quinze à gauche et puis descendez de vingt-neuf,-75,-29
9389,allez de quatre-vingt-dix-neuf à gauche et puis descendez de soixante-treize,-99,-73
9390,allez de cinquante-huit à gauche et puis descendez de soixante-quatre,-58,-64
9391,allez de quatre-vingt-trois à gauche et puis descendez de vingt-deux,-83,-22
9392,allez de soixante-six à gauche et puis descendez de cinquante-huit,-66,-58
9393,allez de quatorze à gauche et puis descendez de quatre-vingt-un,-14,-81
9394,allez de quatre-vingt-trois à gauche et puis descendez de trente-cinq,-83,-35
9395,allez de trente-cinq à gauche et puis descendez de trente-sept,-35,-37
9396,allez de six à gauche et puis descendez de trois,-6,-3
9397,allez de trente-quatre à gauche et puis descendez de trente-quatre,-34,-34
9398,allez de cinquante-six à gauche et puis descendez de quatre-vingt-trois,-56,-83
9399,allez de soixante-deux à gauche et puis descendez de quarante-six,-62,-46
9400,allez de cinquante-cinq à gauche et puis descendez de soixante-trois,-55,-63
9401,allez de soixante-quatorze à gauche et puis descendez de quarante-trois,-74,-43
9402,allez de quarante-six à gauche et puis descendez de quatre-vingt-dix-huit,-46,-98
9403,allez de trente et un à gauche et puis descendez de quatre-vingt-huit,-31,-88
9404,allez de un à gauche et puis descendez de quarante et un,-1,-41
9405,allez de soixante-douze à gauche et puis descendez de quatre-vingt-sept,-72,-87
9406,allez de cinquante-six à gauche et puis descendez de soixante et onze,-56,-71
9407,allez de quarante et un à gauche et puis descendez de vingt-deux,-41,-22
9408,allez de douze à gauche et puis descendez de quatre-vingt-dix-sept,-12,-97
9409,allez de douze à gauche et puis descendez de quarante-cinq,-12,-45
9410,allez de quarante et un à gauche et puis descendez de quatre-vingt-huit,-41,-88
9411,allez de quatre-vingt-sept à gauche et puis descendez de cinquante-sept,-87,-57
9412,allez de vingt-cinq à gauche et puis descendez de quatre-vingt-seize,-25,-96
9413,allez de vingt-trois à gauche et puis descendez de cinq,-23,-5
9414,allez de cinq à gauche et puis descendez de dix-huit,-5,-18
9415,allez de soixante-huit à gauche et puis descendez de dix-neuf,-68,-19
9416,allez de trente-quatre à gauche et puis descendez de quatre-vingt-quatre,-34,-84
9417,allez de vingt-trois à gauche et puis descendez de cinquante-sept,-23,-57
9418,allez de soixante-trois à gauche et puis descendez de vingt-deux,-63,-22
9419,allez de trente-sept à gauche et puis descendez de soixante-sept,-37,-67
9420,allez de soixante-neuf à gauche et puis descendez de dix,-69,-10
9421,allez de soixante-dix-neuf à gauche et puis descendez de quatre-vingt-cinq,-79,-85
9422,allez de cinquante à gauche et puis descendez de soixante-quinze,-50,-75
9423,allez de quarante à gauche et puis descendez de soixante-trois,-40,-63
9424,allez de quatre-vingt-sept à gauche et puis descendez de soixante,-87,-60
9425,allez de soixante à gauche et puis descendez de vingt-six,-60,-26
9426,allez de quatre-vingt-deux à gauche et puis descendez de huit,-82,-8
9427,allez de trente-quatre à gauche et puis descendez de quatre-vingt-sept,-34,-87
9428,allez de quarante-six à gauche et puis descendez de quarante-deux,-46,-42
9429,allez de soixante-dix-sept à gauche et puis descendez de quatre-vingt-quinze,-77,-95
9430,allez de sept à gauche et puis descendez de dix,-7,-10
9431,allez de quatre-vingt-trois à gauche et puis descendez de cinquante-huit,-83,-58
9432,allez de quarante-neuf à gauche et puis descendez de quatre-vingt-deux,-49,-82
9433,allez de quatre-vingt-trois à gauche et puis descendez de trente-quatre,-83,-34
9434,allez de quatre-vingt-seize à gauche et puis descendez de quinze,-96,-15
9435,allez de sept à gauche et puis descendez de quarante-cinq,-7,-45
9436,allez de soixante-neuf à gauche et puis descendez de soixante-cinq,-69,-65
9437,allez de six à gauche et puis descendez de huit,-6,-8
9438,allez de quatre-vingt-onze à gauche et puis descendez de deux,-91,-2
9439,allez de quarante à gauche et puis descendez de quatre-vingt-treize,-40,-93
9440,allez de quarante-deux à gauche et puis descendez de soixante-sept,-42,-67
9441,allez de vingt-quatre à gauche et puis descendez de quatre-vingts,-24,-80
9442,allez de quatre-vingt-dix-neuf à gauche et puis descendez de trente-quatre,-99,-34
9443,allez de soixante-six à gauche et puis descendez de trente-six,-66,-36
9444,allez de cinq à gauche et puis descendez de seize,-5,-16
9445,allez de quatre-vingt-un à gauche et puis descendez de trois,-81,-3
9446,allez de quatre-vingt-huit à gauche et puis descendez de seize,-88,-16
9447,allez de douze à gauche et puis descendez de quarante-six,-12,-46
9448,allez de quatre-vingt-un à gauche et puis descendez de trente-quatre,-81,-34
9449,allez de vingt-deux à gauche et puis descendez de soixante-dix,-22,-70
9450,allez de soixante-dix-sept à gauche et puis descendez de huit,-77,-8
9451,allez de quarante-deux à gauche et puis descendez de trente-six,-42,-36
9452,allez de quinze à gauche et puis descendez de soixante-trois,-15,-63
9453,allez de vingt-neuf à gauche et puis descendez de cinquante-trois,-29,-53
9454,allez de quatre à gauche et puis descendez de trente et un,-4,-31
9455,allez de trente-six à gauche et puis descendez de cinquante et un,-36,-51
9456,allez de quatorze à gauche et puis descendez de trente,-14,-30
9457,allez de soixante-sept à gauche et puis descendez de trente-trois,-67,-33
9458,allez de soixante-dix-huit à gauche et puis descendez de quatre-vingt-un,-78,-81
9459,allez de cent à gauche et puis descendez de quatorze,-100,-14
9460,allez de quarante-quatre à gauche et puis descendez de deux,-44,-2
9461,allez de quatre-vingt-deux à gauche et puis descendez de soixante-quatre,-82,-64
9462,allez de deux à gauche et puis descendez de dix-neuf,-2,-19
9463,allez de seize à gauche et puis descendez de vingt-neuf,-16,-29
9464,allez de quarante-quatre à gauche et puis descendez de cinquante-huit,-44,-58
9465,allez de cinquante-deux à gauche et puis descendez de trente-huit,-52,-38
9466,allez de trente et un à gauche et puis descendez de quatre-vingt-deux,-31,-82
9467,allez de trente-neuf à gauche et puis descendez de soixante et un,-39,-61
9468,allez de cinquante-quatre à gauche et puis descendez de soixante-dix-neuf,-54,-79
9469,allez de sept à gauche et puis descendez de quarante,-7,-40
9470,allez de soixante-dix-sept à gauche et puis descendez de quatre-vingt-seize,-77,-96
9471,allez de vingt-huit à gauche et puis descendez de cinquante-six,-28,-56
9472,allez de soixante-treize à gauche et puis descendez de trente-deux,-73,-32
9473,allez de quarante-huit à gauche et puis descendez de vingt-neuf,-48,-29
9474,allez de soixante-trois à gauche et puis descendez de soixante-sept,-63,-67
9475,allez de quatre-vingt-quatorze à gauche et puis descendez de cinquante-sept,-94,-57
9476,allez de cinquante-cinq à gauche et puis descendez de soixante-deux,-55,-62
9477,allez de soixante-cinq à gauche et puis descendez de quatre-vingt-cinq,-65,-85
9478,allez de trente-six à gauche et puis descendez de soixante-douze,-36,-72
9479,allez de trente à gauche et puis descendez de trente-quatre,-30,-34
9480,allez de vingt-huit à gauche et puis descendez de sept,-28,-7
9481,allez de soixante-quinze à gauche et puis descendez de vingt-cinq,-75,-25
9482,allez de cinquante à gauche et puis descendez de vingt-cinq,-50,-25
9483,allez de dix à gauche et puis descendez de vingt et un,-10,-21
9484,allez de six à gauche et puis descendez de quarante-neuf,-6,-49
9485,allez de soixante-cinq à gauche et puis descendez de treize,-65,-13
9486,allez de quatre-vingt-un à gauche et puis descendez de quarante-deux,-81,-42
9487,allez de soixante à gauche et puis descendez de soixante et un,-60,-61
9488,allez de quatre-vingt-onze à gauche et puis descendez de trente,-91,-30
9489,allez de trente-deux à gauche et puis descendez de quarante-quatre,-32,-44
9490,allez de quatre-vingt-sept à gauche et puis descendez de quatre-vingt-six,-87,-86
9491,allez de cinquante à gauche et puis descendez de quatre-vingts,-50,-80
9492,allez de quatre-vingt-deux à gauche et puis descendez de quatre-vingt-sept,-82,-87
9493,allez de huit à gauche et puis descendez de onze,-8,-11
9494,allez de soixante à gauche et puis descendez de vingt-quatre,-60,-24
9495,allez de soixante-treize à gauche et puis descendez de cent,-73,-100
9496,allez de quarante et un à gauche et puis descendez de soixante-quinze,-41,-75
9497,allez de quatre-vingt-dix-neuf à gauche et puis descendez de vingt-sept,-99,-27
9498,allez de cinquante et un à gauche et puis descendez de cinquante-cinq,-51,-55
9499,allez de quatre-vingt-dix à gauche et puis descendez de quarante-trois,-90,-43
9500,allez de cinquante à gauche et puis descendez de trente-quatre,-50,-34
9501,allez de soixante-douze à gauche et puis descendez de soixante et onze,-72,-71
9502,allez de quarante-cinq à gauche et puis descendez de douze,-45,-12
9503,allez de huit à gauche et puis descendez de vingt-sept,-8,-27
9504,allez de vingt-quatre à gauche et puis descendez de quarante-six,-24,-46
9505,allez de soixante-dix-huit à gauche et puis descendez de dix-neuf,-78,-19
9506,allez de trois à gauche et puis descendez de cinquante-six,-3,-56
9507,allez de cinq à gauche et puis descendez de deux,-5,-2
9508,allez de vingt-neuf à gauche et puis descendez de quatre-vingt-dix-huit,-29,-98
9509,allez de quatorze à gauche et puis descendez de quatre-vingt-cinq,-14,-85
9510,allez de cinquante-quatre à gauche et puis descendez de quatre-vingt-dix-sept,-54,-97
9511,allez de quatre-vingt-onze à gauche et puis descendez de soixante-dix-huit,-91,-78
9512,allez de quatorze à gauche et puis descendez de vingt-trois,-14,-23
9513,allez de quarante-trois à gauche et puis descendez de soixante-neuf,-43,-69
9514,allez de cinq à gauche et puis descendez de trois,-5,-3
9515,allez de quarante-cinq à gauche et puis descendez de cinquante-trois,-45,-53
9516,allez de quarante à gauche et puis descendez de trente-deux,-40,-32
9517,allez de quarante-trois à gauche et puis descendez de trente-trois,-43,-33
9518,allez de quarante-six à gauche et puis descendez de vingt,-46,-20
9519,allez de vingt-cinq à gauche et puis descendez de quatre-vingt-dix-huit,-25,-98
9520,allez de quatre-vingt-dix-sept à gauche et puis descendez de quatre-vingt-quinze,-97,-95
9521,allez de vingt-quatre à gauche et puis descendez de cinquante-quatre,-24,-54
9522,allez de cinquante-sept à gauche et puis descendez de quarante-cinq,-57,-45
9523,allez de trois à gauche et puis descendez de quatre-vingt-quinze,-3,-95
9524,allez de vingt-cinq à gauche et puis descendez de quatre-vingt-neuf,-25,-89
9525,allez de vingt-six à gauche et puis descendez de soixante-deux,-26,-62
9526,allez de vingt-cinq à gauche et puis descendez de trente-trois,-25,-33
9527,allez de quatre-vingt-six à gauche et puis descendez de quarante-trois,-86,-43
9528,allez de neuf à gauche et puis descendez de quatre-vingt-un,-9,-81
9529,allez de quatre-vingt-dix-huit à gauche et puis descendez de cinquante-huit,-98,-58
9530,allez de trente et un à gauche et puis descendez de quarante-huit,-31,-48
9531,allez de quatre-vingt-douze à gauche et puis descendez de quatre-vingt-deux,-92,-82
9532,allez de cinquante-neuf à gauche et puis descendez de soixante-douze,-59,-72
9533,allez de vingt-quatre à gauche et puis descendez de quarante-sept,-24,-47
9534,allez de cinq à gauche et puis descendez de soixante-neuf,-5,-69
9535,allez de un à gauche et puis descendez de huit,-1,-8
9536,allez de quatre-vingt-un à gauche et puis descendez de vingt-trois,-81,-23
9537,allez de quatre à gauche et puis descendez de quatre-vingt-onze,-4,-91
9538,allez de cinquante-six à gauche et puis descendez de sept,-56,-7
9539,allez de cinquante-huit à gauche et puis descendez de quarante et un,-58,-41
9540,allez de trente-huit à gauche et puis descendez de quatre-vingt-huit,-38,-88
9541,allez de seize à gauche et puis descendez de quatre-vingt-un,-16,-81
9542,allez de soixante-cinq à gauche et puis descendez de quatre-vingt-trois,-65,-83
9543,allez de onze à gauche et puis descendez de quatre-vingt-quatorze,-11,-94
9544,allez de quatre-vingt-quinze à gauche et puis descendez de trente-deux,-95,-32
9545,allez de quarante et un à gauche et puis descendez de vingt-quatre,-41,-24
9546,allez de quarante-sept à gauche et puis descendez de quarante-sept,-47,-47
9547,allez de quatre-vingt-dix-huit à gauche et puis descendez de quarante-cinq,-98,-45
9548,allez de cinq à gauche et puis descendez de dix-neuf,-5,-19
9549,allez de soixante-sept à gauche et puis descendez de trente-cinq,-67,-35
9550,allez de quatre-vingt-huit à gauche et puis descendez de soixante-dix-neuf,-88,-79
9551,allez de soixante-dix-huit à gauche et puis descendez de soixante-dix-neuf,-78,-79
9552,allez de cinquante-six à gauche et puis descendez de cinquante-deux,-56,-52
9553,allez de soixante-cinq à gauche et puis descendez de cinquante et un,-65,-51
9554,allez de quatre-vingt-neuf à gauche et puis descendez de cinquante-cinq,-89,-55
9555,allez de quatre-vingt-trois à gauche et puis descendez de trente-huit,-83,-38
9556,allez de vingt-six à gauche et puis descendez de quatre-vingt-treize,-26,-93
9557,allez de soixante-quinze à gauche et puis descendez de quarante-six,-75,-46
9558,allez de soixante-dix à gauche et puis descendez de dix-sept,-70,-17
9559,allez de quatre-vingt-douze à gauche et puis descendez de vingt-trois,-92,-23
9560,allez de soixante-dix à gauche et puis descendez de cinquante-trois,-70,-53
9561,allez de soixante et onze à gauche et puis descendez de quarante-deux,-71,-42
9562,allez de trente-huit à gauche et puis descendez de quatre,-38,-4
9563,allez de soixante-seize à gauche et puis descendez de quarante-cinq,-76,-45
9564,allez de quatre-vingt-dix-huit à gauche et puis descendez de quatre-vingts,-98,-80
9565,allez de quatre-vingt-onze à gauche et puis descendez de onze,-91,-11
9566,allez de quatre-vingt-quinze à gauche et puis descendez de trente et un,-95,-31
9567,allez de quarante-trois à gauche et puis descendez de soixante-quinze,-43,-75
9568,allez de vingt-sept à gauche et puis descendez de soixante-treize,-27,-73
9569,allez de deux à gauche et puis descendez de soixante-douze,-2,-72
9570,allez de soixante-neuf à gauche et puis descendez de vingt-quatre,-69,-24
9571,allez de soixante-quatorze à gauche et puis descendez de vingt-cinq,-74,-25
9572,allez de trente-huit à gauche et puis descendez de soixante-huit,-38,-68
9573,allez de trente et un à gauche et puis descendez de vingt-trois,-31,-23
9574,allez de cinquante-quatre à gauche et puis descendez de quarante-sept,-54,-47
9575,allez de cinquante-sept à gauche et puis descendez de quatre-vingt-quatre,-57,-84
9576,allez de soixante-dix-huit à gauche et puis descendez de quarante-cinq,-78,-45
9577,allez de trente-deux à gauche et puis descendez de trente-huit,-32,-38
9578,allez de dix-sept à gauche et puis descendez de quatre-vingt-dix-neuf,-17,-99
9579,allez de sept à gauche et puis descendez de cinquante-huit,-7,-58
9580,allez de quatre-vingt-onze à gauche et puis descendez de quatre-vingt-dix-huit,-91,-98
9581,allez de soixante et un à gauche et puis descendez de quatre-vingt-quinze,-61,-95
9582,allez de quarante-trois à gauche et puis descendez de cinquante-trois,-43,-53
9583,allez de soixante-deux à gauche et puis descendez de sept,-62,-7
9584,allez de quatorze à gauche et puis descendez de soixante-dix-sept,-14,-77
9585,allez de soixante-dix-huit à gauche et puis descendez de soixante-douze,-78,-72
9586,allez de quatre-vingt-quatre à gauche et puis descendez de onze,-84,-11
9587,allez de soixante-quatre à gauche et puis descendez de cinquante-cinq,-64,-55
9588,allez de soixante-dix-neuf à gauche et puis descendez de vingt et un,-79,-21
9589,allez de soixante-quinze à gauche et puis descendez de un,-75,-1
9590,allez de trente-trois à gauche et puis descendez de quarante-sept,-33,-47
9591,allez de quarante-cinq à gauche et puis descendez de quatre-vingt-quatorze,-45,-94
9592,allez de vingt à gauche et puis descendez de soixante-neuf,-20,-69
9593,allez de cinquante-cinq à gauche et puis descendez de quatre-vingt-dix-neuf,-55,-99
9594,allez de un à gauche et puis descendez de huit,-1,-8
9595,allez de quatre-vingt-quatre à gauche et puis descendez de vingt-cinq,-84,-25
9596,allez de quatre-vingt-quinze à gauche et puis descendez de soixante-neuf,-95,-69
9597,allez de cinquante-sept à gauche et puis descendez de soixante-six,-57,-66
9598,allez de vingt et un à gauche et puis descendez de quatre-vingt-six,-21,-86
9599,allez de vingt-six à gauche et puis descendez de soixante-quatre,-26,-64
9600,allez de dix-huit à gauche et puis descendez de six,-18,-6
9601,allez de seize à gauche et puis descendez de cinquante,-16,-50
9602,allez de trente-huit à gauche et puis descendez de quatorze,-38,-14
9603,allez de trente-huit à gauche et puis descendez de quarante-cinq,-38,-45
9604,allez de cinquante-sept à gauche et puis descendez de dix-sept,-57,-17
9605,allez de quarante à gauche et puis descendez de quarante-huit,-40,-48
9606,allez de quarante-huit à gauche et puis descendez de trente-trois,-48,-33
9607,allez de soixante-dix-sept à gauche et puis descendez de cinquante-cinq,-77,-55
9608,allez de soixante-huit à gauche et puis descendez de trente-huit,-68,-38
9609,allez de soixante-dix-neuf à gauche et puis descendez de trente-six,-79,-36
9610,allez de deux à gauche et puis descendez de trente,-2,-30
9611,allez de dix-neuf à gauche et puis descendez de trente-huit,-19,-38
9612,allez de quatre-vingt-quinze à gauche et puis descendez de cinquante-deux,-95,-52
9613,allez de un à gauche et puis descendez de quatre-vingt-douze,-1,-92
9614,allez de cinq à gauche et puis descendez de trente-quatre,-5,-34
9615,allez de quatre-vingt-six à gauche et puis descendez de quatre,-86,-4
9616,allez de quinze à gauche et puis descendez de soixante-sept,-15,-67
9617,allez de quatre-vingt-quatorze à gauche et puis descendez de quarante-quatre,-94,-44
9618,allez de neuf à gauche et puis descendez de quatre-vingt-huit,-9,-88
9619,allez de soixante-dix-sept à gauche et puis descendez de trente-cinq,-77,-35
9620,allez de dix-neuf à gauche et puis descendez de quatre-vingt-quinze,-19,-95
9621,allez de soixante-dix-neuf à gauche et puis descendez de quatre-vingt-six,-79,-86
9622,allez de quarante-cinq à gauche et puis descendez de quinze,-45,-15
9623,allez de quatre-vingt-huit à gauche et puis descendez de quarante-trois,-88,-43
9624,allez de trente-six à gauche et puis descendez de vingt-huit,-36,-28
9625,allez de cinquante-deux à gauche et puis descendez de quatre,-52,-4
9626,allez de trente-six à gauche et puis descendez de soixante-trois,-36,-63
9627,allez de quatre-vingt-treize à gauche et puis descendez de deux,-93,-2
9628,allez de dix à gauche et puis descendez de quatre-vingt-onze,-10,-91
9629,allez de soixante-douze à gauche et puis descendez de soixante,-72,-60
9630,allez de soixante-quinze à gauche et puis descendez de soixante-dix-huit,-75,-78
9631,allez de soixante-dix-neuf à gauche et puis descendez de cinquante-sept,-79,-57
9632,allez de vingt et un à gauche et puis descendez de six,-21,-6
9633,allez de quarante-neuf à gauche et puis descendez de cinquante et un,-49,-51
9634,allez de quarante-deux à gauche et puis descendez de soixante-six,-42,-66
9635,allez de soixante-trois à gauche et puis descendez de soixante-neuf,-63,-69
9636,allez de soixante-douze à gauche et puis descendez de cinquante,-72,-50
9637,allez de trente-six à gauche et puis descendez de quatre-vingt-dix-huit,-36,-98
9638,allez de quatre-vingt-un à gauche et puis descendez de cinquante-trois,-81,-53
9639,allez de quarante-huit à gauche et puis descendez de quatre-vingt-dix-sept,-48,-97
9640,allez de dix-sept à gauche et puis descendez de quatre-vingt-six,-17,-86
9641,allez de soixante-deux à gauche et puis descendez de quarante et un,-62,-41
9642,allez de quatre-vingt-trois à gauche et puis descendez de un,-83,-1
9643,allez de soixante et un à gauche et puis descendez de onze,-61,-11
9644,allez de trente et un à gauche et puis descendez de quatre-vingt-deux,-31,-82
9645,allez de trente-neuf à gauche et puis descendez de trente-sept,-39,-37
9646,allez de quatre-vingt-trois à gauche et puis descendez de soixante-neuf,-83,-69
9647,allez de quatre-vingt-deux à gauche et puis descendez de huit,-82,-8
9648,allez de cinquante-trois à gauche et puis descendez de seize,-53,-16
9649,allez de vingt-cinq à gauche et puis descendez de soixante-dix-neuf,-25,-79
9650,allez de quatre-vingt-quinze à gauche et puis descendez de vingt,-95,-20
9651,allez de cinq à gauche et puis descendez de quatre-vingt-dix-neuf,-5,-99
9652,allez de dix-huit à gauche et puis descendez de soixante-dix-neuf,-18,-79
9653,allez de quatre-vingt-dix-huit à gauche et puis descendez de soixante-quatre,-98,-64
9654,allez de soixante et un à gauche et puis descendez de vingt-deux,-61,-22
9655,allez de dix-sept à gauche et puis descendez de quatre-vingt-un,-17,-81
9656,allez de cinq à gauche et puis descendez de vingt-quatre,-5,-24
9657,allez de vingt et un à gauche et puis descendez de cinquante-six,-21,-56
9658,allez de quatre-vingt-cinq à gauche et puis descendez de trente et un,-85,-31
9659,allez de cinquante-trois à gauche et puis descendez de seize,-53,-16
9660,allez de cinquante-quatre à gauche et puis descendez de soixante-huit,-54,-68
9661,allez de soixante-douze à gauche et puis descendez de trente et un,-72,-31
9662,allez de quatre-vingts à gauche et puis descendez de soixante-neuf,-80,-69
9663,allez de quatorze à gauche et puis descendez de cinquante-cinq,-14,-55
9664,allez de trois à gauche et puis descendez de trente-sept,-3,-37
9665,allez de soixante-six à gauche et puis descendez de dix-neuf,-66,-19
9666,allez de un à gauche et puis descendez de quatre-vingt-trois,-1,-83
9667,allez de quarante-sept à gauche et puis descendez de quatre-vingt-seize,-47,-96
9668,allez de quarante-quatre à gauche et puis descendez de soixante-dix-sept,-44,-77
9669,allez de quatre-vingt-un à gauche et puis descendez de trente,-81,-30
9670,allez de cinquante-deux à gauche et puis descendez de vingt-trois,-52,-23
9671,allez de dix à gauche et puis descendez de sept,-10,-7
9672,allez de soixante-deux à gauche et puis descendez de cinquante-sept,-62,-57
9673,allez de vingt-neuf à gauche et puis descendez de soixante-dix-huit,-29,-78
9674,allez de soixante-quatorze à gauche et puis descendez de quarante-quatre,-74,-44
9675,allez de quarante à gauche et puis descendez de dix-sept,-40,-17
9676,allez de soixante-dix-sept à gauche et puis descendez de quatre-vingt-un,-77,-81
9677,allez de soixante et un à gauche et puis descendez de trente-trois,-61,-33
9678,allez de vingt-sept à gauche et puis descendez de dix-sept,-27,-17
9679,allez de soixante à gauche et puis descendez de quatorze,-60,-14
9680,allez de quatre à gauche et puis descendez de quarante-cinq,-4,-45
9681,allez de soixante-neuf à gauche et puis descendez de dix-sept,-69,-17
9682,allez de trente-trois à gauche et puis descendez de soixante-douze,-33,-72
9683,allez de vingt et un à gauche et puis descendez de quarante-six,-21,-46
9684,allez de quarante-six à gauche et puis descendez de douze,-46,-12
9685,allez de quatre-vingt-un à gauche et puis descendez de quatre-vingt-neuf,-81,-89
9686,allez de vingt-sept à gauche et puis descendez de soixante et un,-27,-61
9687,allez de soixante-quatre à gauche et puis descendez de quarante,-64,-40
9688,allez de trois à gauche et puis descendez de trente-six,-3,-36
9689,allez de trente à gauche et puis descendez de quarante-quatre,-30,-44
9690,allez de trente-deux à gauche et puis descendez de vingt,-32,-20
9691,allez de quatre-vingt-quatorze à gauche et puis descendez de seize,-94,-16
9692,allez de trente-trois à gauche et puis descendez de trente-neuf,-33,-39
9693,allez de quatre-vingt-cinq à gauche et puis descendez de deux,-85,-2
9694,allez de quatre à gauche et puis descendez de quatre-vingt-quatorze,-4,-94
9695,allez de quatre-vingt-quatorze à gauche et puis descendez de quatre-vingt-dix-huit,-94,-98
9696,allez de trente et un à gauche et puis descendez de quatre-vingt-trois,-31,-83
9697,allez de soixante-quatre à gauche et puis descendez de soixante-seize,-64,-76
9698,allez de quatre-vingt-quatre à gauche et puis descendez de soixante-neuf,-84,-69
9699,allez de quarante à gauche et puis descendez de deux,-40,-2
9700,allez de trente-huit à gauche et puis descendez de trente-cinq,-38,-35
9701,allez de trente-quatre à gauche et puis descendez de quatre-vingt-dix-neuf,-34,-99
9702,allez de soixante-dix à gauche et puis descendez de quatre-vingt-dix-neuf,-70,-99
9703,allez de quatre à gauche et puis descendez de trente,-4,-30
9704,allez de quatre-vingt-dix-neuf à gauche et puis descendez de neuf,-99,-9
9705,allez de vingt et un à gauche et puis descendez de soixante-huit,-21,-68
9706,allez de vingt-deux à gauche et puis descendez de quarante-sept,-22,-47
9707,allez de seize à gauche et puis descendez de vingt-trois,-16,-23
9708,allez de cinquante-sept à gauche et puis descendez de trente-neuf,-57,-39
9709,allez de quatre-vingt-dix à gauche et puis descendez de quarante-sept,-90,-47
9710,allez de cinquante-trois à gauche et puis descendez de trente-trois,-53,-33
9711,allez de dix-huit à gauche et puis descendez de quatre-vingt-un,-18,-81
9712,allez de quatre-vingt-six à gauche et puis descendez de quarante-trois,-86,-43
9713,allez de trente-sept à gauche et puis descendez de quatre-vingt-un,-37,-81
9714,allez de vingt-sept à gauche et puis descendez de soixante-douze,-27,-72
9715,allez de dix-huit à gauche et puis descendez de vingt-trois,-18,-23
9716,allez de quarante-cinq à gauche et puis descendez de quarante,-45,-40
9717,allez de soixante-dix-sept à gauche et puis descendez de cinquante-deux,-77,-52
9718,allez de dix-sept à gauche et puis descendez de un,-17,-1
9719,allez de huit à gauche et puis descendez de cinquante-huit,-8,-58
9720,allez de quatorze à gauche et puis descendez de soixante-dix-huit,-14,-78
9721,allez de quarante-deux à gauche et puis descendez de neuf,-42,-9
9722,allez de trente-sept à gauche et puis descendez de huit,-37,-8
9723,allez de huit à gauche et puis descendez de quarante-cinq,-8,-45
9724,allez de soixante-seize à gauche et puis descendez de quarante-sept,-76,-47
9725,allez de vingt-huit à gauche et puis descendez de vingt-deux,-28,-22
9726,allez de soixante et onze à gauche et puis descendez de neuf,-71,-9
9727,allez de soixante-quatorze à gauche et puis descendez de cinquante-deux,-74,-52
9728,allez de quatre-vingt-dix-huit à gauche et puis descendez de cinquante-six,-98,-56
9729,allez de soixante-quatorze à gauche et puis descendez de quarante-trois,-74,-43
9730,allez de quatre-vingt-douze à gauche et puis descendez de soixante-dix-sept,-92,-77
9731,allez de trente-six à gauche et puis descendez de cinquante,-36,-50
9732,allez de six à gauche et puis descendez de trente et un,-6,-31
9733,allez de neuf à gauche et puis descendez de quatre-vingt-neuf,-9,-89
9734,allez de quatre-vingt-quatre à gauche et puis descendez de quatre-vingt-huit,-84,-88
9735,allez de cinquante-six à gauche et puis descendez de vingt-sept,-56,-27
9736,allez de trente-trois à gauche et puis descendez de quarante,-33,-40
9737,allez de vingt-huit à gauche et puis descendez de cinquante-sept,-28,-57
9738,allez de dix-sept à gauche et puis descendez de quatre-vingt-trois,-17,-83
9739,allez de soixante-dix-huit à gauche et puis descendez de quarante-quatre,-78,-44
9740,allez de soixante-neuf à gauche et puis descendez de quatre-vingt-dix-neuf,-69,-99
9741,allez de trente-six à gauche et puis descendez de dix,-36,-10
9742,allez de quarante-trois à gauche et puis descendez de cinquante-six,-43,-56
9743,allez de dix-neuf à gauche et puis descendez de vingt-trois,-19,-23
9744,allez de quarante-neuf à gauche et puis descendez de trente-cinq,-49,-35
9745,allez de trente-trois à gauche et puis descendez de quatre-vingt-quatre,-33,-84
9746,allez de cinquante-cinq à gauche et puis descendez de cinquante,-55,-50
9747,allez de vingt-sept à gauche et puis descendez de treize,-27,-13
9748,allez de quatre-vingt-neuf à gauche et puis descendez de soixante-quatorze,-89,-74
9749,allez de soixante et onze à gauche et puis descendez de trente-six,-71,-36
9750,allez de trente et un à gauche et puis descendez de quatre-vingt-treize,-31,-93
9751,allez de un à gauche et puis descendez de treize,-1,-13
9752,allez de quarante-trois à gauche et puis descendez de cinquante-sept,-43,-57
9753,allez de vingt-sept à gauche et puis descendez de soixante-deux,-27,-62
9754,allez de quatre-vingt-huit à gauche et puis descendez de quatre-vingt-dix-huit,-88,-98
9755,allez de quarante-quatre à gauche et puis descendez de vingt et un,-44,-21
9756,allez de quatre-vingt-six à gauche et puis descendez de seize,-86,-16
9757,allez de quatre-vingt-quinze à gauche et puis descendez de cinquante-cinq,-95,-55
9758,allez de quarante-cinq à gauche et puis descendez de trente-huit,-45,-38
9759,allez de soixante-trois à gauche et puis descendez de trente-deux,-63,-32
9760,allez de onze à gauche et puis descendez de dix-sept,-11,-17
9761,allez de quarante-cinq à gauche et puis descendez de trente-trois,-45,-33
9762,allez de cinq à gauche et puis descendez de soixante et un,-5,-61
9763,allez de vingt-deux à gauche et puis descendez de quarante-cinq,-22,-45
9764,allez de quatre-vingt-trois à gauche et puis descendez de soixante-huit,-83,-68
9765,allez de quarante-deux à gauche et puis descendez de quatre-vingt-seize,-42,-96
9766,allez de vingt-huit à gauche et puis descendez de quatre-vingt-onze,-28,-91
9767,allez de quatre-vingt-douze à gauche et puis descendez de treize,-92,-13
9768,allez de trente-sept à gauche et puis descendez de soixante-trois,-37,-63
9769,allez de trente-quatre à gauche et puis descendez de soixante-dix,-34,-70
9770,allez de trente-trois à gauche et puis descendez de dix-neuf,-33,-19
9771,allez de quarante-deux à gauche et puis descendez de trois,-42,-3
9772,allez de soixante-neuf à gauche et puis descendez de douze,-69,-12
9773,allez de soixante-douze à gauche et puis descendez de trente-trois,-72,-33
9774,allez de vingt et un à gauche et puis descendez de quatre-vingt-dix,-21,-90
9775,allez de vingt-huit à gauche et puis descendez de cinquante-quatre,-28,-54
9776,allez de quarante-trois à gauche et puis descendez de quatre-vingts,-43,-80
9777,allez de soixante-dix à gauche et puis descendez de quatre-vingt-douze,-70,-92
9778,allez de soixante et un à gauche et puis descendez de soixante-seize,-61,-76
9779,allez de quatre-vingt-quinze à gauche et puis descendez de cent,-95,-100
9780,allez de soixante-neuf à gauche et puis descendez de quinze,-69,-15
9781,allez de soixante-quinze à gauche et puis descendez de cent,-75,-100
9782,allez de quatre-vingts à gauche et puis descendez de quatre-vingt-dix-huit,-80,-98
9783,allez de quatre-vingt-onze à gauche et puis descendez de quatre-vingt-quatre,-91,-84
9784,allez de soixante-dix à gauche et puis descendez de quatre-vingt-dix-neuf,-70,-99
9785,allez de quatre-vingt-dix-sept à gauche et puis descendez de soixante-cinq,-97,-65
9786,allez de quarante-trois à gauche et puis descendez de soixante-neuf,-43,-69
9787,allez de treize à gauche et puis descendez de six,-13,-6
9788,allez de trente-trois à gauche et puis descendez de cinquante-huit,-33,-58
9789,allez de quatre à gauche et puis descendez de quarante-cinq,-4,-45
9790,allez de trente-neuf à gauche et puis descendez de cinquante-neuf,-39,-59
9791,allez de vingt-trois à gauche et puis descendez de quarante-trois,-23,-43
9792,allez de trente à gauche et puis descendez de trois,-30,-3
9793,allez de quarante-trois à gauche et puis descendez de soixante-quatorze,-43,-74
9794,allez de quatre-vingt-six à gauche et puis descendez de quatre-vingt-trois,-86,-83
9795,allez de trente-quatre à gauche et puis descendez de trente-deux,-34,-32
9796,allez de quarante-neuf à gauche et puis descendez de cinquante-deux,-49,-52
9797,allez de neuf à gauche et puis descendez de quatre-vingt-trois,-9,-83
9798,allez de un à gauche et puis descendez de quarante-six,-1,-46
9799,allez de soixante-douze à gauche et puis descendez de soixante-huit,-72,-68
9800,allez de vingt-six à gauche et puis descendez de quatre-vingt-quatre,-26,-84
9801,allez de dix-huit à gauche et puis descendez de vingt-huit,-18,-28
9802,allez de quatre-vingt-dix-huit à gauche et puis descendez de quatre-vingt-douze,-98,-92
9803,allez de quatre-vingt-cinq à gauche et puis descendez de soixante-dix,-85,-70
9804,allez de quarante-quatre à gauche et puis descendez de quatre-vingt-dix,-44,-90
9805,allez de quatre-vingts à gauche et puis descendez de soixante-quatorze,-80,-74
9806,allez de vingt-six à gauche et puis descendez de vingt et un,-26,-21
9807,allez de quatorze à gauche et puis descendez de treize,-14,-13
9808,allez de trente-huit à gauche et puis descendez de deux,-38,-2
9809,allez de cinquante et un à gauche et puis descendez de quarante et un,-51,-41
9810,allez de vingt-six à gauche et puis descendez de soixante-dix-sept,-26,-77
9811,allez de trente-deux à gauche et puis descendez de quatre-vingt-neuf,-32,-89
9812,allez de soixante et un à gauche et puis descendez de soixante-seize,-61,-76
9813,allez de quatre-vingt-quinze à gauche et puis descendez de soixante et onze,-95,-71
9814,allez de dix à gauche et puis descendez de soixante-quatre,-10,-64
9815,allez de neuf à gauche et puis descendez de quatre-vingt-huit,-9,-88
9816,allez de vingt-six à gauche et puis descendez de vingt-six,-26,-26
9817,allez de quatre-vingt-douze à gauche et puis descendez de neuf,-92,-9
9818,allez de cinquante-huit à gauche et puis descendez de quatre-vingt-onze,-58,-91
9819,allez de quarante et un à gauche et puis descendez de treize,-41,-13
9820,allez de trente-quatre à gauche et puis descendez de trente-huit,-34,-38
9821,allez de vingt-huit à gauche et puis descendez de cinquante,-28,-50
9822,allez de quatre-vingt-neuf à gauche et puis descendez de trente-quatre,-89,-34
9823,allez de quatre-vingt-six à gauche et puis descendez de quatre-vingt-sept,-86,-87
9824,allez de soixante-treize à gauche et puis descendez de vingt-huit,-73,-28
9825,allez de vingt et un à gauche et puis descendez de douze,-21,-12
9826,allez de soixante-dix-neuf à gauche et puis descendez de quinze,-79,-15
9827,allez de soixante-six à gauche et puis descendez de quatre-vingt-dix-sept,-66,-97
9828,allez de dix-sept à gauche et puis descendez de dix-sept,-17,-17
9829,allez de soixante-deux à gauche et puis descendez de trente-neuf,-62,-39
9830,allez de neuf à gauche et puis descendez de cinquante et un,-9,-51
9831,allez de trois à gauche et puis descendez de soixante-dix-sept,-3,-77
9832,allez de vingt-huit à gauche et puis descendez de soixante et onze,-28,-71
9833,allez de quatre-vingts à gauche et puis descendez de cinquante-neuf,-80,-59
9834,allez de quatre-vingt-dix-huit à gauche et puis descendez de quatre-vingt-onze,-98,-91
9835,allez de quarante et un à gauche et puis descendez de cinquante-cinq,-41,-55
9836,allez de cinq à gauche et puis descendez de cinquante et un,-5,-51
9837,allez de onze à gauche et puis descendez de cinquante et un,-11,-51
9838,allez de quatre-vingt-six à gauche et puis descendez de sept,-86,-7
9839,allez de soixante-dix-neuf à gauche et puis descendez de quarante,-79,-40
9840,allez de quarante-deux à gauche et puis descendez de vingt-sept,-42,-27
9841,allez de vingt-deux à gauche et puis descendez de quatre-vingt-trois,-22,-83
9842,allez de quarante-neuf à gauche et puis descendez de soixante-neuf,-49,-69
9843,allez de vingt-huit à gauche et puis descendez de cinquante-cinq,-28,-55
9844,allez de quatre-vingt-deux à gauche et puis descendez de neuf,-82,-9
9845,allez de trente-sept à gauche et puis descendez de quatre-vingts,-37,-80
9846,allez de soixante-quatre à gauche et puis descendez de quatre,-64,-4
9847,allez de seize à gauche et puis descendez de cinquante-huit,-16,-58
9848,allez de quatre-vingt-quatre à gauche et puis descendez de cinquante,-84,-50
9849,allez de vingt-neuf à gauche et puis descendez de deux,-29,-2
9850,allez de quatre-vingt-quatre à gauche et puis descendez de soixante-deux,-84,-62
9851,allez de trente-cinq à gauche et puis descendez de cinq,-35,-5
9852,allez de quatre-vingts à gauche et puis descendez de vingt et un,-80,-21
9853,allez de vingt à gauche et puis descendez de vingt,-20,-20
9854,allez de vingt-huit à gauche et puis descendez de quarante-neuf,-28,-49
9855,allez de quatre-vingt-deux à gauche et puis descendez de soixante-neuf,-82,-69
9856,allez de quarante-six à gauche et puis descendez de soixante-treize,-46,-73
9857,allez de six à gauche et puis descendez de trente-deux,-6,-32
9858,allez de soixante à gauche et puis descendez de quatre-vingt-dix-huit,-60,-98
9859,allez de soixante-huit à gauche et puis descendez de quatre-vingt-quinze,-68,-95
9860,allez de quatre-vingt-dix-neuf à gauche et puis descendez de soixante-cinq,-99,-65
9861,allez de vingt-sept à gauche et puis descendez de quatre-vingt-cinq,-27,-85
9862,allez de quatre-vingt-trois à gauche et puis descendez de soixante-dix-sept,-83,-77
9863,allez de quatre-vingt-dix-huit à gauche et puis descendez de quatre-vingts,-98,-80
9864,allez de vingt-sept à gauche et puis descendez de quarante et un,-27,-41
9865,allez de quatre-vingt-quinze à gauche et puis descendez de quatre-vingt-dix-huit,-95,-98
9866,allez de six à gauche et puis descendez de seize,-6,-16
9867,allez de neuf à gauche et puis descendez de cinquante-huit,-9,-58
9868,allez de soixante-trois à gauche et puis descendez de vingt-trois,-63,-23
9869,allez de trente à gauche et puis descendez de quatre-vingt-un,-30,-81
9870,allez de quatre-vingt-douze à gauche et puis descendez de quarante-neuf,-92,-49
9871,allez de cinquante à gauche et puis descendez de cinq,-50,-5
9872,allez de cinq à gauche et puis descendez de quarante-neuf,-5,-49
9873,allez de soixante-sept à gauche et puis descendez de soixante-cinq,-67,-65
9874,allez de huit à gauche et puis descendez de huit,-8,-8
9875,allez de trente et un à gauche et puis descendez de soixante-dix-sept,-31,-77
9876,allez de quarante-sept à gauche et puis descendez de quarante-six,-47,-46
9877,allez de vingt-deux à gauche et puis descendez de soixante-douze,-22,-72
9878,allez de soixante-dix-sept à gauche et puis descendez de trente-quatre,-77,-34
9879,allez de trente-huit à gauche et puis descendez de quatre-vingt-dix-sept,-38,-97
9880,allez de un à gauche et puis descendez de vingt-sept,-1,-27
9881,allez de soixante-seize à gauche et puis descendez de soixante-sept,-76,-67
9882,allez de cinquante-cinq à gauche et puis descendez de cinquante-cinq,-55,-55
9883,allez de vingt-trois à gauche et puis descendez de trente-huit,-23,-38
9884,allez de cinquante-neuf à gauche et puis descendez de soixante-quinze,-59,-75
9885,allez de cinquante et un à gauche et puis descendez de vingt,-51,-20
9886,allez de trente-neuf à gauche et puis descendez de quatre-vingt-dix-neuf,-39,-99
9887,allez de cinquante-deux à gauche et puis descendez de soixante-deux,-52,-62
9888,allez de quatre-vingt-deux à gauche et puis descendez de quatre-vingt-quatorze,-82,-94
9889,allez de quatre-vingt-deux à gauche et puis descendez de quatre-vingt-onze,-82,-91
9890,allez de vingt-sept à gauche et puis descendez de quarante-trois,-27,-43
9891,allez de quatre-vingt-neuf à gauche et puis descendez de dix-sept,-89,-17
9892,allez de vingt-cinq à gauche et puis descendez de soixante-cinq,-25,-65
9893,allez de six à gauche et puis descendez de soixante-cinq,-6,-65
9894,allez de quarante-huit à gauche et puis descendez de vingt-neuf,-48,-29
9895,allez de soixante-cinq à gauche et puis descendez de huit,-65,-8
9896,allez de quatre-vingt-dix-huit à gauche et puis descendez de cinquante-cinq,-98,-55
9897,allez de soixante-quatre à gauche et puis descendez de soixante-trois,-64,-63
9898,allez de neuf à gauche et puis descendez de quatre-vingt-deux,-9,-82
9899,allez de quarante-sept à gauche et puis descendez de cinquante,-47,-50
9900,allez de trente-cinq à gauche et puis descendez de treize,-35,-13
9901,allez de quatre-vingt-sept à gauche et puis descendez de cinquante,-87,-50
9902,allez de quatre-vingt-un à gauche et puis descendez de vingt-neuf,-81,-29
9903,allez de onze à gauche et puis descendez de soixante-quinze,-11,-75
9904,allez de trente-six à gauche et puis descendez de trente-neuf,-36,-39
9905,allez de vingt-sept à gauche et puis descendez de dix-sept,-27,-17
9906,allez de soixante-dix-sept à gauche et puis descendez de trente-trois,-77,-33
9907,allez de cinquante-huit à gauche et puis descendez de quatre-vingt-dix,-58,-90
9908,allez de quatre-vingt-quinze à gauche et puis descendez de quatre-vingt-dix-sept,-95,-97
9909,allez de un à gauche et puis descendez de six,-1,-6
9910,allez de cinquante-quatre à gauche et puis descendez de onze,-54,-11
9911,allez de deux à gauche et puis descendez de trente-sept,-2,-37
9912,allez de cinquante-trois à gauche et puis descendez de vingt-sept,-53,-27
9913,allez de cinquante-sept à gauche et puis descendez de trente-six,-57,-36
9914,allez de cinquante-neuf à gauche et puis descendez de soixante-quatre,-59,-64
9915,allez de soixante-dix-sept à gauche et puis descendez de trente,-77,-30
9916,allez de quatre-vingt-dix-huit à gauche et puis descendez de quatre-vingt-quinze,-98,-95
9917,allez de quarante-cinq à gauche et puis descendez de soixante-quinze,-45,-75
9918,allez de trente et un à gauche et puis descendez de soixante-douze,-31,-72
9919,allez de cinquante-neuf à gauche et puis descendez de cinquante-sept,-59,-57
9920,allez de quarante-neuf à gauche et puis descendez de cinquante-huit,-49,-58
9921,allez de soixante-cinq à gauche et puis descendez de quarante-neuf,-65,-49
9922,allez de quarante-six à gauche et puis descendez de vingt-huit,-46,-28
9923,allez de soixante-cinq à gauche et puis descendez de soixante-treize,-65,-73
9924,allez de soixante et un à gauche et puis descendez de vingt-sept,-61,-27
9925,allez de soixante-dix-neuf à gauche et puis descendez de soixante-treize,-79,-73
9926,allez de trente-six à gauche et puis descendez de vingt-trois,-36,-23
9927,allez de vingt-deux à gauche et puis descendez de quatorze,-22,-14
9928,allez de quatre-vingt-quinze à gauche et puis descendez de cinq,-95,-5
9929,allez de trente-huit à gauche et puis descendez de soixante-quatorze,-38,-74
9930,allez de quatre-vingt-dix à gauche et puis descendez de trois,-90,-3
9931,allez de quarante-sept à gauche et puis descendez de trente-sept,-47,-37
9932,allez de trente à gauche et puis descendez de quarante-huit,-30,-48
9933,allez de quatre-vingt-trois à gauche et puis descendez de cent,-83,-100
9934,allez de quatre-vingt-sept à gauche et puis descendez de cinquante-trois,-87,-53
9935,allez de vingt-trois à gauche et puis descendez de quatre-vingt-treize,-23,-93
9936,allez de quatre-vingt-quatorze à gauche et puis descendez de quatre-vingt-onze,-94,-91
9937,allez de cinquante-sept à gauche et puis descendez de quatre-vingt-six,-57,-86
9938,allez de soixante-sept à gauche et puis descendez de quatre-vingt-onze,-67,-91
9939,allez de trente-deux à gauche et puis descendez de treize,-32,-13
9940,allez de soixante et onze à gauche et puis descendez de quatre-vingt-dix-sept,-71,-97
9941,allez de quatre-vingt-six à gauche et puis descendez de deux,-86,-2
9942,allez de quarante-six à gauche et puis descendez de soixante-trois,-46,-63
9943,allez de soixante-douze à gauche et puis descendez de quatre-vingt-douze,-72,-92
9944,allez de cinquante-huit à gauche et puis descendez de neuf,-58,-9
9945,allez de dix-sept à gauche et puis descendez de quatre-vingts,-17,-80
9946,allez de douze à gauche et puis descendez de seize,-12,-16
9947,allez de vingt à gauche et puis descendez de quatre-vingt-six,-20,-86
9948,allez de soixante-neuf à gauche et puis descendez de soixante-quatre,-69,-64
9949,allez de soixante-dix-neuf à gauche et puis descendez de soixante,-79,-60
9950,allez de quatre-vingt-dix à gauche et puis descendez de vingt-neuf,-90,-29
9951,allez de trente-sept à gauche et puis descendez de dix-sept,-37,-17
9952,allez de vingt-cinq à gauche et puis descendez de vingt-huit,-25,-28
9953,allez de trois à gauche et puis descendez de quatre-vingt-onze,-3,-91
9954,allez de quarante-neuf à gauche et puis descendez de onze,-49,-11
9955,allez de onze à gauche et puis descendez de soixante-dix-neuf,-11,-79
9956,allez de soixante-douze à gauche et puis descendez de six,-72,-6
9957,allez de quarante-deux à gauche et puis descendez de soixante-douze,-42,-72
9958,allez de quatre-vingt-dix-neuf à gauche et puis descendez de cinq,-99,-5
9959,allez de trois à gauche et puis descendez de quarante-deux,-3,-42
9960,allez de vingt à gauche et puis descendez de vingt-huit,-20,-28
9961,allez de seize à gauche et puis descendez de dix-neuf,-16,-19
9962,allez de soixante-quatre à gauche et puis descendez de trente-cinq,-64,-35
9963,allez de soixante-quatorze à gauche et puis descendez de cinquante et un,-74,-51
9964,allez de cinquante-six à gauche et puis descendez de soixante et un,-56,-61
9965,allez de soixante-quatre à gauche et puis descendez de quatre-vingt-dix-neuf,-64,-99
9966,allez de quatre-vingt-douze à gauche et puis descendez de quatre-vingt-deux,-92,-82
9967,allez de quatre-vingt-six à gauche et puis descendez de quarante-quatre,-86,-44
9968,allez de cinquante-six à gauche et puis descendez de quarante-deux,-56,-42
9969,allez de quatre-vingt-quatre à gauche et puis descendez de quarante-six,-84,-46
9970,allez de quatre-vingt-cinq à gauche et puis descendez de trente-neuf,-85,-39
9971,allez de soixante-cinq à gauche et puis descendez de quinze,-65,-15
9972,allez de soixante-seize à gauche et puis descendez de trente-cinq,-76,-35
9973,allez de soixante-seize à gauche et puis descendez de quatre-vingt-trois,-76,-83
9974,allez de vingt-neuf à gauche et puis descendez de cinquante-deux,-29,-52
9975,allez de soixante-quatorze à gauche et puis descendez de quatre-vingts,-74,-80
9976,allez de quarante-six à gauche et puis descendez de deux,-46,-2
9977,allez de soixante-quinze à gauche et puis descendez de treize,-75,-13
9978,allez de trente-six à gauche et puis descendez de cinquante,-36,-50
9979,allez de cinquante-six à gauche et puis descendez de trente et un,-56,-31
9980,allez de soixante-trois à gauche et puis descendez de soixante-quinze,-63,-75
9981,allez de trente-huit à gauche et puis descendez de soixante-dix-huit,-38,-78
9982,allez de vingt-sept à gauche et puis descendez de douze,-27,-12
9983,allez de quarante-trois à gauche et puis descendez de trente-sept,-43,-37
9984,allez de quatre-vingt-dix-sept à gauche et puis descendez de trente,-97,-30
9985,allez de soixante-neuf à gauche et puis descendez de quatre-vingt-neuf,-69,-89
9986,allez de soixante et un à gauche et puis descendez de soixante-quatorze,-61,-74
9987,allez de quatre à gauche et puis descendez de soixante-dix,-4,-70
9988,allez de trente-trois à gauche et puis descendez de soixante-deux,-33,-62
9989,allez de trente-trois à gauche et puis descendez de quarante-cinq,-33,-45
9990,allez de vingt-sept à gauche et puis descendez de dix-sept,-27,-17
9991,allez de quatre-vingt-cinq à gauche et puis descendez de quatre-vingt-quinze,-85,-95
9992,allez de quatre-vingt-huit à gauche et puis descendez de quarante,-88,-40
9993,allez de soixante-quinze à gauche et puis descendez de dix-neuf,-75,-19
9994,allez de cinq à gauche et puis descendez de soixante-treize,-5,-73
9995,allez de neuf à gauche et puis descendez de quatre-vingt-sept,-9,-87
9996,allez de soixante-cinq à gauche et puis descendez de soixante-quatre,-65,-64
9997,allez de soixante-treize à gauche et puis descendez de quarante-huit,-73,-48
9998,allez de trente-quatre à gauche et puis descendez de quatre-vingt-onze,-34,-91
9999,allez de cinq à gauche et puis descendez de un,-5,-1
10000,allez de cinquante et un à droite et puis montez de quarante et un,51,41
10001,allez de trente-huit à droite et puis montez de vingt-trois,38,23
10002,allez de trente-trois à droite et puis montez de cinquante et un,33,51
10003,allez de quatre-vingt-dix-huit à droite et puis montez de quatre-vingt-trois,98,83
10004,allez de quarante-six à droite et puis montez de soixante-dix-neuf,46,79
10005,allez de soixante-quatre à droite et puis montez de quinze,64,15
10006,allez de quatre-vingt-un à droite et puis montez de soixante-dix-sept,81,77
10007,allez de soixante-cinq à droite et puis montez de trente,65,30
10008,allez de quarante et un à droite et puis montez de trente-deux,41,32
10009,allez de cinquante-neuf à droite et puis montez de cinquante-huit,59,58
10010,allez de trente-neuf à droite et puis montez de quarante-deux,39,42
10011,allez de quarante-huit à droite et puis montez de vingt et un,48,21
10012,allez de quatre-vingt-treize à droite et puis montez de vingt et un,93,21
10013,allez de quatre-vingt-treize à droite et puis montez de soixante-treize,93,73
10014,allez de quatre-vingt-dix-huit à droite et puis montez de soixante-quatorze,98,74
10015,allez de quatre-vingt-quinze à droite et puis montez de quatre-vingt-treize,95,93
10016,allez de quatre-vingt-deux à droite et puis montez de soixante-seize,82,76
10017,allez de vingt-huit à droite et puis montez de trente-quatre,28,34
10018,allez de soixante-treize à droite et puis montez de soixante et un,73,61
10019,allez de vingt-six à droite et puis montez de cinq,26,5
10020,allez de quarante-cinq à droite et puis montez de soixante-six,45,66
10021,allez de quarante-six à droite et puis montez de vingt-deux,46,22
10022,allez de quatre-vingt-dix-neuf à droite et puis montez de soixante-quatorze,99,74
10023,allez de quatre-vingt-onze à droite et puis montez de soixante-seize,91,76
10024,allez de quatre-vingt-deux à droite et puis montez de soixante-quatorze,82,74
10025,allez de deux à droite et puis montez de quatre-vingt-sept,2,87
10026,allez de soixante-six à droite et puis montez de vingt-neuf,66,29
10027,allez de soixante et onze à droite et puis montez de cinquante et un,71,51
10028,allez de cinq à droite et puis montez de cinquante-neuf,5,59
10029,allez de quatre-vingt-deux à droite et puis montez de quatre-vingt-dix-sept,82,97
10030,allez de cinquante-quatre à droite et puis montez de quatre-vingts,54,80
10031,allez de trente-neuf à droite et puis montez de quatre-vingt-quinze,39,95
10032,allez de soixante-deux à droite et puis montez de quatorze,62,14
10033,allez de quarante-six à droite et puis montez de soixante-trois,46,63
10034,allez de quatre-vingt-huit à droite et puis montez de quarante-six,88,46
10035,allez de soixante-dix-neuf à droite et puis montez de vingt-deux,79,22
10036,allez de trente-cinq à droite et puis montez de soixante-dix-neuf,35,79
10037,allez de quatre-vingts à droite et puis montez de dix-sept,80,17
10038,allez de vingt-cinq à droite et puis montez de trente,25,30
10039,allez de quatre-vingt-dix-neuf à droite et puis montez de douze,99,12
10040,allez de quatre-vingt-dix-neuf à droite et puis montez de quatre-vingt-huit,99,88
10041,allez de quatre à droite et puis montez de treize,4,13
10042,allez de quatre-vingt-deux à droite et puis montez de trente-trois,82,33
10043,allez de un à droite et puis montez de trente-huit,1,38
10044,allez de soixante-dix-huit à droite et puis montez de quinze,78,15
10045,allez de treize à droite et puis montez de vingt-neuf,13,29
10046,allez de huit à droite et puis montez de quatre-vingt-douze,8,92
10047,allez de quatorze à droite et puis montez de quatre-vingt-sept,14,87
10048,allez de soixante-deux à droite et puis montez de cinquante et un,62,51
10049,allez de treize à droite et puis montez de six,13,6
10050,allez de cinq à droite et puis montez de cinquante-huit,5,58
10051,allez de cinquante-quatre à droite et puis montez de soixante-quatorze,54,74
10052,allez de soixante-dix-neuf à droite et puis montez de trente-six,79,36
10053,allez de deux à droite et puis montez de soixante-sept,2,67
10054,allez de quatre-vingt-dix-sept à droite et puis montez de soixante-quinze,97,75
10055,allez de quarante et un à droite et puis montez de quatre,41,4
10056,allez de trente-cinq à droite et puis montez de quatorze,35,14
10057,allez de trente-cinq à droite et puis montez de cinquante-trois,35,53
10058,allez de soixante-quatorze à droite et puis montez de cinquante-sept,74,57
10059,allez de quatre-vingt-dix-huit à droite et puis montez de vingt-trois,98,23
10060,allez de cinquante et un à droite et puis montez de quatre-vingt-onze,51,91
10061,allez de quatre-vingt-trois à droite et puis montez de soixante-dix-neuf,83,79
10062,allez de trente-deux à droite et puis montez de cinquante-deux,32,52
10063,allez de quarante-six à droite et puis montez de seize,46,16
10064,allez de trente-huit à droite et puis montez de soixante,38,60
10065,allez de quatorze à droite et puis montez de soixante-cinq,14,65
10066,allez de vingt-deux à droite et puis montez de quatre-vingt-un,22,81
10067,allez de soixante-deux à droite et puis montez de vingt-cinq,62,25
10068,allez de trente-huit à droite et puis montez de trente-sept,38,37
10069,allez de soixante-neuf à droite et puis montez de quatre-vingt-quinze,69,95
10070,allez de vingt-trois à droite et puis montez de cinquante-six,23,56
10071,allez de cinquante-trois à droite et puis montez de soixante-huit,53,68
10072,allez de soixante-huit à droite et puis montez de un,68,1
10073,allez de cinquante-sept à droite et puis montez de quarante-deux,57,42
10074,allez de cinquante et un à droite et puis montez de quatre-vingt-douze,51,92
10075,allez de quatre-vingt-neuf à droite et puis montez de cinquante et un,89,51
10076,allez de vingt-cinq à droite et puis montez de quatre-vingt-dix,25,90
10077,allez de cinq à droite et puis montez de cinquante-deux,5,52
10078,allez de cinquante-deux à droite et puis montez de treize,52,13
10079,allez de trente-sept à droite et puis montez de soixante-quatre,37,64
10080,allez de soixante-seize à droite et puis montez de quatre-vingts,76,80
10081,allez de quarante-six à droite et puis montez de quatre-vingt-dix-sept,46,97
10082,allez de trente-cinq à droite et puis montez de cent,35,100
10083,allez de trente-neuf à droite et puis montez de quatre-vingt-huit,39,88
10084,allez de quarante-six à droite et puis montez de quarante et un,46,41
10085,allez de trente-deux à droite et puis montez de trente-neuf,32,39
10086,allez de quatre-vingt-dix-sept à droite et puis montez de trente-sept,97,37
10087,allez de vingt-trois à droite et puis montez de quatre-vingt-dix,23,90
10088,allez de quatre-vingt-cinq à droite et puis montez de dix-sept,85,17
10089,allez de soixante-huit à droite et puis montez de huit,68,8
10090,allez de soixante-treize à droite et puis montez de trois,73,3
10091,allez de soixante-neuf à droite et puis montez de soixante-seize,69,76
10092,allez de trente à droite et puis montez de deux,30,2
10093,allez de quarante-trois à droite et puis montez de quarante-sept,43,47
10094,allez de soixante-dix-neuf à droite et puis montez de quarante-cinq,79,45
10095,allez de trente-sept à droite et puis montez de soixante-quinze,37,75
10096,allez de quarante-trois à droite et puis montez de quatre-vingt-dix-sept,43,97
10097,allez de onze à droite et puis montez de soixante-dix-huit,11,78
10098,allez de trente-neuf à droite et puis montez de un,39,1
10099,allez de cinquante-cinq à droite et puis montez de quatre-vingt-seize,55,96
10100,allez de cinquante à droite et puis montez de six,50,6
10101,allez de trente et un à droite et puis montez de quatre-vingts,31,80
10102,allez de quatre-vingt-dix-sept à droite et puis montez de trois,97,3
10103,allez de neuf à droite et puis montez de quatre-vingt-sept,9,87
10104,allez de trente-huit à droite et puis montez de soixante-quatorze,38,74
10105,allez de deux à droite et puis montez de treize,2,13
10106,allez de deux à droite et puis montez de soixante-cinq,2,65
10107,allez de dix-huit à droite et puis montez de soixante et onze,18,71
10108,allez de cinquante-quatre à droite et puis montez de quatre-vingt-seize,54,96
10109,allez de vingt et un à droite et puis montez de soixante,21,60
10110,allez de dix à droite et puis montez de seize,10,16
10111,allez de dix à droite et puis montez de trente-deux,10,32
10112,allez de neuf à droite et puis montez de soixante-dix-huit,9,78
10113,allez de quatre-vingt-quatre à droite et puis montez de cinquante-huit,84,58
10114,allez de cinquante-trois à droite et puis montez de vingt-deux,53,22
10115,allez de vingt et un à droite et puis montez de sept,21,7
10116,allez de quarante-quatre à droite et puis montez de quatre-vingt-onze,44,91
10117,allez de quatre à droite et puis montez de quatre-vingt-neuf,4,89
10118,allez de soixante et un à droite et puis montez de quatre-vingt-sept,61,87
10119,allez de huit à droite et puis montez de cinquante-neuf,8,59
10120,allez de soixante-six à droite et puis montez de quatre-vingt-seize,66,96
10121,allez de six à droite et puis montez de soixante-dix-sept,6,77
10122,allez de soixante-cinq à droite et puis montez de soixante-dix-neuf,65,79
10123,allez de cinquante à droite et puis montez de quarante-huit,50,48
10124,allez de dix à droite et puis montez de deux,10,2
10125,allez de cinquante-six à droite et puis montez de neuf,56,9
10126,allez de vingt-deux à droite et puis montez de soixante,22,60
10127,allez de onze à droite et puis montez de cinquante-six,11,56
10128,allez de seize à droite et puis montez de quatre-vingts,16,80
10129,allez de trente à droite et puis montez de cinquante-neuf,30,59
10130,allez de vingt-deux à droite et puis montez de neuf,22,9
10131,allez de quatre-vingt-quatre à droite et puis montez de quatre-vingt-huit,84,88
10132,allez de cinquante et un à droite et puis montez de trente-neuf,51,39
10133,allez de cinquante-cinq à droite et puis montez de quarante-huit,55,48
10134,allez de trente et un à droite et puis montez de quatre-vingt-trois,31,83
10135,allez de cinquante à droite et puis montez de trente-trois,50,33
10136,allez de quarante-quatre à droite et puis montez de quatre-vingt-quatre,44,84
10137,allez de trente-quatre à droite et puis montez de cinquante-neuf,34,59
10138,allez de quatre-vingt-trois à droite et puis montez de vingt-neuf,83,29
10139,allez de soixante-neuf à droite et puis montez de vingt,69,20
10140,allez de quatre-vingt-dix-huit à droite et puis montez de cinquante-neuf,98,59
10141,allez de soixante-quatre à droite et puis montez de vingt-quatre,64,24
10142,allez de quarante-trois à droite et puis montez de soixante-huit,43,68
10143,allez de soixante et un à droite et puis montez de quatre-vingt-quinze,61,95
10144,allez de soixante à droite et puis montez de cinquante-deux,60,52
10145,allez de douze à droite et puis montez de soixante-quatorze,12,74
10146,allez de cent à droite et puis montez de cinquante-cinq,100,55
10147,allez de quatre-vingt-huit à droite et puis montez de cinquante-neuf,88,59
10148,allez de dix-sept à droite et puis montez de soixante et un,17,61
10149,allez de vingt-neuf à droite et puis montez de dix-sept,29,17
10150,allez de soixante et onze à droite et puis montez de un,71,1
10151,allez de sept à droite et puis montez de soixante et un,7,61
10152,allez de vingt-quatre à droite et puis montez de quatre-vingt-un,24,81
10153,allez de dix à droite et puis montez de cinq,10,5
10154,allez de soixante-douze à droite et puis montez de soixante-trois,72,63
10155,allez de soixante-dix-neuf à droite et puis montez de soixante,79,60
10156,allez de quarante-sept à droite et puis montez de quatre-vingt-dix,47,90
10157,allez de soixante-sept à droite et puis montez de six,67,6
10158,allez de cinquante-sept à droite et puis montez de trente-cinq,57,35
10159,allez de neuf à droite et puis montez de deux,9,2
10160,allez de quatre-vingt-dix-sept à droite et puis montez de soixante-sept,97,67
10161,allez de dix à droite et puis montez de cinq,10,5
10162,allez de quinze à droite et puis montez de quatre-vingt-dix,15,90
10163,allez de quarante-cinq à droite et puis montez de quatre-vingt-dix-sept,45,97
10164,allez de quatre-vingt-dix-neuf à droite et puis montez de quatre-vingt-neuf,99,89
10165,allez de trente-six à droite et puis montez de quarante-cinq,36,45
10166,allez de deux à droite et puis montez de quatre-vingt-quinze,2,95
10167,allez de soixante-quatorze à droite et puis montez de deux,74,2
10168,allez de quarante et un à droite et puis montez de quatre-vingt-sept,41,87
10169,allez de quarante-huit à droite et puis montez de cinquante-deux,48,52
10170,allez de cent à droite et puis montez de quatre-vingt-douze,100,92
10171,allez de soixante-seize à droite et puis montez de vingt,76,20
10172,allez de cent à droite et puis montez de vingt-huit,100,28
10173,allez de cinquante-huit à droite et puis montez de dix-sept,58,17
10174,allez de trente-quatre à droite et puis montez de trente-quatre,34,34
10175,allez de quarante-deux à droite et puis montez de quatre-vingt-douze,42,92
10176,allez de quatre-vingt-onze à droite et puis montez de sept,91,7
10177,allez de soixante-dix-neuf à droite et puis montez de quatorze,79,14
10178,allez de seize à droite et puis montez de trente-sept,16,37
10179,allez de soixante-dix-sept à droite et puis montez de quinze,77,15
10180,allez de quatre-vingt-quinze à droite et puis montez de soixante-huit,95,68
10181,allez de soixante-dix-neuf à droite et puis montez de quarante-trois,79,43
10182,allez de seize à droite et puis montez de sept,16,7
10183,allez de trente-six à droite et puis montez de trente-cinq,36,35
10184,allez de deux à droite et puis montez de soixante-dix-huit,2,78
10185,allez de vingt-sept à droite et puis montez de vingt,27,20
10186,allez de cinquante à droite et puis montez de quatre-vingt-dix-huit,50,98
10187,allez de soixante-dix-huit à droite et puis montez de soixante-quatorze,78,74
10188,allez de quarante-deux à droite et puis montez de cinquante-deux,42,52
10189,allez de soixante-sept à droite et puis montez de un,67,1
10190,allez de trente-quatre à droite et puis montez de quatre-vingt-six,34,86
10191,allez de quatre-vingt-douze à droite et puis montez de quatre,92,4
10192,allez de soixante-douze à droite et puis montez de soixante-quinze,72,75
10193,allez de soixante et un à droite et puis montez de quarante-cinq,61,45
10194,allez de trente à droite et puis montez de dix-huit,30,18
10195,allez de sept à droite et puis montez de vingt-neuf,7,29
10196,allez de trente-six à droite et puis montez de soixante-neuf,36,69
10197,allez de quarante-six à droite et puis montez de quatre,46,4
10198,allez de dix à droite et puis montez de cinquante-quatre,10,54
10199,allez de quarante-deux à droite et puis montez de quarante-huit,42,48
10200,allez de trente et un à droite et puis montez de vingt-huit,31,28
10201,allez de cinquante-quatre à droite et puis montez de quarante-huit,54,48
10202,allez de quarante-deux à droite et puis montez de soixante-seize,42,76
10203,allez de quarante-cinq à droite et puis montez de cinquante-quatre,45,54
10204,allez de trente-cinq à droite et puis montez de soixante-quatre,35,64
10205,allez de deux à droite et puis montez de douze,2,12
10206,allez de trente-trois à droite et puis montez de quatre-vingt-dix-sept,33,97
10207,allez de soixante-seize à droite et puis montez de neuf,76,9
10208,allez de trente-cinq à droite et puis montez de vingt-trois,35,23
10209,allez de vingt-six à droite et puis montez de vingt-cinq,26,25
10210,allez de vingt-six à droite et puis montez de quatre-vingt-cinq,26,85
10211,allez de vingt-deux à droite et puis montez de quatre-vingts,22,80
10212,allez de trois à droite et puis montez de vingt-quatre,3,24
10213,allez de soixante-quinze à droite et puis montez de soixante-cinq,75,65
10214,allez de quatre-vingt-dix-neuf à droite et puis montez de soixante et onze,99,71
10215,allez de cinquante-huit à droite et puis montez de quarante-huit,58,48
10216,allez de quatre-vingt-dix à droite et puis montez de soixante et onze,90,71
10217,allez de quatre-vingt-neuf à droite et puis montez de soixante-quinze,89,75
10218,allez de soixante-dix-huit à droite et puis montez de vingt-deux,78,22
10219,allez de soixante-neuf à droite et puis montez de quatre-vingt-quatre,69,84
10220,allez de quatre-vingt-quatre à droite et puis montez de cinquante-six,84,56
10221,allez de trente-neuf à droite et puis montez de huit,39,8
10222,allez de quarante et un à droite et puis montez de soixante-douze,41,72
10223,allez de quatre-vingt-six à droite et puis montez de quarante-quatre,86,44
10224,allez de vingt-deux à droite et puis montez de vingt-quatre,22,24
10225,allez de vingt-six à droite et puis montez de quatre-vingt-un,26,81
10226,allez de dix à droite et puis montez de soixante-sept,10,67
10227,allez de treize à droite et puis montez de quinze,13,15
10228,allez de dix à droite et puis montez de cent,10,100
10229,allez de cinquante-huit à droite et puis montez de quatre-vingt-dix-sept,58,97
10230,allez de quatre-vingt-quatre à droite et puis montez de dix-huit,84,18
10231,allez de vingt-deux à droite et puis montez de quatre-vingt-quatorze,22,94
10232,allez de quarante-six à droite et puis montez de cinquante-trois,46,53
10233,allez de vingt-deux à droite et puis montez de quarante,22,40
10234,allez de onze à droite et puis montez de trente et un,11,31
10235,allez de cinquante à droite et puis montez de cinquante,50,50
10236,allez de quatre-vingts à droite et puis montez de soixante-cinq,80,65
10237,allez de trente-cinq à droite et puis montez de trente-six,35,36
10238,allez de cinquante-quatre à droite et puis montez de soixante et un,54,61
10239,allez de cinquante-six à droite et puis montez de neuf,56,9
10240,allez de quarante-cinq à droite et puis montez de trente-trois,45,33
10241,allez de deux à droite et puis montez de trois,2,3
10242,allez de deux à droite et puis montez de soixante-cinq,2,65
10243,allez de trente-quatre à droite et puis montez de soixante-six,34,66
10244,allez de cinquante-cinq à droite et puis montez de soixante-deux,55,62
10245,allez de soixante-sept à droite et puis montez de vingt-deux,67,22
10246,allez de vingt-deux à droite et puis montez de trente-sept,22,37
10247,allez de quarante-neuf à droite et puis montez de soixante-neuf,49,69
10248,allez de quarante-deux à droite et puis montez de soixante-seize,42,76
10249,allez de trente-quatre à droite et puis montez de soixante-seize,34,76
10250,allez de quatre-vingt-trois à droite et puis montez de quatre-vingt-cinq,83,85
10251,allez de cinq à droite et puis montez de six,5,6
10252,allez de quatre-vingt-un à droite et puis montez de soixante et un,81,61
10253,allez de quatre-vingt-dix à droite et puis montez de quatorze,90,14
10254,allez de soixante-neuf à droite et puis montez de douze,69,12
10255,allez de quatre-vingt-douze à droite et puis montez de quatre-vingt-onze,92,91
10256,allez de soixante-dix-neuf à droite et puis montez de trente-trois,79,33
10257,allez de cent à droite et puis montez de sept,100,7
10258,allez de quatre à droite et puis montez de quarante-quatre,4,44
10259,allez de douze à droite et puis montez de cinquante-trois,12,53
10260,allez de quatre-vingt-un à droite et puis montez de dix,81,10
10261,allez de trente-deux à droite et puis montez de treize,32,13
10262,allez de quatre à droite et puis montez de quatre-vingt-un,4,81
10263,allez de cinquante-cinq à droite et puis montez de quatre-vingt-cinq,55,85
10264,allez de quarante et un à droite et puis montez de quatre-vingt-onze,41,91
10265,allez de dix-neuf à droite et puis montez de soixante-douze,19,72
10266,allez de quarante-trois à droite et puis montez de cinquante-neuf,43,59
10267,allez de quarante-sept à droite et puis montez de trente-neuf,47,39
10268,allez de cinquante-cinq à droite et puis montez de vingt-sept,55,27
10269,allez de soixante-neuf à droite et puis montez de vingt-sept,69,27
10270,allez de soixante-trois à droite et puis montez de vingt,63,20
10271,allez de trente-trois à droite et puis montez de soixante-quatorze,33,74
10272,allez de quarante-cinq à droite et puis montez de quatre-vingt-treize,45,93
10273,allez de quarante-neuf à droite et puis montez de quatre-vingt-dix-huit,49,98
10274,allez de trente à droite et puis montez de deux,30,2
10275,allez de quarante à droite et puis montez de vingt-quatre,40,24
10276,allez de dix à droite et puis montez de cinquante-six,10,56
10277,allez de un à droite et puis montez de soixante et un,1,61
10278,allez de soixante-treize à droite et puis montez de quatre-vingt-treize,73,93
10279,allez de quarante-sept à droite et puis montez de quatre-vingt-neuf,47,89
10280,allez de vingt-trois à droite et puis montez de quatre-vingts,23,80
10281,allez de trente-huit à droite et puis montez de cinquante-deux,38,52
10282,allez de vingt-six à droite et puis montez de soixante,26,60
10283,allez de soixante-quatorze à droite et puis montez de trois,74,3
10284,allez de un à droite et puis montez de cinquante-cinq,1,55
10285,allez de trois à droite et puis montez de soixante-trois,3,63
10286,allez de vingt-cinq à droite et puis montez de soixante-dix-neuf,25,79
10287,allez de quatre-vingt-dix-sept à droite et puis montez de vingt-quatre,97,24
10288,allez de quatre à droite et puis montez de quarante et un,4,41
10289,allez de quatre-vingt-quinze à droite et puis montez de quarante-six,95,46
10290,allez de quatre-vingt-six à droite et puis montez de soixante-neuf,86,69
10291,allez de cinquante à droite et puis montez de quatre,50,4
10292,allez de vingt-trois à droite et puis montez de quatre-vingt-dix-sept,23,97
10293,allez de douze à droite et puis montez de sept,12,7
10294,allez de cinquante-six à droite et puis montez de quarante et un,56,41
10295,allez de quarante-trois à droite et puis montez de quatre-vingt-cinq,43,85
10296,allez de soixante-dix-huit à droite et puis montez de soixante-huit,78,68
10297,allez de onze à droite et puis montez de soixante-dix-neuf,11,79
10298,allez de quatre à droite et puis montez de treize,4,13
10299,allez de cinquante-huit à droite et puis montez de dix-sept,58,17
10300,allez de quatre-vingt-deux à droite et puis montez de huit,82,8
10301,allez de quatre-vingt-dix-neuf à droite et puis montez de quatre-vingt-huit,99,88
10302,allez de soixante-deux à droite et puis montez de quarante-deux,62,42
10303,allez de soixante-quatorze à droite et puis montez de quatre-vingt-dix,74,90
10304,allez de dix à droite et puis montez de quatre-vingt-neuf,10,89
10305,allez de quarante-quatre à droite et puis montez de vingt-six,44,26
10306,allez de cinquante-deux à droite et puis montez de quatre-vingt-un,52,81
10307,allez de treize à droite et puis montez de soixante,13,60
10308,allez de quatorze à droite et puis montez de seize,14,16
10309,allez de cinquante-quatre à droite et puis montez de soixante-six,54,66
10310,allez de trente-cinq à droite et puis montez de quinze,35,15
10311,allez de quatre-vingt-quinze à droite et puis montez de quatre-vingt-deux,95,82
10312,allez de cinquante-deux à droite et puis montez de cinq,52,5
10313,allez de soixante-huit à droite et puis montez de cinq,68,5
10314,allez de quatre-vingt-treize à droite et puis montez de quatre-vingt-treize,93,93
10315,allez de six à droite et puis montez de quatre-vingt-trois,6,83
10316,allez de quatre-vingt-neuf à droite et puis montez de quarante-trois,89,43
10317,allez de soixante et un à droite et puis montez de soixante-trois,61,63
10318,allez de cinquante-six à droite et puis montez de vingt-six,56,26
10319,allez de quatre-vingt-trois à droite et puis montez de quarante et un,83,41
10320,allez de soixante-neuf à droite et puis montez de soixante-dix-sept,69,77
10321,allez de douze à droite et puis montez de cinquante-sept,12,57
10322,allez de cinquante-huit à droite et puis montez de dix-huit,58,18
10323,allez de trente-six à droite et puis montez de dix-neuf,36,19
10324,allez de soixante-trois à droite et puis montez de dix-sept,63,17
10325,allez de vingt à droite et puis montez de dix-huit,20,18
10326,allez de dix-huit à droite et puis montez de quarante-quatre,18,44
10327,allez de quarante-huit à droite et puis montez de cinquante-quatre,48,54
10328,allez de quatre-vingt-un à droite et puis montez de trente-quatre,81,34
10329,allez de quarante-quatre à droite et puis montez de cinquante et un,44,51
10330,allez de vingt-cinq à droite et puis montez de quinze,25,15
10331,allez de quatre-vingt-huit à droite et puis montez de quatre-vingt-dix-sept,88,97
10332,allez de cinquante à droite et puis montez de cinquante-cinq,50,55
10333,allez de trente-sept à droite et puis montez de quatre-vingt-seize,37,96
10334,allez de quarante-six à droite et puis montez de soixante-treize,46,73
10335,allez de quatre-vingt-cinq à droite et puis montez de quatre-vingt-onze,85,91
10336,allez de quatre-vingts à droite et puis montez de deux,80,2
10337,allez de trente-trois à droite et puis montez de soixante et onze,33,71
10338,allez de quatre-vingt-treize à droite et puis montez de quarante-deux,93,42
10339,allez de soixante-dix-sept à droite et puis montez de quatre-vingt-six,77,86
10340,allez de dix-neuf à droite et puis montez de quarante-sept,19,47
10341,allez de cinquante-trois à droite et puis montez de trente et un,53,31
10342,allez de vingt-huit à droite et puis montez de soixante-treize,28,73
10343,allez de quatre-vingt-dix-sept à droite et puis montez de treize,97,13
10344,allez de trente-cinq à droite et puis montez de vingt-quatre,35,24
10345,allez de quatre-vingt-dix à droite et puis montez de cinquante-huit,90,58
10346,allez de soixante-deux à droite et puis montez de dix-neuf,62,19
10347,allez de cinquante-neuf à droite et puis montez de quatre-vingt-douze,59,92
10348,allez de quarante-neuf à droite et puis montez de un,49,1
10349,allez de quatre-vingt-treize à droite et puis montez de un,93,1
10350,allez de vingt-sept à droite et puis montez de vingt et un,27,21
10351,allez de cinquante-quatre à droite et puis montez de neuf,54,9
10352,allez de huit à droite et puis montez de cinquante-six,8,56
10353,allez de soixante-dix-sept à droite et puis montez de quatre-vingt-dix-huit,77,98
10354,allez de huit à droite et puis montez de dix-sept,8,17
10355,allez de quarante-sept à droite et puis montez de quatre-vingt-quatorze,47,94
10356,allez de quarante à droite et puis montez de cent,40,100
10357,allez de quatre-vingt-huit à droite et puis montez de dix-huit,88,18
10358,allez de quatre-vingt-sept à droite et puis montez de trente,87,30
10359,allez de trente-cinq à droite et puis montez de quatre-vingt-dix-neuf,35,99
10360,allez de soixante-dix-huit à droite et puis montez de soixante-trois,78,63
10361,allez de quatre-vingt-dix-sept à droite et puis montez de cinquante-sept,97,57
10362,allez de quatorze à droite et puis montez de quarante-huit,14,48
10363,allez de quarante-huit à droite et puis montez de vingt-sept,48,27
10364,allez de quinze à droite et puis montez de quatre-vingt-trois,15,83
10365,allez de soixante-sept à droite et puis montez de un,67,1
10366,allez de quatre-vingt-quatre à droite et puis montez de quatre-vingt-cinq,84,85
10367,allez de quatre-vingt-onze à droite et puis montez de cinq,91,5
10368,allez de soixante-seize à droite et puis montez de vingt-cinq,76,25
10369,allez de quatre-vingt-cinq à droite et puis montez de cinquante,85,50
10370,allez de un à droite et puis montez de soixante et onze,1,71
10371,allez de vingt-cinq à droite et puis montez de soixante-huit,25,68
10372,allez de quatre-vingt-dix à droite et puis montez de quatre-vingt-neuf,90,89
10373,allez de vingt-deux à droite et puis montez de cinquante-cinq,22,55
10374,allez de trente-deux à droite et puis montez de soixante-huit,32,68
10375,allez de quatre-vingt-cinq à droite et puis montez de soixante et un,85,61
10376,allez de vingt-deux à droite et puis montez de cinquante-trois,22,53
10377,allez de quarante-deux à droite et puis montez de quatre-vingts,42,80
10378,allez de quatre-vingt-quatre à droite et puis montez de quatre-vingt-six,84,86
10379,allez de quarante-quatre à droite et puis montez de quatre-vingt-dix,44,90
10380,allez de dix à droite et puis montez de soixante-dix,10,70
10381,allez de trente-deux à droite et puis montez de quatre-vingt-sept,32,87
10382,allez de soixante-dix-neuf à droite et puis montez de soixante-dix,79,70
10383,allez de vingt-deux à droite et puis montez de cent,22,100
10384,allez de trente-quatre à droite et puis montez de soixante-dix-huit,34,78
10385,allez de soixante-deux à droite et puis montez de quarante-quatre,62,44
10386,allez de quatorze à droite et puis montez de quarante-sept,14,47
10387,allez de soixante-quinze à droite et puis montez de soixante-dix,75,70
10388,allez de quatre-vingt-deux à droite et puis montez de soixante-seize,82,76
10389,allez de vingt-deux à droite et puis montez de soixante-huit,22,68
10390,allez de cinquante-trois à droite et puis montez de soixante,53,60
10391,allez de soixante-treize à droite et puis montez de vingt-quatre,73,24
10392,allez de un à droite et puis montez de quarante et un,1,41
10393,allez de trente-quatre à droite et puis montez de soixante-neuf,34,69
10394,allez de quatre-vingt-quatre à droite et puis montez de quatre-vingt-sept,84,87
10395,allez de quarante-neuf à droite et puis montez de vingt et un,49,21
10396,allez de vingt et un à droite et puis montez de dix-huit,21,18
10397,allez de un à droite et puis montez de soixante-quinze,1,75
10398,allez de dix-neuf à droite et puis montez de quatre-vingt-dix,19,90
10399,allez de quatre-vingt-dix-sept à droite et puis montez de cinquante-trois,97,53
10400,allez de soixante-douze à droite et puis montez de soixante-dix,72,70
10401,allez de quatre-vingt-dix-huit à droite et puis montez de trente-quatre,98,34
10402,allez de soixante-deux à droite et puis montez de quarante-deux,62,42
10403,allez de cinquante-deux à droite et puis montez de soixante et onze,52,71
10404,allez de sept à droite et puis montez de quatre-vingt-quatre,7,84
10405,allez de cinquante-deux à droite et puis montez de quatre-vingt-treize,52,93
10406,allez de soixante-sept à droite et puis montez de douze,67,12
10407,allez de cinquante-huit à droite et puis montez de quatre-vingt-douze,58,92
10408,allez de un à droite et puis montez de quinze,1,15
10409,allez de quatre-vingt-neuf à droite et puis montez de cinquante-huit,89,58
10410,allez de soixante-six à droite et puis montez de soixante-neuf,66,69
10411,allez de soixante et onze à droite et puis montez de soixante-huit,71,68
10412,allez de quatre à droite et puis montez de quatre-vingt-dix-huit,4,98
10413,allez de quatre-vingts à droite et puis montez de soixante-huit,80,68
10414,allez de quarante-six à droite et puis montez de cinq,46,5
10415,allez de quarante-six à droite et puis montez de vingt-six,46,26
10416,allez de neuf à droite et puis montez de quarante,9,40
10417,allez de vingt-sept à droite et puis montez de vingt-neuf,27,29
10418,allez de quatre-vingt-dix-neuf à droite et puis montez de trente-deux,99,32
10419,allez de quatre-vingt-six à droite et puis montez de quatre-vingt-trois,86,83
10420,allez de quatre-vingts à droite et puis montez de soixante-six,80,66
10421,allez de cinquante-trois à droite et puis montez de vingt et un,53,21
10422,allez de vingt-trois à droite et puis montez de quatre-vingt-seize,23,96
10423,allez de quatre-vingt-neuf à droite et puis montez de cinquante-huit,89,58
10424,allez de soixante à droite et puis montez de soixante-neuf,60,69
10425,allez de trente à droite et puis montez de soixante,30,60
10426,allez de trente-six à droite et puis montez de quatre-vingt-onze,36,91
10427,allez de quatre-vingt-seize à droite et puis montez de soixante-deux,96,62
10428,allez de quatre-vingt-dix à droite et puis montez de cinquante et un,90,51
10429,allez de quatre-vingt-six à droite et puis montez de six,86,6
10430,allez de treize à droite et puis montez de quatre,13,4
10431,allez de quatre-vingt-onze à droite et puis montez de cinquante-six,91,56
10432,allez de cinquante-sept à droite et puis montez de quatre-vingt-douze,57,92
10433,allez de dix-huit à droite et puis montez de soixante-quinze,18,75
10434,allez de soixante-quatorze à droite et puis montez de quatre-vingt-dix-sept,74,97
10435,allez de vingt-cinq à droite et puis montez de soixante-cinq,25,65
10436,allez de cinquante-deux à droite et puis montez de quatre-vingt-quatorze,52,94
10437,allez de quatre-vingt-treize à droite et puis montez de quarante-sept,93,47
10438,allez de soixante et un à droite et puis montez de seize,61,16
10439,allez de soixante et un à droite et puis montez de onze,61,11
10440,allez de treize à droite et puis montez de trente-sept,13,37
10441,allez de quatre-vingt-huit à droite et puis montez de douze,88,12
10442,allez de quatre-vingt-quatre à droite et puis montez de soixante-quatre,84,64
10443,allez de dix-sept à droite et puis montez de soixante-quinze,17,75
10444,allez de quatre-vingt-douze à droite et puis montez de soixante-quinze,92,75
10445,allez de quarante-quatre à droite et puis montez de quatre-vingt-cinq,44,85
10446,allez de quatre-vingt-sept à droite et puis montez de quatre-vingt-cinq,87,85
10447,allez de soixante-treize à droite et puis montez de quatre-vingt-neuf,73,89
10448,allez de quarante-sept à droite et puis montez de vingt-trois,47,23
10449,allez de quarante-cinq à droite et puis montez de soixante et onze,45,71
10450,allez de cinquante-quatre à droite et puis montez de trente-cinq,54,35
10451,allez de dix-sept à droite et puis montez de dix-huit,17,18
10452,allez de quarante-quatre à droite et puis montez de soixante-dix-huit,44,78
10453,allez de cinquante à droite et puis montez de quatre-vingt-douze,50,92
10454,allez de quarante-trois à droite et puis montez de soixante-dix-sept,43,77
10455,allez de cinquante à droite et puis montez de quarante-huit,50,48
10456,allez de soixante-cinq à droite et puis montez de quatre-vingt-dix-huit,65,98
10457,allez de quinze à droite et puis montez de soixante et un,15,61
10458,allez de soixante-deux à droite et puis montez de un,62,1
10459,allez de soixante-quinze à droite et puis montez de soixante-quinze,75,75
10460,allez de soixante-huit à droite et puis montez de quatre,68,4
10461,allez de sept à droite et puis montez de soixante-quinze,7,75
10462,allez de vingt et un à droite et puis montez de vingt,21,20
10463,allez de cinquante-deux à droite et puis montez de soixante,52,60
10464,allez de quatre-vingt-deux à droite et puis montez de quatre-vingt-trois,82,83
10465,allez de quarante-deux à droite et puis montez de soixante-deux,42,62
10466,allez de quatre-vingt-quatre à droite et puis montez de vingt-cinq,84,25
10467,allez de dix à droite et puis montez de cinquante-trois,10,53
10468,allez de trente à droite et puis montez de deux,30,2
10469,allez de vingt-trois à droite et puis montez de trente-trois,23,33
10470,allez de quatorze à droite et puis montez de quatre-vingt-cinq,14,85
10471,allez de vingt à droite et puis montez de trente-sept,20,37
10472,allez de soixante-quatre à droite et puis montez de quarante-trois,64,43
10473,allez de trente-huit à droite et puis montez de quarante-cinq,38,45
10474,allez de quatre-vingt-douze à droite et puis montez de cinquante-deux,92,52
10475,allez de quatre-vingt-cinq à droite et puis montez de quatre-vingt-seize,85,96
10476,allez de vingt-huit à droite et puis montez de vingt-sept,28,27
10477,allez de quatre-vingt-cinq à droite et puis montez de soixante-quinze,85,75
10478,allez de cinquante-sept à droite et puis montez de quatre-vingt-quinze,57,95
10479,allez de quatre-vingt-dix-neuf à droite et puis montez de soixante et un,99,61
10480,allez de quatre-vingt-neuf à droite et puis montez de soixante-quatre,89,64
10481,allez de cinquante-six à droite et puis montez de quatre-vingt-dix,56,90
10482,allez de quatre-vingt-neuf à droite et puis montez de trente-deux,89,32
10483,allez de quarante-sept à droite et puis montez de dix-huit,47,18
10484,allez de quarante à droite et puis montez de quarante-deux,40,42
10485,allez de quatre-vingt-dix à droite et puis montez de quatre-vingt-seize,90,96
10486,allez de quatre-vingts à droite et puis montez de quatre,80,4
10487,allez de vingt-six à droite et puis montez de cinquante-cinq,26,55
10488,allez de soixante-treize à droite et puis montez de quatre-vingt-treize,73,93
10489,allez de cinquante-six à droite et puis montez de quarante-trois,56,43
10490,allez de quarante-quatre à droite et puis montez de vingt-six,44,26
10491,allez de quatre-vingt-un à droite et puis montez de cinquante-huit,81,58
10492,allez de quarante-deux à droite et puis montez de quinze,42,15
10493,allez de vingt-cinq à droite et puis montez de soixante-treize,25,73
10494,allez de soixante-dix à droite et puis montez de quatre-vingt-dix-huit,70,98
10495,allez de vingt-sept à droite et puis montez de quarante-cinq,27,45
10496,allez de cent à droite et puis montez de quatre-vingt-cinq,100,85
10497,allez de soixante-cinq à droite et puis montez de trente-cinq,65,35
10498,allez de dix-sept à droite et puis montez de vingt-huit,17,28
10499,allez de soixante-huit à droite et puis montez de quatre-vingt-quatorze,68,94
10500,allez de quarante à droite et puis montez de dix-sept,40,17
10501,allez de soixante-deux à droite et puis montez de quarante-trois,62,43
10502,allez de trente-cinq à droite et puis montez de soixante-neuf,35,69
10503,allez de cinquante-huit à droite et puis montez de trois,58,3
10504,allez de quatre-vingt-seize à droite et puis montez de vingt,96,20
10505,allez de trente-cinq à droite et puis montez de soixante-neuf,35,69
10506,allez de trente-sept à droite et puis montez de quatre-vingt-treize,37,93
10507,allez de quatre-vingts à droite et puis montez de vingt-sept,80,27
10508,allez de quarante-deux à droite et puis montez de six,42,6
10509,allez de cinquante-trois à droite et puis montez de trente-trois,53,33
10510,allez de soixante-neuf à droite et puis montez de dix-huit,69,18
10511,allez de quatre-vingt-cinq à droite et puis montez de cinq,85,5
10512,allez de cinquante-cinq à droite et puis montez de trente-deux,55,32
10513,allez de quatre-vingt-quatorze à droite et puis montez de quatre-vingt-dix-sept,94,97
10514,allez de quatre-vingt-dix à droite et puis montez de quatre-vingts,90,80
10515,allez de trente-sept à droite et puis montez de quatre-vingt-sept,37,87
10516,allez de dix-huit à droite et puis montez de neuf,18,9
10517,allez de quatre-vingt-six à droite et puis montez de quatre-vingt-sept,86,87
10518,allez de quatre-vingt-un à droite et puis montez de quatre-vingt-douze,81,92
10519,allez de soixante-sept à droite et puis montez de quinze,67,15
10520,allez de quatre-vingt-dix à droite et puis montez de trente,90,30
10521,allez de quatre-vingt-deux à droite et puis montez de dix,82,10
10522,allez de trente à droite et puis montez de six,30,6
10523,allez de trois à droite et puis montez de dix-sept,3,17
10524,allez de quatre-vingt-un à droite et puis montez de cinquante-six,81,56
10525,allez de quatre-vingt-deux à droite et puis montez de soixante-six,82,66
10526,allez de quarante à droite et puis montez de quatre-vingt-huit,40,88
10527,allez de trente-quatre à droite et puis montez de deux,34,2
10528,allez de deux à droite et puis montez de quarante-neuf,2,49
10529,allez de quatre-vingt-huit à droite et puis montez de cinquante,88,50
10530,allez de soixante-quatre à droite et puis montez de soixante-quatorze,64,74
10531,allez de dix-sept à droite et puis montez de cinq,17,5
10532,allez de soixante-douze à droite et puis montez de vingt-trois,72,23
10533,allez de quatre-vingt-dix-neuf à droite et puis montez de cinquante-deux,99,52
10534,allez de quatre-vingt-treize à droite et puis montez de cinquante-deux,93,52
10535,allez de trente-quatre à droite et puis montez de un,34,1
10536,allez de trente à droite et puis montez de cinquante-six,30,56
10537,allez de soixante-huit à droite et puis montez de soixante-cinq,68,65
10538,allez de quatre-vingt-deux à droite et puis montez de quarante-deux,82,42
10539,allez de soixante-neuf à droite et puis montez de quarante-huit,69,48
10540,allez de vingt-neuf à droite et puis montez de soixante-quatre,29,64
10541,allez de cinquante-sept à droite et puis montez de vingt-quatre,57,24
10542,allez de soixante à droite et puis montez de quatre-vingt-quinze,60,95
10543,allez de quatre-vingt-dix-huit à droite et puis montez de quatre-vingt-treize,98,93
10544,allez de quarante-deux à droite et puis montez de soixante-douze,42,72
10545,allez de treize à droite et puis montez de soixante,13,60
10546,allez de quatre-vingt-six à droite et puis montez de sept,86,7
10547,allez de quatre-vingt-quinze à droite et puis montez de dix-huit,95,18
10548,allez de quatre-vingt-sept à droite et puis montez de huit,87,8
10549,allez de dix-sept à droite et puis montez de quarante-neuf,17,49
10550,allez de quarante-quatre à droite et puis montez de trente-sept,44,37
10551,allez de soixante-douze à droite et puis montez de neuf,72,9
10552,allez de vingt-quatre à droite et puis montez de sept,24,7
10553,allez de vingt-trois à droite et puis montez de quatre-vingts,23,80
10554,allez de sept à droite et puis montez de neuf,7,9
10555,allez de trente-neuf à droite et puis montez de cinquante-six,39,56
10556,allez de quatre-vingts à droite et puis montez de soixante-trois,80,63
10557,allez de soixante et onze à droite et puis montez de cinquante-deux,71,52
10558,allez de quatre-vingt-cinq à droite et puis montez de quatre-vingt-quatorze,85,94
10559,allez de quatre-vingt-dix-huit à droite et puis montez de vingt,98,20
10560,allez de vingt-deux à droite et puis montez de dix-sept,22,17
10561,allez de quatre-vingt-dix-sept à droite et puis montez de quarante-trois,97,43
10562,allez de soixante-quinze à droite et puis montez de cinquante-cinq,75,55
10563,allez de quatre-vingt-dix-sept à droite et puis montez de vingt-six,97,26
10564,allez de quatre-vingt-neuf à droite et puis montez de trente-six,89,36
10565,allez de quatre-vingt-dix-sept à droite et puis montez de quarante-sept,97,47
10566,allez de dix-neuf à droite et puis montez de seize,19,16
10567,allez de cinquante-huit à droite et puis montez de un,58,1
10568,allez de trente-cinq à droite et puis montez de cinquante-quatre,35,54
10569,allez de quatre-vingt-quatre à droite et puis montez de quarante-quatre,84,44
10570,allez de deux à droite et puis montez de vingt-sept,2,27
10571,allez de quarante-cinq à droite et puis montez de soixante-quatre,45,64
10572,allez de soixante-six à droite et puis montez de soixante-cinq,66,65
10573,allez de quatre-vingt-dix-huit à droite et puis montez de cinquante,98,50
10574,allez de quatre-vingt-trois à droite et puis montez de soixante-dix-sept,83,77
10575,allez de quatre-vingt-dix à droite et puis montez de cinq,90,5
10576,allez de quatre-vingt-trois à droite et puis montez de cinq,83,5
10577,allez de soixante-dix-neuf à droite et puis montez de quatre-vingt-douze,79,92
10578,allez de soixante et un à droite et puis montez de vingt,61,20
10579,allez de trente à droite et puis montez de vingt-cinq,30,25
10580,allez de soixante-dix-huit à droite et puis montez de quarante-huit,78,48
10581,allez de dix-huit à droite et puis montez de quarante-sept,18,47
10582,allez de quarante-quatre à droite et puis montez de quatre-vingt-seize,44,96
10583,allez de soixante-douze à droite et puis montez de trois,72,3
10584,allez de neuf à droite et puis montez de dix-sept,9,17
10585,allez de quinze à droite et puis montez de dix-neuf,15,19
10586,allez de treize à droite et puis montez de quarante-trois,13,43
10587,allez de quatre-vingt-dix-huit à droite et puis montez de dix-sept,98,17
10588,allez de quarante-cinq à droite et puis montez de huit,45,8
10589,allez de quarante-cinq à droite et puis montez de cinquante-neuf,45,59
10590,allez de vingt-trois à droite et puis montez de seize,23,16
10591,allez de soixante-sept à droite et puis montez de trente et un,67,31
10592,allez de neuf à droite et puis montez de quatre-vingt-huit,9,88
10593,allez de trente-deux à droite et puis montez de quatre-vingt-seize,32,96
10594,allez de quatre-vingt-trois à droite et puis montez de quatre-vingt-quatorze,83,94
10595,allez de quarante-sept à droite et puis montez de soixante-neuf,47,69
10596,allez de soixante-douze à droite et puis montez de soixante-deux,72,62
10597,allez de vingt et un à droite et puis montez de soixante-dix,21,70
10598,allez de quatre-vingt-deux à droite et puis montez de vingt-huit,82,28
10599,allez de cinquante-six à droite et puis montez de quatre-vingt-treize,56,93
10600,allez de huit à droite et puis montez de quatre-vingt-dix-huit,8,98
10601,allez de vingt et un à droite et puis montez de quarante-cinq,21,45
10602,allez de quatre-vingt-quatorze à droite et puis montez de quatre-vingt-huit,94,88
10603,allez de quinze à droite et puis montez de vingt et un,15,21
10604,allez de cinquante-neuf à droite et puis montez de soixante-neuf,59,69
10605,allez de quatre-vingts à droite et puis montez de soixante-cinq,80,65
10606,allez de quatre-vingt-cinq à droite et puis montez de vingt-trois,85,23
10607,allez de soixante à droite et puis montez de quatre-vingts,60,80
10608,allez de quatre-vingt-huit à droite et puis montez de huit,88,8
10609,allez de cinquante et un à droite et puis montez de cinquante-huit,51,58
10610,allez de quatre-vingts à droite et puis montez de cent,80,100
10611,allez de trois à droite et puis montez de trente-deux,3,32
10612,allez de soixante et un à droite et puis montez de soixante-quinze,61,75
10613,allez de vingt-neuf à droite et puis montez de trente-sept,29,37
10614,allez de soixante et un à droite et puis montez de quatre-vingt-huit,61,88
10615,allez de quarante-quatre à droite et puis montez de vingt-sept,44,27
10616,allez de quatre-vingt-neuf à droite et puis montez de onze,89,11
10617,allez de trente-huit à droite et puis montez de soixante-dix,38,70
10618,allez de vingt-quatre à droite et puis montez de quatre-vingt-quinze,24,95
10619,allez de cent à droite et puis montez de soixante-douze,100,72
10620,allez de quatre-vingt-dix-neuf à droite et puis montez de trente-neuf,99,39
10621,allez de dix-sept à droite et puis montez de quatre-vingt-quinze,17,95
10622,allez de soixante-douze à droite et puis montez de soixante-neuf,72,69
10623,allez de douze à droite et puis montez de trente-cinq,12,35
10624,allez de trente-trois à droite et puis montez de soixante-quatre,33,64
10625,allez de quatre-vingt-trois à droite et puis montez de quarante-neuf,83,49
10626,allez de vingt-quatre à droite et puis montez de quatre-vingts,24,80
10627,allez de trente-six à droite et puis montez de vingt-deux,36,22
10628,allez de quatre-vingt-dix-sept à droite et puis montez de cinquante-quatre,97,54
10629,allez de dix-neuf à droite et puis montez de quatre-vingt-sept,19,87
10630,allez de vingt-trois à droite et puis montez de treize,23,13
10631,allez de quatre-vingt-quatorze à droite et puis montez de soixante-huit,94,68
10632,allez de quarante-deux à droite et puis montez de quatre-vingt-dix,42,90
10633,allez de quarante-huit à droite et puis montez de quatre-vingt-dix,48,90
10634,allez de quatre-vingt-trois à droite et puis montez de trente-huit,83,38
10635,allez de sept à droite et puis montez de soixante-trois,7,63
10636,allez de soixante-quinze à droite et puis montez de six,75,6
10637,allez de quatre-vingt-dix à droite et puis montez de six,90,6
10638,allez de soixante-quatre à droite et puis montez de quatre-vingt-onze,64,91
10639,allez de soixante-treize à droite et puis montez de quatre-vingt-deux,73,82
10640,allez de quarante-neuf à droite et puis montez de quatre-vingt-onze,49,91
10641,allez de quatre-vingt-neuf à droite et puis montez de quatre-vingt-huit,89,88
10642,allez de quatorze à droite et puis montez de quinze,14,15
10643,allez de dix à droite et puis montez de cinquante-sept,10,57
10644,allez de quarante-trois à droite et puis montez de quarante-neuf,43,49
10645,allez de quarante-sept à droite et puis montez de soixante-huit,47,68
10646,allez de soixante-cinq à droite et puis montez de soixante et onze,65,71
10647,allez de soixante-deux à droite et puis montez de soixante-huit,62,68
10648,allez de cinquante-sept à droite et puis montez de quarante,57,40
10649,allez de cinquante-huit à droite et puis montez de quarante-quatre,58,44
10650,allez de soixante-quinze à droite et puis montez de quarante et un,75,41
10651,allez de quatre-vingt-trois à droite et puis montez de quatre-vingt-sept,83,87
10652,allez de quatre-vingt-quatorze à droite et puis montez de huit,94,8
10653,allez de soixante et onze à droite et puis montez de deux,71,2
10654,allez de soixante-quatre à droite et puis montez de soixante-dix,64,70
10655,allez de trente-cinq à droite et puis montez de soixante-treize,35,73
10656,allez de soixante à droite et puis montez de vingt-trois,60,23
10657,allez de quarante à droite et puis montez de trente-quatre,40,34
10658,allez de cinquante-neuf à droite et puis montez de quarante-six,59,46
10659,allez de vingt et un à droite et puis montez de cent,21,100
10660,allez de trente-huit à droite et puis montez de vingt-six,38,26
10661,allez de seize à droite et puis montez de soixante-dix-neuf,16,79
10662,allez de quarante-quatre à droite et puis montez de dix,44,10
10663,allez de vingt-six à droite et puis montez de un,26,1
10664,allez de quatre-vingt-onze à droite et puis montez de deux,91,2
10665,allez de huit à droite et puis montez de dix-neuf,8,19
10666,allez de cinquante-quatre à droite et puis montez de quatre-vingt-quatorze,54,94
10667,allez de trente à droite et puis montez de trente-deux,30,32
10668,allez de cinquante-cinq à droite et puis montez de trente-deux,55,32
10669,allez de dix-sept à droite et puis montez de soixante-dix-sept,17,77
10670,allez de quatre-vingt-cinq à droite et puis montez de trente-trois,85,33
10671,allez de cinquante-trois à droite et puis montez de quatre-vingt-treize,53,93
10672,allez de trente-neuf à droite et puis montez de quarante-trois,39,43
10673,allez de soixante-sept à droite et puis montez de soixante-dix,67,70
10674,allez de quatre-vingt-sept à droite et puis montez de soixante et un,87,61
10675,allez de cinquante et un à droite et puis montez de vingt-quatre,51,24
10676,allez de deux à droite et puis montez de quatre-vingt-quinze,2,95
10677,allez de soixante-treize à droite et puis montez de huit,73,8
10678,allez de soixante et onze à droite et puis montez de quatre-vingt-neuf,71,89
10679,allez de six à droite et puis montez de neuf,6,9
10680,allez de quatre-vingt-neuf à droite et puis montez de quatre-vingt-dix,89,90
10681,allez de quarante-sept à droite et puis montez de quarante-sept,47,47
10682,allez de quatre-vingt-trois à droite et puis montez de quarante-deux,83,42
10683,allez de quatre-vingt-douze à droite et puis montez de trente et un,92,31
10684,allez de quatre-vingt-quatorze à droite et puis montez de quatre-vingt-trois,94,83
10685,allez de soixante-dix-neuf à droite et puis montez de quatre-vingt-neuf,79,89
10686,allez de trente à droite et puis montez de soixante,30,60
10687,allez de cinquante-trois à droite et puis montez de soixante-dix-neuf,53,79
10688,allez de cinquante-deux à droite et puis montez de vingt-quatre,52,24
10689,allez de trente et un à droite et puis montez de vingt-deux,31,22
10690,allez de soixante-trois à droite et puis montez de cinquante-trois,63,53
10691,allez de trente-trois à droite et puis montez de vingt-huit,33,28
10692,allez de quatre-vingts à droite et puis montez de trente et un,80,31
10693,allez de quatre-vingts à droite et puis montez de cinquante-quatre,80,54
10694,allez de soixante-seize à droite et puis montez de cinquante-cinq,76,55
10695,allez de vingt-cinq à droite et puis montez de vingt-cinq,25,25
10696,allez de quatre-vingt-quinze à droite et puis montez de vingt-neuf,95,29
10697,allez de cinquante et un à droite et puis montez de soixante-quatorze,51,74
10698,allez de quarante-six à droite et puis montez de quarante-quatre,46,44
10699,allez de quatre-vingt-neuf à droite et puis montez de onze,89,11
10700,allez de quarante à droite et puis montez de trente-trois,40,33
10701,allez de vingt et un à droite et puis montez de quatre-vingt-sept,21,87
10702,allez de quatre-vingt-six à droite et puis montez de cinquante-six,86,56
10703,allez de trente-huit à droite et puis montez de dix-neuf,38,19
10704,allez de quarante à droite et puis montez de soixante-douze,40,72
10705,allez de vingt-cinq à droite et puis montez de sept,25,7
10706,allez de quarante-huit à droite et puis montez de cinquante et un,48,51
10707,allez de quatre-vingt-un à droite et puis montez de quatre-vingt-quatorze,81,94
10708,allez de quatorze à droite et puis montez de treize,14,13
10709,allez de quatre-vingt-cinq à droite et puis montez de quatre-vingt-sept,85,87
10710,allez de quarante-six à droite et puis montez de treize,46,13
10711,allez de soixante-dix-huit à droite et puis montez de soixante-treize,78,73
10712,allez de trente-trois à droite et puis montez de soixante-dix-huit,33,78
10713,allez de trente-six à droite et puis montez de quatre-vingt-quatre,36,84
10714,allez de quatre-vingts à droite et puis montez de quarante-quatre,80,44
10715,allez de treize à droite et puis montez de vingt-trois,13,23
10716,allez de vingt-six à droite et puis montez de soixante-trois,26,63
10717,allez de quatre-vingt-cinq à droite et puis montez de dix-sept,85,17
10718,allez de soixante-neuf à droite et puis montez de dix-sept,69,17
10719,allez de soixante-dix à droite et puis montez de soixante-douze,70,72
10720,allez de vingt-sept à droite et puis montez de quarante-sept,27,47
10721,allez de soixante et un à droite et puis montez de trente et un,61,31
10722,allez de onze à droite et puis montez de trente-sept,11,37
10723,allez de quatre-vingt-six à droite et puis montez de cinquante-neuf,86,59
10724,allez de cinquante à droite et puis montez de quarante-deux,50,42
10725,allez de huit à droite et puis montez de neuf,8,9
10726,allez de quatre-vingts à droite et puis montez de trente-deux,80,32
10727,allez de un à droite et puis montez de soixante-sept,1,67
10728,allez de quarante et un à droite et puis montez de quatre-vingt-dix-sept,41,97
10729,allez de quatre-vingt-deux à droite et puis montez de soixante-quinze,82,75
10730,allez de quarante et un à droite et puis montez de trois,41,3
10731,allez de dix-neuf à droite et puis montez de quatre-vingt-deux,19,82
10732,allez de quatre-vingt-dix-neuf à droite et puis montez de quatre-vingt-quinze,99,95
10733,allez de soixante-sept à droite et puis montez de vingt-six,67,26
10734,allez de neuf à droite et puis montez de quatre,9,4
10735,allez de quatre-vingts à droite et puis montez de vingt-deux,80,22
10736,allez de soixante-seize à droite et puis montez de onze,76,11
10737,allez de vingt-sept à droite et puis montez de trois,27,3
10738,allez de trois à droite et puis montez de quatre-vingt-quinze,3,95
10739,allez de sept à droite et puis montez de quarante-deux,7,42
10740,allez de quarante-sept à droite et puis montez de soixante-dix,47,70
10741,allez de quatre-vingt-quatorze à droite et puis montez de quatre-vingts,94,80
10742,allez de cinquante-sept à droite et puis montez de quarante et un,57,41
10743,allez de quatre-vingt-sept à droite et puis montez de quatre-vingt-un,87,81
10744,allez de quatre-vingt-dix-neuf à droite et puis montez de cinquante-deux,99,52
10745,allez de quarante à droite et puis montez de trente-cinq,40,35
10746,allez de quarante à droite et puis montez de soixante et onze,40,71
10747,allez de cent à droite et puis montez de quatre-vingt-quatre,100,84
10748,allez de quatre-vingt-onze à droite et puis montez de soixante-neuf,91,69
10749,allez de soixante et onze à droite et puis montez de soixante-quinze,71,75
10750,allez de soixante-quinze à droite et puis montez de quatorze,75,14
10751,allez de quarante à droite et puis montez de quinze,40,15
10752,allez de vingt et un à droite et puis montez de soixante-six,21,66
10753,allez de trente-sept à droite et puis montez de neuf,37,9
10754,allez de quarante-neuf à droite et puis montez de soixante,49,60
10755,allez de quatre-vingt-douze à droite et puis montez de dix-huit,92,18
10756,allez de soixante-quatorze à droite et puis montez de quatre-vingt-dix-neuf,74,99
10757,allez de onze à droite et puis montez de trente-six,11,36
10758,allez de vingt-huit à droite et puis montez de quarante-trois,28,43
10759,allez de cinquante-six à droite et puis montez de quatre-vingt-dix-neuf,56,99
10760,allez de soixante et un à droite et puis montez de dix-neuf,61,19
10761,allez de quarante à droite et puis montez de vingt et un,40,21
10762,allez de quatre-vingt-dix à droite et puis montez de trente,90,30
10763,allez de quatre à droite et puis montez de trente,4,30
10764,allez de seize à droite et puis montez de quarante-six,16,46
10765,allez de soixante-trois à droite et puis montez de quarante-trois,63,43
10766,allez de dix-neuf à droite et puis montez de quatre-vingt-cinq,19,85
10767,allez de huit à droite et puis montez de huit,8,8
10768,allez de quarante et un à droite et puis montez de quatre-vingt-sept,41,87
10769,allez de quarante-deux à droite et puis montez de trente,42,30
10770,allez de quatre-vingt-six à droite et puis montez de dix-huit,86,18
10771,allez de vingt-cinq à droite et puis montez de quarante-trois,25,43
10772,allez de sept à droite et puis montez de quinze,7,15
10773,allez de six à droite et puis montez de quatre-vingt-six,6,86
10774,allez de quatre-vingt-six à droite et puis montez de soixante-dix-huit,86,78
10775,allez de quatorze à droite et puis montez de quatre,14,4
10776,allez de quatre-vingt-huit à droite et puis montez de soixante-six,88,66
10777,allez de vingt et un à droite et puis montez de vingt-deux,21,22
10778,allez de vingt et un à droite et puis montez de vingt-six,21,26
10779,allez de quatre-vingt-six à droite et puis montez de quatre-vingt-douze,86,92
10780,allez de soixante-sept à droite et puis montez de vingt-six,67,26
10781,allez de quatre-vingt-seize à droite et puis montez de cinquante-sept,96,57
10782,allez de soixante-dix-neuf à droite et puis montez de soixante-six,79,66
10783,allez de douze à droite et puis montez de quatre-vingt-trois,12,83
10784,allez de soixante-neuf à droite et puis montez de trente-six,69,36
10785,allez de quatre-vingt-quatorze à droite et puis montez de quarante-six,94,46
10786,allez de quatre-vingt-seize à droite et puis montez de sept,96,7
10787,allez de six à droite et puis montez de trois,6,3
10788,allez de vingt-sept à droite et puis montez de cinquante-trois,27,53
10789,allez de treize à droite et puis montez de soixante,13,60
10790,allez de soixante-cinq à droite et puis montez de soixante-deux,65,62
10791,allez de cinquante-cinq à droite et puis montez de quarante-huit,55,48
10792,allez de quatorze à droite et puis montez de dix-neuf,14,19
10793,allez de quatre-vingt-neuf à droite et puis montez de soixante-dix-sept,89,77
10794,allez de douze à droite et puis montez de cinq,12,5
10795,allez de trente-six à droite et puis montez de cinquante-neuf,36,59
10796,allez de soixante-dix-neuf à droite et puis montez de quarante-neuf,79,49
10797,allez de cent à droite et puis montez de douze,100,12
10798,allez de cinquante-quatre à droite et puis montez de cinquante-cinq,54,55
10799,allez de cinquante-cinq à droite et puis montez de cinquante et un,55,51
10800,allez de soixante-cinq à droite et puis montez de soixante-dix-huit,65,78
10801,allez de un à droite et puis montez de vingt-quatre,1,24
10802,allez de quinze à droite et puis montez de trente-quatre,15,34
10803,allez de soixante-treize à droite et puis montez de soixante,73,60
10804,allez de soixante-dix-neuf à droite et puis montez de soixante-dix,79,70
10805,allez de cinquante-quatre à droite et puis montez de soixante-treize,54,73
10806,allez de quatre-vingt-dix-neuf à droite et puis montez de trente-neuf,99,39
10807,allez de quarante-sept à droite et puis montez de soixante-neuf,47,69
10808,allez de vingt-trois à droite et puis montez de deux,23,2
10809,allez de dix-huit à droite et puis montez de vingt-sept,18,27
10810,allez de quinze à droite et puis montez de quarante-six,15,46
10811,allez de quarante-six à droite et puis montez de vingt et un,46,21
10812,allez de quarante-six à droite et puis montez de vingt-cinq,46,25
10813,allez de soixante-cinq à droite et puis montez de vingt-sept,65,27
10814,allez de quatre-vingt-quatre à droite et puis montez de dix-neuf,84,19
10815,allez de soixante-sept à droite et puis montez de cinquante-six,67,56
10816,allez de trente-deux à droite et puis montez de soixante-dix-neuf,32,79
10817,allez de dix à droite et puis montez de quatre-vingt-huit,10,88
10818,allez de soixante-dix-huit à droite et puis montez de soixante-dix-huit,78,78
10819,allez de quatre-vingt-trois à droite et puis montez de soixante et un,83,61
10820,allez de quarante et un à droite et puis montez de vingt-trois,41,23
10821,allez de quatre-vingt-onze à droite et puis montez de soixante-deux,91,62
10822,allez de vingt-trois à droite et puis montez de soixante et onze,23,71
10823,allez de quatre-vingt-neuf à droite et puis montez de trente-deux,89,32
10824,allez de quatre à droite et puis montez de vingt-huit,4,28
10825,allez de soixante-six à droite et puis montez de trente-quatre,66,34
10826,allez de dix à droite et puis montez de quatre-vingt-un,10,81
10827,allez de soixante-cinq à droite et puis montez de quatre-vingt-trois,65,83
10828,allez de vingt-six à droite et puis montez de un,26,1
10829,allez de soixante-quatre à droite et puis montez de quatorze,64,14
10830,allez de quarante-cinq à droite et puis montez de quatre-vingt-huit,45,88
10831,allez de quarante-sept à droite et puis montez de vingt,47,20
10832,allez de soixante-six à droite et puis montez de quarante-deux,66,42
10833,allez de soixante-dix-huit à droite et puis montez de trente et un,78,31
10834,allez de quarante-neuf à droite et puis montez de six,49,6
10835,allez de quatre-vingt-dix-sept à droite et puis montez de soixante-dix-neuf,97,79
10836,allez de quatorze à droite et puis montez de vingt-cinq,14,25
10837,allez de quatre-vingt-seize à droite et puis montez de quarante-quatre,96,44
10838,allez de quinze à droite et puis montez de quatre-vingt-seize,15,96
10839,allez de soixante-dix-sept à droite et puis montez de soixante,77,60
10840,allez de seize à droite et puis montez de trente-deux,16,32
10841,allez de trente et un à droite et puis montez de quarante-neuf,31,49
10842,allez de quarante et un à droite et puis montez de soixante-cinq,41,65
10843,allez de quarante-neuf à droite et puis montez de quatre-vingt-dix-huit,49,98
10844,allez de soixante-sept à droite et puis montez de treize,67,13
10845,allez de soixante-neuf à droite et puis montez de cinquante-neuf,69,59
10846,allez de soixante-trois à droite et puis montez de trente-deux,63,32
10847,allez de quatre-vingt-cinq à droite et puis montez de cinquante,85,50
10848,allez de soixante-quinze à droite et puis montez de trois,75,3
10849,allez de soixante-deux à droite et puis montez de vingt-sept,62,27
10850,allez de quarante-cinq à droite et puis montez de cinquante-trois,45,53
10851,allez de cinquante-trois à droite et puis montez de quatre-vingts,53,80
10852,allez de quatre-vingt-onze à droite et puis montez de trois,91,3
10853,allez de cinquante-six à droite et puis montez de cinquante-cinq,56,55
10854,allez de soixante-treize à droite et puis montez de trente-huit,73,38
10855,allez de quatre-vingt-deux à droite et puis montez de quatre-vingt-trois,82,83
10856,allez de dix-neuf à droite et puis montez de vingt-quatre,19,24
10857,allez de vingt-quatre à droite et puis montez de soixante-quatre,24,64
10858,allez de soixante-deux à droite et puis montez de quatre-vingt-treize,62,93
10859,allez de soixante-dix à droite et puis montez de neuf,70,9
10860,allez de soixante à droite et puis montez de cinquante et un,60,51
10861,allez de vingt et un à droite et puis montez de soixante et onze,21,71
10862,allez de neuf à droite et puis montez de quinze,9,15
10863,allez de quatre-vingt-dix à droite et puis montez de six,90,6
10864,allez de quarante-quatre à droite et puis montez de quarante-neuf,44,49
10865,allez de sept à droite et puis montez de soixante-deux,7,62
10866,allez de quarante et un à droite et puis montez de vingt-deux,41,22
10867,allez de cinq à droite et puis montez de quarante,5,40
10868,allez de huit à droite et puis montez de trente-trois,8,33
10869,allez de cinquante à droite et puis montez de trente-cinq,50,35
10870,allez de vingt-cinq à droite et puis montez de huit,25,8
10871,allez de cinquante-huit à droite et puis montez de vingt-deux,58,22
10872,allez de soixante-deux à droite et puis montez de soixante-trois,62,63
10873,allez de cinquante-neuf à droite et puis montez de trente-neuf,59,39
10874,allez de soixante-quinze à droite et puis montez de soixante-cinq,75,65
10875,allez de quarante-six à droite et puis montez de cinquante-sept,46,57
10876,allez de soixante-cinq à droite et puis montez de soixante et un,65,61
10877,allez de trente et un à droite et puis montez de trente-quatre,31,34
10878,allez de soixante-trois à droite et puis montez de quatre-vingt-dix-sept,63,97
10879,allez de soixante-treize à droite et puis montez de quatre,73,4
10880,allez de vingt-quatre à droite et puis montez de cinquante,24,50
10881,allez de vingt-six à droite et puis montez de sept,26,7
10882,allez de cinquante-six à droite et puis montez de trente-cinq,56,35
10883,allez de soixante-sept à droite et puis montez de soixante-dix,67,70
10884,allez de soixante-six à droite et puis montez de dix-huit,66,18
10885,allez de dix-neuf à droite et puis montez de soixante-douze,19,72
10886,allez de trente-quatre à droite et puis montez de quarante et un,34,41
10887,allez de quatorze à droite et puis montez de quatre,14,4
10888,allez de cinquante à droite et puis montez de trente-deux,50,32
10889,allez de soixante-quatre à droite et puis montez de quatre-vingt-douze,64,92
10890,allez de quatre-vingt-onze à droite et puis montez de cinquante-deux,91,52
10891,allez de quarante-cinq à droite et puis montez de quarante-trois,45,43
10892,allez de soixante-deux à droite et puis montez de trois,62,3
10893,allez de quarante-neuf à droite et puis montez de vingt,49,20
10894,allez de cinq à droite et puis montez de trente-six,5,36
10895,allez de douze à droite et puis montez de quatre-vingt-quatre,12,84
10896,allez de soixante-dix à droite et puis montez de trente-quatre,70,34
10897,allez de vingt-trois à droite et puis montez de trente-quatre,23,34
10898,allez de quarante-deux à droite et puis montez de deux,42,2
10899,allez de quatre-vingt-treize à droite et puis montez de trois,93,3
10900,allez de soixante-quinze à droite et puis montez de trente-deux,75,32
10901,allez de quatre-vingt-dix à droite et puis montez de soixante-trois,90,63
10902,allez de quarante et un à droite et puis montez de soixante-quatorze,41,74
10903,allez de soixante-dix à droite et puis montez de soixante-six,70,66
10904,allez de quatre-vingt-deux à droite et puis montez de cinquante-cinq,82,55
10905,allez de trente-deux à droite et puis montez de quatre-vingt-douze,32,92
10906,allez de vingt-sept à droite et puis montez de cinquante-cinq,27,55
10907,allez de soixante-cinq à droite et puis montez de quatre-vingt-neuf,65,89
10908,allez de dix-sept à droite et puis montez de soixante-dix-huit,17,78
10909,allez de quatre-vingt-six à droite et puis montez de cinquante-quatre,86,54
10910,allez de soixante-cinq à droite et puis montez de onze,65,11
10911,allez de onze à droite et puis montez de vingt-trois,11,23
10912,allez de soixante-neuf à droite et puis montez de soixante-huit,69,68
10913,allez de quatre-vingt-cinq à droite et puis montez de dix-huit,85,18
10914,allez de quarante-six à droite et puis montez de cinquante-huit,46,58
10915,allez de quatre-vingt-dix à droite et puis montez de soixante-treize,90,73
10916,allez de quarante et un à droite et puis montez de vingt-cinq,41,25
10917,allez de dix à droite et puis montez de dix-huit,10,18
10918,allez de quarante à droite et puis montez de soixante-seize,40,76
10919,allez de dix à droite et puis montez de quatre-vingt-trois,10,83
10920,allez de cinquante-deux à droite et puis montez de soixante-douze,52,72
10921,allez de trente-quatre à droite et puis montez de vingt-huit,34,28
10922,allez de quarante-huit à droite et puis montez de soixante-dix-sept,48,77
10923,allez de quatre-vingt-deux à droite et puis montez de vingt-six,82,26
10924,allez de quarante-huit à droite et puis montez de trente et un,48,31
10925,allez de soixante-dix-neuf à droite et puis montez de trente-sept,79,37
10926,allez de quarante à droite et puis montez de trente et un,40,31
10927,allez de quatre-vingt-quatre à droite et puis montez de vingt-cinq,84,25
10928,allez de quatre-vingt-dix-sept à droite et puis montez de dix-sept,97,17
10929,allez de quarante-trois à droite et puis montez de cinquante-quatre,43,54
10930,allez de quarante-trois à droite et puis montez de quatre,43,4
10931,allez de cinquante et un à droite et puis montez de dix-huit,51,18
10932,allez de un à droite et puis montez de deux,1,2
10933,allez de quatre-vingt-seize à droite et puis montez de soixante-sept,96,67
10934,allez de quatre-vingt-six à droite et puis montez de quatre-vingt-quatorze,86,94
10935,allez de quatre-vingt-dix à droite et puis montez de quatre-vingt-seize,90,96
10936,allez de soixante-six à droite et puis montez de quatre,66,4
10937,allez de quarante-sept à droite et puis montez de douze,47,12
10938,allez de vingt-sept à droite et puis montez de quatre-vingt-treize,27,93
10939,allez de quatre-vingt-quatre à droite et puis montez de quarante-neuf,84,49
10940,allez de soixante et onze à droite et puis montez de quatre-vingts,71,80
10941,allez de quatre-vingt-quinze à droite et puis montez de quarante,95,40
10942,allez de vingt-cinq à droite et puis montez de vingt-cinq,25,25
10943,allez de trente-deux à droite et puis montez de huit,32,8
10944,allez de quatre-vingt-seize à droite et puis montez de soixante-dix-huit,96,78
10945,allez de quatre-vingt-quatorze à droite et puis montez de cinquante-cinq,94,55
10946,allez de cinquante-trois à droite et puis montez de trente-huit,53,38
10947,allez de vingt-cinq à droite et puis montez de cinquante-six,25,56
10948,allez de cinquante-sept à droite et puis montez de dix-huit,57,18
10949,allez de trente-huit à droite et puis montez de soixante-douze,38,72
10950,allez de vingt-quatre à droite et puis montez de quarante-cinq,24,45
10951,allez de soixante-dix à droite et puis montez de soixante-neuf,70,69
10952,allez de quatre-vingt-quinze à droite et puis montez de soixante-dix-neuf,95,79
10953,allez de quatre-vingt-seize à droite et puis montez de quatre-vingt-dix-sept,96,97
10954,allez de cinquante-six à droite et puis montez de cinquante-cinq,56,55
10955,allez de soixante et onze à droite et puis montez de quatre-vingt-un,71,81
10956,allez de vingt-neuf à droite et puis montez de soixante-treize,29,73
10957,allez de quatre-vingt-huit à droite et puis montez de soixante-douze,88,72
10958,allez de soixante-douze à droite et puis montez de soixante-quinze,72,75
10959,allez de vingt-neuf à droite et puis montez de soixante-dix,29,70
10960,allez de soixante et onze à droite et puis montez de quatre-vingt-huit,71,88
10961,allez de quatre-vingt-deux à droite et puis montez de quarante et un,82,41
10962,allez de dix à droite et puis montez de six,10,6
10963,allez de huit à droite et puis montez de dix-neuf,8,19
10964,allez de dix-huit à droite et puis montez de quatre-vingt-dix-huit,18,98
10965,allez de vingt-quatre à droite et puis montez de soixante-sept,24,67
10966,allez de soixante-quatorze à droite et puis montez de quatre,74,4
10967,allez de quatre-vingt-quatre à droite et puis montez de vingt et un,84,21
10968,allez de quatre-vingt-onze à droite et puis montez de soixante et un,91,61
10969,allez de quarante-sept à droite et puis montez de cinquante,47,50
10970,allez de trente-sept à droite et puis montez de soixante-six,37,66
10971,allez de soixante à droite et puis montez de soixante-quatorze,60,74
10972,allez de cinq à droite et puis montez de soixante-sept,5,67
10973,allez de quarante-deux à droite et puis montez de soixante-quatorze,42,74
10974,allez de deux à droite et puis montez de douze,2,12
10975,allez de quatre-vingt-six à droite et puis montez de soixante,86,60
10976,allez de cinquante et un à droite et puis montez de soixante et onze,51,71
10977,allez de douze à droite et puis montez de cinquante-sept,12,57
10978,allez de trente-six à droite et puis montez de vingt-six,36,26
10979,allez de dix-sept à droite et puis montez de dix-sept,17,17
10980,allez de quatre-vingt-un à droite et puis montez de quatre-vingt-trois,81,83
10981,allez de soixante et onze à droite et puis montez de quatre-vingt-quatre,71,84
10982,allez de cinquante-neuf à droite et puis montez de soixante-dix-huit,59,78
10983,allez de quatre-vingt-neuf à droite et puis montez de sept,89,7
10984,allez de soixante-dix-neuf à droite et puis montez de soixante-deux,79,62
10985,allez de quarante-sept à droite et puis montez de quatre-vingt-cinq,47,85
10986,allez de soixante-quinze à droite et puis montez de quarante,75,40
10987,allez de quatre-vingt-quinze à droite et puis montez de quatre-vingt-dix-huit,95,98
10988,allez de quatre-vingt-trois à droite et puis montez de soixante,83,60
10989,allez de trente-six à droite et puis montez de huit,36,8
10990,allez de trente-trois à droite et puis montez de quinze,33,15
10991,allez de soixante-treize à droite et puis montez de quatre-vingt-quinze,73,95
10992,allez de dix à droite et puis montez de quatre-vingts,10,80
10993,allez de quatre-vingt-un à droite et puis montez de quarante-cinq,81,45
10994,allez de soixante-deux à droite et puis montez de soixante-huit,62,68
10995,allez de quatre à droite et puis montez de vingt-sept,4,27
10996,allez de quatre-vingt-dix à droite et puis montez de soixante-dix-sept,90,77
10997,allez de soixante-douze à droite et puis montez de quinze,72,15
10998,allez de quatre-vingt-dix-neuf à droite et puis montez de soixante,99,60
10999,allez de six à droite et puis montez de soixante-quatorze,6,74
11000,allez de quatre-vingt-dix à droite et puis descendez de soixante-quatorze,90,-74
11001,allez de vingt-neuf à droite et puis descendez de quarante-deux,29,-42
11002,allez de trente-cinq à droite et puis descendez de soixante-sept,35,-67
11003,allez de quatre-vingt-dix-huit à droite et puis descendez de vingt-neuf,98,-29
11004,allez de soixante-treize à droite et puis descendez de cinquante-deux,73,-52
11005,allez de soixante-huit à droite et puis descendez de quatre-vingt-quatre,68,-84
11006,allez de quatre-vingt-dix-sept à droite et puis descendez de quatre-vingt-un,97,-81
11007,allez de quatre-vingt-dix-sept à droite et puis descendez de cinquante-six,97,-56
11008,allez de dix-huit à droite et puis descendez de quatre-vingt-cinq,18,-85
11009,allez de trente-trois à droite et puis descendez de neuf,33,-9
11010,allez de treize à droite et puis descendez de trente-six,13,-36
11011,allez de soixante-dix à droite et puis descendez de soixante,70,-60
11012,allez de trente-sept à droite et puis descendez de vingt et un,37,-21
11013,allez de quarante à droite et puis descendez de trente et un,40,-31
11014,allez de soixante-seize à droite et puis descendez de vingt-trois,76,-23
11015,allez de quatre-vingt-dix-sept à droite et puis descendez de cinq,97,-5
11016,allez de soixante-quatorze à droite et puis descendez de vingt et un,74,-21
11017,allez de quatorze à droite et puis descendez de cinquante-six,14,-56
11018,allez de trente-deux à droite et puis descendez de douze,32,-12
11019,allez de soixante-dix-sept à droite et puis descendez de vingt et un,77,-21
11020,allez de trente-sept à droite et puis descendez de soixante-dix-huit,37,-78
11021,allez de soixante-deux à droite et puis descendez de quarante,62,-40
11022,allez de soixante à droite et puis descendez de dix,60,-10
11023,allez de soixante-douze à droite et puis descendez de cinquante-sept,72,-57
11024,allez de trente-neuf à droite et puis descendez de dix-huit,39,-18
11025,allez de cinquante-cinq à droite et puis descendez de quatre-vingt-quatre,55,-84
11026,allez de douze à droite et puis descendez de quatre-vingt-un,12,-81
11027,allez de soixante-sept à droite et puis descendez de quarante-cinq,67,-45
11028,allez de trois à droite et puis descendez de quatre-vingt-cinq,3,-85
11029,allez de soixante-trois à droite et puis descendez de trente-trois,63,-33
11030,allez de soixante-cinq à droite et puis descendez de soixante-treize,65,-73
11031,allez de soixante-dix à droite et puis descendez de quarante-huit,70,-48
11032,allez de cinquante-six à droite et puis descendez de quatre-vingt-treize,56,-93
11033,allez de quatre-vingt-quatre à droite et puis descendez de vingt-deux,84,-22
11034,allez de soixante-sept à droite et puis descendez de cinquante et un,67,-51
11035,allez de quarante-sept à droite et puis descendez de soixante-huit,47,-68
11036,allez de soixante-dix-sept à droite et puis descendez de cinquante-neuf,77,-59
11037,allez de quatre-vingt-six à droite et puis descendez de dix-sept,86,-17
11038,allez de vingt et un à droite et puis descendez de soixante-six,21,-66
11039,allez de neuf à droite et puis descendez de quarante-neuf,9,-49
11040,allez de quatre-vingt-dix à droite et puis descendez de soixante-dix-neuf,90,-79
11041,allez de quatre-vingt-dix à droite et puis descendez de dix-neuf,90,-19
11042,allez de soixante-dix-huit à droite et puis descendez de vingt,78,-20
11043,allez de soixante-neuf à droite et puis descendez de dix-neuf,69,-19
11044,allez de vingt-trois à droite et puis descendez de vingt-deux,23,-22
11045,allez de soixante-quinze à droite et puis descendez de dix,75,-10
11046,allez de soixante et onze à droite et puis descendez de quatre-vingt-deux,71,-82
11047,allez de quatre-vingt-quatorze à droite et puis descendez de trente-cinq,94,-35
11048,allez de soixante-deux à droite et puis descendez de trente-neuf,62,-39
11049,allez de deux à droite et puis descendez de sept,2,-7
11050,allez de soixante-cinq à droite et puis descendez de quatre-vingt-sept,65,-87
11051,allez de quatre-vingt-douze à droite et puis descendez de soixante-dix-huit,92,-78
11052,allez de quatre à droite et puis descendez de quatre-vingt-six,4,-86
11053,allez de trente-deux à droite et puis descendez de vingt-trois,32,-23
11054,allez de trente-huit à droite et puis descendez de quarante-huit,38,-48
11055,allez de trente-deux à droite et puis descendez de vingt,32,-20
11056,allez de quatre à droite et puis descendez de quatre-vingt-dix-huit,4,-98
11057,allez de soixante-dix à droite et puis descendez de soixante-quinze,70,-75
11058,allez de soixante-douze à droite et puis descendez de quatre-vingt-deux,72,-82
11059,allez de soixante-neuf à droite et puis descendez de quatre-vingt-six,69,-86
11060,allez de quatre à droite et puis descendez de dix-neuf,4,-19
11061,allez de trente-sept à droite et puis descendez de quatre-vingt-deux,37,-82
11062,allez de quatre-vingt-sept à droite et puis descendez de quatorze,87,-14
11063,allez de quatre-vingt-huit à droite et puis descendez de quarante-cinq,88,-45
11064,allez de soixante-dix-sept à droite et puis descendez de cinquante-trois,77,-53
11065,allez de quatre-vingt-quatorze à droite et puis descendez de sept,94,-7
11066,allez de vingt-quatre à droite et puis descendez de trente-neuf,24,-39
11067,allez de quatorze à droite et puis descendez de treize,14,-13
11068,allez de soixante et un à droite et puis descendez de soixante-trois,61,-63
11069,allez de soixante-seize à droite et puis descendez de quatre-vingt-sept,76,-87
11070,allez de cent à droite et puis descendez de dix-sept,100,-17
11071,allez de trente-cinq à droite et puis descendez de quarante,35,-40
11072,allez de quatre-vingt-deux à droite et puis descendez de soixante-quatre,82,-64
11073,allez de trente-cinq à droite et puis descendez de quatre-vingt-cinq,35,-85
11074,allez de quatre-vingt-neuf à droite et puis descendez de sept,89,-7
11075,allez de un à droite et puis descendez de quatre-vingt-dix-sept,1,-97
11076,allez de soixante et un à droite et puis descendez de quarante-cinq,61,-45
11077,allez de vingt-neuf à droite et puis descendez de trente-cinq,29,-35
11078,allez de quatre-vingt-onze à droite et puis descendez de quarante-sept,91,-47
11079,allez de soixante-trois à droite et puis descendez de quatre-vingt-quinze,63,-95
11080,allez de dix-huit à droite et puis descendez de quatre-vingt-quinze,18,-95
11081,allez de soixante-six à droite et puis descendez de quatre-vingt-onze,66,-91
11082,allez de quatre-vingt-quatorze à droite et puis descendez de quatre,94,-4
11083,allez de trois à droite et puis descendez de quatre-vingt-quatre,3,-84
11084,allez de cinq à droite et puis descendez de quatre-vingt-un,5,-81
11085,allez de soixante à droite et puis descendez de quatre-vingt-douze,60,-92
11086,allez de dix à droite et puis descendez de quatorze,10,-14
11087,allez de quatre-vingt-dix-sept à droite et puis descendez de vingt,97,-20
11088,allez de soixante-huit à droite et puis descendez de neuf,68,-9
11089,allez de quinze à droite et puis descendez de trois,15,-3
11090,allez de huit à droite et puis descendez de cinquante-cinq,8,-55
11091,allez de trente-huit à droite et puis descendez de soixante-seize,38,-76
11092,allez de dix-sept à droite et puis descendez de quatre-vingt-deux,17,-82
11093,allez de cinquante-cinq à droite et puis descendez de trente-neuf,55,-39
11094,allez de vingt à droite et puis descendez de vingt-quatre,20,-24
11095,allez de soixante-quatre à droite et puis descendez de quatre-vingt-quatre,64,-84
11096,allez de quarante et un à droite et puis descendez de quatre-vingt-quatorze,41,-94
11097,allez de quatre-vingt-dix-huit à droite et puis descendez de soixante-huit,98,-68
11098,allez de sept à droite et puis descendez de huit,7,-8
11099,allez de quatre-vingt-sept à droite et puis descendez de quatre-vingt-douze,87,-92
11100,allez de seize à droite et puis descendez de seize,16,-16
11101,allez de quatre-vingt-seize à droite et puis descendez de soixante-trois,96,-63
11102,allez de cinquante-trois à droite et puis descendez de quarante-neuf,53,-49
11103,allez de trente-quatre à droite et puis descendez de soixante-quatre,34,-64
11104,allez de quatre-vingts à droite et puis descendez de dix,80,-10
11105,allez de trente et un à droite et puis descendez de six,31,-6
11106,allez de quatre-vingt-deux à droite et puis descendez de soixante-dix,82,-70
11107,allez de dix à droite et puis descendez de neuf,10,-9
11108,allez de quarante-huit à droite et puis descendez de soixante,48,-60
11109,allez de soixante et onze à droite et puis descendez de quatre-vingt-quatre,71,-84
11110,allez de cinq à droite et puis descendez de quatre-vingt-douze,5,-92
11111,allez de quatre-vingt-dix à droite et puis descendez de quatre-vingt-quinze,90,-95
11112,allez de soixante et un à droite et puis descendez de quatre-vingt-un,61,-81
11113,allez de soixante-cinq à droite et puis descendez de trente-six,65,-36
11114,allez de quarante-six à droite et puis descendez de quarante-neuf,46,-49
11115,allez de quatre-vingt-neuf à droite et puis descendez de soixante-deux,89,-62
11116,allez de soixante-dix-sept à droite et puis descendez de quatre-vingts,77,-80
11117,allez de soixante-quinze à droite et puis descendez de quatre-vingt-quinze,75,-95
11118,allez de cinquante-deux à droite et puis descendez de quatre-vingt-quinze,52,-95
11119,allez de quarante-huit à droite et puis descendez de soixante-treize,48,-73
11120,allez de vingt-neuf à droite et puis descendez de trente et un,29,-31
11121,allez de quatre-vingt-sept à droite et puis descendez de trente-six,87,-36
11122,allez de soixante-quinze à droite et puis descendez de quatre-vingt-seize,75,-96
11123,allez de quatre-vingt-cinq à droite et puis descendez de trente-cinq,85,-35
11124,allez de soixante-trois à droite et puis descendez de dix-huit,63,-18
11125,allez de cent à droite et puis descendez de soixante-six,100,-66
11126,allez de trente-neuf à droite et puis descendez de quatre-vingt-dix-neuf,39,-99
11127,allez de six à droite et puis descendez de quarante-sept,6,-47
11128,allez de quarante-six à droite et puis descendez de quarante-huit,46,-48
11129,allez de huit à droite et puis descendez de trente-trois,8,-33
11130,allez de quatre-vingts à droite et puis descendez de quatre-vingt-treize,80,-93
11131,allez de cinquante-six à droite et puis descendez de trente-deux,56,-32
11132,allez de quarante-trois à droite et puis descendez de quatorze,43,-14
11133,allez de quarante-neuf à droite et puis descendez de quatre,49,-4
11134,allez de quarante-six à droite et puis descendez de cinquante-quatre,46,-54
11135,allez de quarante-six à droite et puis descendez de quatre-vingt-seize,46,-96
11136,allez de seize à droite et puis descendez de quatre-vingt-quatre,16,-84
11137,allez de quatre-vingt-dix à droite et puis descendez de quatre-vingt-dix-sept,90,-97
11138,allez de trente-six à droite et puis descendez de trente et un,36,-31
11139,allez de cinquante-huit à droite et puis descendez de soixante-quatorze,58,-74
11140,allez de quatre-vingt-cinq à droite et puis descendez de quarante-sept,85,-47
11141,allez de dix-huit à droite et puis descendez de soixante-quinze,18,-75
11142,allez de quatre-vingt-six à droite et puis descendez de quatre-vingt-deux,86,-82
11143,allez de trente-cinq à droite et puis descendez de soixante-dix-neuf,35,-79
11144,allez de cinquante-deux à droite et puis descendez de huit,52,-8
11145,allez de quatre-vingt-dix à droite et puis descendez de quatre-vingt-deux,90,-82
11146,allez de quatre-vingt-dix-neuf à droite et puis descendez de soixante-dix-neuf,99,-79
11147,allez de soixante-sept à droite et puis descendez de quatre-vingt-treize,67,-93
11148,allez de quarante et un à droite et puis descendez de vingt-cinq,41,-25
11149,allez de trente-quatre à droite et puis descendez de vingt-quatre,34,-24
11150,allez de soixante-six à droite et puis descendez de soixante-dix,66,-70
11151,allez de quatre-vingts à droite et puis descendez de un,80,-1
11152,allez de vingt à droite et puis descendez de quinze,20,-15
11153,allez de trente-huit à droite et puis descendez de dix-neuf,38,-19
11154,allez de quarante-neuf à droite et puis descendez de vingt-trois,49,-23
11155,allez de soixante et onze à droite et puis descendez de quatre-vingt-seize,71,-96
11156,allez de quarante-sept à droite et puis descendez de sept,47,-7
11157,allez de cinquante-sept à droite et puis descendez de trente et un,57,-31
11158,allez de douze à droite et puis descendez de seize,12,-16
11159,allez de soixante-douze à droite et puis descendez de quarante-sept,72,-47
11160,allez de onze à droite et puis descendez de dix,11,-10
11161,allez de quatre-vingt-onze à droite et puis descendez de soixante-cinq,91,-65
11162,allez de quatre-vingt-quinze à droite et puis descendez de trente-quatre,95,-34
11163,allez de deux à droite et puis descendez de quatre-vingt-treize,2,-93
11164,allez de trente-huit à droite et puis descendez de quarante-sept,38,-47
11165,allez de dix-sept à droite et puis descendez de neuf,17,-9
11166,allez de dix-huit à droite et puis descendez de soixante-six,18,-66
11167,allez de quarante-six à droite et puis descendez de soixante-treize,46,-73
11168,allez de trente-sept à droite et puis descendez de cinquante,37,-50
11169,allez de quatre-vingt-neuf à droite et puis descendez de quarante-deux,89,-42
11170,allez de treize à droite et puis descendez de soixante-dix-sept,13,-77
11171,allez de deux à droite et puis descendez de vingt-trois,2,-23
11172,allez de quatre-vingt-dix-huit à droite et puis descendez de quarante et un,98,-41
11173,allez de quarante-quatre à droite et puis descendez de neuf,44,-9
11174,allez de cinquante à droite et puis descendez de soixante-six,50,-66
11175,allez de cinquante et un à droite et puis descendez de soixante-neuf,51,-69
11176,allez de vingt-quatre à droite et puis descendez de soixante-dix-neuf,24,-79
11177,allez de cinquante-sept à droite et puis descendez de cinquante-neuf,57,-59
11178,allez de trente-huit à droite et puis descendez de trente-neuf,38,-39
11179,allez de soixante-dix à droite et puis descendez de soixante-dix-sept,70,-77
11180,allez de cinquante-neuf à droite et puis descendez de deux,59,-2
11181,allez de cinquante-neuf à droite et puis descendez de trente-sept,59,-37
11182,allez de cinquante à droite et puis descendez de quatre-vingt-trois,50,-83
11183,allez de dix-neuf à droite et puis descendez de quarante-trois,19,-43
11184,allez de quarante-neuf à droite et puis descendez de un,49,-1
11185,allez de cinquante-cinq à droite et puis descendez de trente-trois,55,-33
11186,allez de onze à droite et puis descendez de quarante-neuf,11,-49
11187,allez de neuf à droite et puis descendez de soixante-dix-sept,9,-77
11188,allez de neuf à droite et puis descendez de quarante et un,9,-41
11189,allez de sept à droite et puis descendez de soixante-treize,7,-73
11190,allez de quatre-vingt-huit à droite et puis descendez de vingt-cinq,88,-25
11191,allez de cinquante à droite et puis descendez de soixante-cinq,50,-65
11192,allez de soixante-deux à droite et puis descendez de cinquante,62,-50
11193,allez de vingt-quatre à droite et puis descendez de soixante-deux,24,-62
11194,allez de quatre-vingt-douze à droite et puis descendez de soixante-trois,92,-63
11195,allez de quatre-vingt-douze à droite et puis descendez de cinquante-deux,92,-52
11196,allez de quatre-vingt-sept à droite et puis descendez de trente,87,-30
11197,allez de soixante-trois à droite et puis descendez de soixante et onze,63,-71
11198,allez de soixante et onze à droite et puis descendez de quarante-neuf,71,-49
11199,allez de soixante-cinq à droite et puis descendez de soixante-six,65,-66
11200,allez de cinquante à droite et puis descendez de quatre-vingt-onze,50,-91
11201,allez de quarante-quatre à droite et puis descendez de quatre-vingt-sept,44,-87
11202,allez de neuf à droite et puis descendez de vingt-cinq,9,-25
11203,allez de trente-huit à droite et puis descendez de trois,38,-3
11204,allez de vingt-cinq à droite et puis descendez de quatre,25,-4
11205,allez de quatre-vingt-dix-huit à droite et puis descendez de quatre-vingts,98,-80
11206,allez de cinquante-quatre à droite et puis descendez de neuf,54,-9
11207,allez de vingt-cinq à droite et puis descendez de soixante et onze,25,-71
11208,allez de quatre à droite et puis descendez de soixante-quatorze,4,-74
11209,allez de neuf à droite et puis descendez de vingt,9,-20
11210,allez de cinquante à droite et puis descendez de quatre-vingts,50,-80
11211,allez de quatre-vingt-deux à droite et puis descendez de vingt-cinq,82,-25
11212,allez de quatre-vingt-six à droite et puis descendez de quarante-six,86,-46
11213,allez de cinquante-neuf à droite et puis descendez de trente-huit,59,-38
11214,allez de trente-six à droite et puis descendez de huit,36,-8
11215,allez de quatre-vingt-dix-sept à droite et puis descendez de quatre-vingt-six,97,-86
11216,allez de quarante et un à droite et puis descendez de dix,41,-10
11217,allez de soixante-quatorze à droite et puis descendez de cinquante-neuf,74,-59
11218,allez de cinquante et un à droite et puis descendez de quatre-vingt-quinze,51,-95
11219,allez de trente-neuf à droite et puis descendez de quatre-vingt-cinq,39,-85
11220,allez de vingt à droite et puis descendez de soixante,20,-60
11221,allez de seize à droite et puis descendez de quatre-vingt-seize,16,-96
11222,allez de soixante-neuf à droite et puis descendez de trente-huit,69,-38
11223,allez de cinquante-trois à droite et puis descendez de trente-cinq,53,-35
11224,allez de quatre-vingt-treize à droite et puis descendez de vingt-quatre,93,-24
11225,allez de quarante-deux à droite et puis descendez de dix-huit,42,-18
11226,allez de vingt-deux à droite et puis descendez de quatre-vingt-quatorze,22,-94
11227,allez de quatre-vingts à droite et puis descendez de quatre-vingts,80,-80
11228,allez de quarante-quatre à droite et puis descendez de quarante-deux,44,-42
11229,allez de trente-huit à droite et puis descendez de soixante-quatorze,38,-74
11230,allez de quatre-vingt-douze à droite et puis descendez de soixante-dix,92,-70
11231,allez de quatre-vingt-dix-huit à droite et puis descendez de cinquante-quatre,98,-54
11232,allez de quatre-vingt-seize à droite et puis descendez de huit,96,-8
11233,allez de quatre-vingt-treize à droite et puis descendez de trente-cinq,93,-35
11234,allez de trente et un à droite et puis descendez de deux,31,-2
11235,allez de soixante-dix-huit à droite et puis descendez de trente-six,78,-36
11236,allez de un à droite et puis descendez de sept,1,-7
11237,allez de quarante-six à droite et puis descendez de quatre-vingt-deux,46,-82
11238,allez de soixante-neuf à droite et puis descendez de quarante-quatre,69,-44
11239,allez de quatre-vingt-onze à droite et puis descendez de quatre-vingt-sept,91,-87
11240,allez de quatre-vingt-neuf à droite et puis descendez de quarante-trois,89,-43
11241,allez de soixante et onze à droite et puis descendez de soixante-six,71,-66
11242,allez de sept à droite et puis descendez de soixante-douze,7,-72
11243,allez de cinquante-neuf à droite et puis descendez de quarante-six,59,-46
11244,allez de quarante à droite et puis descendez de quarante-sept,40,-47
11245,allez de quinze à droite et puis descendez de quarante-quatre,15,-44
11246,allez de deux à droite et puis descendez de vingt et un,2,-21
11247,allez de quatre-vingt-trois à droite et puis descendez de dix-sept,83,-17
11248,allez de trente-trois à droite et puis descendez de quatre-vingt-dix,33,-90
11249,allez de quatre-vingt-trois à droite et puis descendez de dix-sept,83,-17
11250,allez de cinquante-deux à droite et puis descendez de quarante-huit,52,-48
11251,allez de soixante-trois à droite et puis descendez de soixante-deux,63,-62
11252,allez de deux à droite et puis descendez de quatre-vingt-treize,2,-93
11253,allez de trente-quatre à droite et puis descendez de soixante-seize,34,-76
11254,allez de soixante-dix-sept à droite et puis descendez de quatre-vingt-cinq,77,-85
11255,allez de cinquante et un à droite et puis descendez de soixante-quatorze,51,-74
11256,allez de quatre-vingt-seize à droite et puis descendez de dix,96,-10
11257,allez de cinq à droite et puis descendez de quatre,5,-4
11258,allez de trente-six à droite et puis descendez de quinze,36,-15
11259,allez de dix-sept à droite et puis descendez de soixante-douze,17,-72
11260,allez de trente-sept à droite et puis descendez de quatre-vingt-dix-neuf,37,-99
11261,allez de soixante-douze à droite et puis descendez de trente-huit,72,-38
11262,allez de quatorze à droite et puis descendez de huit,14,-8
11263,allez de trente-six à droite et puis descendez de trois,36,-3
11264,allez de quatre-vingt-dix à droite et puis descendez de six,90,-6
11265,allez de vingt à droite et puis descendez de quatre-vingt-quatre,20,-84
11266,allez de quatre-vingt-trois à droite et puis descendez de vingt-huit,83,-28
11267,allez de quatre-vingt-deux à droite et puis descendez de trente-neuf,82,-39
11268,allez de quinze à droite et puis descendez de quatre-vingt-seize,15,-96
11269,allez de quatre-vingt-six à droite et puis descendez de un,86,-1
11270,allez de dix-huit à droite et puis descendez de quatre-vingt-dix-sept,18,-97
11271,allez de trois à droite et puis descendez de quatre-vingt-un,3,-81
11272,allez de cinquante-neuf à droite et puis descendez de quatre,59,-4
11273,allez de trente-neuf à droite et puis descendez de soixante-douze,39,-72
11274,allez de cinquante-quatre à droite et puis descendez de trois,54,-3
11275,allez de quatre-vingt-dix-neuf à droite et puis descendez de cinquante-cinq,99,-55
11276,allez de quatre-vingt-dix à droite et puis descendez de quatre-vingt-dix,90,-90
11277,allez de quarante-sept à droite et puis descendez de quarante-quatre,47,-44
11278,allez de dix-sept à droite et puis descendez de quinze,17,-15
11279,allez de onze à droite et puis descendez de vingt-sept,11,-27
11280,allez de trente à droite et puis descendez de cinquante-huit,30,-58
11281,allez de vingt-neuf à droite et puis descendez de cinquante-trois,29,-53
11282,allez de soixante-dix à droite et puis descendez de quatre-vingt-dix,70,-90
11283,allez de quatre-vingt-six à droite et puis descendez de trente-huit,86,-38
11284,allez de trente-huit à droite et puis descendez de dix-huit,38,-18
11285,allez de quarante-quatre à droite et puis descendez de quatre-vingt-dix-huit,44,-98
11286,allez de vingt-trois à droite et puis descendez de quarante,23,-40
11287,allez de dix-huit à droite et puis descendez de quatre-vingt-six,18,-86
11288,allez de cinquante-sept à droite et puis descendez de dix-neuf,57,-19
11289,allez de deux à droite et puis descendez de quatre-vingt-dix-huit,2,-98
11290,allez de soixante-neuf à droite et puis descendez de soixante-sept,69,-67
11291,allez de cinquante-huit à droite et puis descendez de quarante et un,58,-41
11292,allez de soixante et un à droite et puis descendez de vingt-huit,61,-28
11293,allez de quarante-huit à droite et puis descendez de soixante-quinze,48,-75
11294,allez de cinquante-sept à droite et puis descendez de vingt-huit,57,-28
11295,allez de onze à droite et puis descendez de quarante-sept,11,-47
11296,allez de cinquante-cinq à droite et puis descendez de cinquante et un,55,-51
11297,allez de quatre-vingt-dix-sept à droite et puis descendez de quatre-vingt-deux,97,-82
11298,allez de treize à droite et puis descendez de vingt-sept,13,-27
11299,allez de seize à droite et puis descendez de cinquante-cinq,16,-55
11300,allez de sept à droite et puis descendez de trente-neuf,7,-39
11301,allez de quatre-vingt-treize à droite et puis descendez de quatre-vingt-trois,93,-83
11302,allez de cinquante-quatre à droite et puis descendez de cinquante,54,-50
11303,allez de cinquante-deux à droite et puis descendez de trente-quatre,52,-34
11304,allez de soixante-dix-huit à droite et puis descendez de dix-huit,78,-18
11305,allez de un à droite et puis descendez de quarante,1,-40
11306,allez de cinquante-quatre à droite et puis descendez de quatre-vingt-un,54,-81
11307,allez de quatre-vingt-sept à droite et puis descendez de vingt,87,-20
11308,allez de quatre-vingt-cinq à droite et puis descendez de quatre-vingt-quatorze,85,-94
11309,allez de onze à droite et puis descendez de soixante-cinq,11,-65
11310,allez de vingt-six à droite et puis descendez de quatre-vingt-quatorze,26,-94
11311,allez de cent à droite et puis descendez de dix,100,-10
11312,allez de cinquante-neuf à droite et puis descendez de quatre-vingt-huit,59,-88
11313,allez de vingt-deux à droite et puis descendez de soixante-quinze,22,-75
11314,allez de soixante-dix à droite et puis descendez de huit,70,-8
11315,allez de vingt-neuf à droite et puis descendez de huit,29,-8
11316,allez de trente à droite et puis descendez de soixante-quatre,30,-64
11317,allez de soixante et onze à droite et puis descendez de vingt-trois,71,-23
11318,allez de trente-deux à droite et puis descendez de sept,32,-7
11319,allez de neuf à droite et puis descendez de trente-six,9,-36
11320,allez de soixante-six à droite et puis descendez de quatre,66,-4
11321,allez de quatre-vingt-treize à droite et puis descendez de neuf,93,-9
11322,allez de treize à droite et puis descendez de vingt et un,13,-21
11323,allez de vingt et un à droite et puis descendez de soixante-sept,21,-67
11324,allez de soixante-quinze à droite et puis descendez de trente-huit,75,-38
11325,allez de vingt et un à droite et puis descendez de quarante-six,21,-46
11326,allez de quatre-vingt-quinze à droite et puis descendez de vingt-quatre,95,-24
11327,allez de cinquante à droite et puis descendez de soixante-treize,50,-73
11328,allez de quatre-vingt-cinq à droite et puis descendez de trente,85,-30
11329,allez de seize à droite et puis descendez de quatre-vingt-neuf,16,-89
11330,allez de quarante à droite et puis descendez de trente-six,40,-36
11331,allez de vingt-neuf à droite et puis descendez de quarante-six,29,-46
11332,allez de onze à droite et puis descendez de neuf,11,-9
11333,allez de cinquante-deux à droite et puis descendez de soixante-six,52,-66
11334,allez de quatre à droite et puis descendez de quatre-vingt-onze,4,-91
11335,allez de huit à droite et puis descendez de quatre-vingt-sept,8,-87
11336,allez de trente à droite et puis descendez de vingt et un,30,-21
11337,allez de soixante-dix-huit à droite et puis descendez de trente-neuf,78,-39
11338,allez de trente-neuf à droite et puis descendez de trente-quatre,39,-34
11339,allez de cinquante-deux à droite et puis descendez de vingt-sept,52,-27
11340,allez de quatre-vingt-quatre à droite et puis descendez de cinquante et un,84,-51
11341,allez de soixante-dix-neuf à droite et puis descendez de quatre-vingt-quinze,79,-95
11342,allez de soixante-trois à droite et puis descendez de onze,63,-11
11343,allez de soixante-dix à droite et puis descendez de quatre-vingt-un,70,-81
11344,allez de quarante-huit à droite et puis descendez de soixante-neuf,48,-69
11345,allez de trente-sept à droite et puis descendez de soixante-dix-huit,37,-78
11346,allez de soixante-six à droite et puis descendez de vingt-sept,66,-27
11347,allez de dix à droite et puis descendez de quatre-vingt-cinq,10,-85
11348,allez de six à droite et puis descendez de quatre-vingt-neuf,6,-89
11349,allez de six à droite et puis descendez de dix-huit,6,-18
11350,allez de quatre-vingt-huit à droite et puis descendez de cinquante-trois,88,-53
11351,allez de quarante-quatre à droite et puis descendez de quarante-sept,44,-47
11352,allez de quatre-vingt-six à droite et puis descendez de deux,86,-2
11353,allez de quatre-vingt-dix-huit à droite et puis descendez de quatre-vingt-dix,98,-90
11354,allez de soixante-treize à droite et puis descendez de quinze,73,-15
11355,allez de quatre-vingt-huit à droite et puis descendez de cinq,88,-5
11356,allez de quatre-vingt-onze à droite et puis descendez de quarante-huit,91,-48
11357,allez de sept à droite et puis descendez de vingt-cinq,7,-25
11358,allez de cinq à droite et puis descendez de quatre-vingt-onze,5,-91
11359,allez de quatre-vingt-dix à droite et puis descendez de dix,90,-10
11360,allez de soixante-cinq à droite et puis descendez de soixante-neuf,65,-69
11361,allez de quatre-vingt-onze à droite et puis descendez de soixante-treize,91,-73
11362,allez de quarante-huit à droite et puis descendez de onze,48,-11
11363,allez de quatorze à droite et puis descendez de vingt-cinq,14,-25
11364,allez de trente-huit à droite et puis descendez de soixante-dix-neuf,38,-79
11365,allez de quatre-vingt-onze à droite et puis descendez de cinq,91,-5
11366,allez de cinq à droite et puis descendez de huit,5,-8
11367,allez de soixante-trois à droite et puis descendez de dix,63,-10
11368,allez de dix-huit à droite et puis descendez de soixante-six,18,-66
11369,allez de soixante-quatre à droite et puis descendez de quatorze,64,-14
11370,allez de cinquante-cinq à droite et puis descendez de quatre-vingt-cinq,55,-85
11371,allez de soixante et onze à droite et puis descendez de trente,71,-30
11372,allez de soixante-six à droite et puis descendez de soixante-cinq,66,-65
11373,allez de soixante-dix-neuf à droite et puis descendez de quarante et un,79,-41
11374,allez de quatre-vingt-douze à droite et puis descendez de soixante et un,92,-61
11375,allez de cinquante-trois à droite et puis descendez de soixante-dix-huit,53,-78
11376,allez de soixante et onze à droite et puis descendez de cinquante-deux,71,-52
11377,allez de trois à droite et puis descendez de trente-huit,3,-38
11378,allez de soixante et un à droite et puis descendez de quatre-vingt-seize,61,-96
11379,allez de treize à droite et puis descendez de soixante-trois,13,-63
11380,allez de quarante-cinq à droite et puis descendez de cinquante-six,45,-56
11381,allez de cent à droite et puis descendez de soixante-seize,100,-76
11382,allez de vingt-neuf à droite et puis descendez de soixante-huit,29,-68
11383,allez de treize à droite et puis descendez de trente,13,-30
11384,allez de seize à droite et puis descendez de neuf,16,-9
11385,allez de vingt-trois à droite et puis descendez de cinquante-quatre,23,-54
11386,allez de soixante-dix-huit à droite et puis descendez de soixante-six,78,-66
11387,allez de trente-huit à droite et puis descendez de vingt et un,38,-21
11388,allez de quarante-neuf à droite et puis descendez de soixante-sept,49,-67
11389,allez de cinquante et un à droite et puis descendez de trente-neuf,51,-39
11390,allez de douze à droite et puis descendez de quarante-quatre,12,-44
11391,allez de soixante à droite et puis descendez de quatre-vingt-quinze,60,-95
11392,allez de sept à droite et puis descendez de soixante-seize,7,-76
11393,allez de dix-neuf à droite et puis descendez de treize,19,-13
11394,allez de quarante-deux à droite et puis descendez de quarante-six,42,-46
11395,allez de soixante-six à droite et puis descendez de dix-sept,66,-17
11396,allez de quarante-deux à droite et puis descendez de soixante et un,42,-61
11397,allez de quatre-vingt-dix-neuf à droite et puis descendez de soixante-neuf,99,-69
11398,allez de soixante-cinq à droite et puis descendez de cinquante-six,65,-56
11399,allez de soixante et onze à droite et puis descendez de quarante-trois,71,-43
11400,allez de vingt-neuf à droite et puis descendez de quatorze,29,-14
11401,allez de trente-deux à droite et puis descendez de quarante-huit,32,-48
11402,allez de treize à droite et puis descendez de quatre-vingt-dix-sept,13,-97
11403,allez de soixante-huit à droite et puis descendez de vingt-deux,68,-22
11404,allez de soixante à droite et puis descendez de soixante-dix,60,-70
11405,allez de soixante-douze à droite et puis descendez de quarante-trois,72,-43
11406,allez de cinquante-deux à droite et puis descendez de trente-cinq,52,-35
11407,allez de soixante-sept à droite et puis descendez de cinquante-cinq,67,-55
11408,allez de soixante-quinze à droite et puis descendez de vingt et un,75,-21
11409,allez de quatre-vingt-huit à droite et puis descendez de dix,88,-10
11410,allez de quatre-vingt-douze à droite et puis descendez de quatre-vingt-quinze,92,-95
11411,allez de trente-neuf à droite et puis descendez de soixante-deux,39,-62
11412,allez de quatre-vingt-huit à droite et puis descendez de soixante-deux,88,-62
11413,allez de quatre-vingt-onze à droite et puis descendez de quarante-neuf,91,-49
11414,allez de quatre-vingt-un à droite et puis descendez de vingt-cinq,81,-25
11415,allez de vingt et un à droite et puis descendez de vingt-cinq,21,-25
11416,allez de quatre-vingt-seize à droite et puis descendez de soixante-quatre,96,-64
11417,allez de vingt-trois à droite et puis descendez de vingt et un,23,-21
11418,allez de trente à droite et puis descendez de soixante-dix-huit,30,-78
11419,allez de quarante-neuf à droite et puis descendez de trente-six,49,-36
11420,allez de dix à droite et puis descendez de soixante-quinze,10,-75
11421,allez de dix-neuf à droite et puis descendez de onze,19,-11
11422,allez de soixante-seize à droite et puis descendez de cinquante-sept,76,-57
11423,allez de soixante-treize à droite et puis descendez de cinquante-six,73,-56
11424,allez de cent à droite et puis descendez de vingt et un,100,-21
11425,allez de douze à droite et puis descendez de vingt-huit,12,-28
11426,allez de cinq à droite et puis descendez de quatre-vingt-cinq,5,-85
11427,allez de seize à droite et puis descendez de cinquante et un,16,-51
11428,allez de quatre-vingt-dix à droite et puis descendez de quatre-vingt-dix,90,-90
11429,allez de soixante et un à droite et puis descendez de deux,61,-2
11430,allez de trente-six à droite et puis descendez de quatre-vingt-quinze,36,-95
11431,allez de six à droite et puis descendez de seize,6,-16
11432,allez de quinze à droite et puis descendez de quatre-vingt-huit,15,-88
11433,allez de soixante-douze à droite et puis descendez de soixante-quinze,72,-75
11434,allez de soixante-douze à droite et puis descendez de dix,72,-10
11435,allez de trente-cinq à droite et puis descendez de six,35,-6
11436,allez de huit à droite et puis descendez de quatre-vingt-trois,8,-83
11437,allez de quinze à droite et puis descendez de cinquante-sept,15,-57
11438,allez de douze à droite et puis descendez de trente-deux,12,-32
11439,allez de trente et un à droite et puis descendez de quatre-vingt-dix-sept,31,-97
11440,allez de soixante-trois à droite et puis descendez de cinquante-six,63,-56
11441,allez de quatorze à droite et puis descendez de cinquante-cinq,14,-55
11442,allez de quarante-huit à droite et puis descendez de cinquante-quatre,48,-54
11443,allez de soixante-sept à droite et puis descendez de quatre-vingt-dix-huit,67,-98
11444,allez de cinquante-sept à droite et puis descendez de quatre-vingt-quatre,57,-84
11445,allez de douze à droite et puis descendez de soixante-cinq,12,-65
11446,allez de quatre-vingt-neuf à droite et puis descendez de trois,89,-3
11447,allez de quatre-vingt-six à droite et puis descendez de treize,86,-13
11448,allez de trente-trois à droite et puis descendez de soixante-dix-sept,33,-77
11449,allez de quatorze à droite et puis descendez de treize,14,-13
11450,allez de quatre-vingt-onze à droite et puis descendez de treize,91,-13
11451,allez de vingt-trois à droite et puis descendez de trente-cinq,23,-35
11452,allez de soixante-neuf à droite et puis descendez de trente-quatre,69,-34
11453,allez de cinquante et un à droite et puis descendez de quatre-vingt-seize,51,-96
11454,allez de soixante-dix-neuf à droite et puis descendez de quatorze,79,-14
11455,allez de quatre-vingt-six à droite et puis descendez de quatre-vingt-cinq,86,-85
11456,allez de vingt-cinq à droite et puis descendez de soixante et onze,25,-71
11457,allez de cent à droite et puis descendez de quatre-vingt-quatre,100,-84
11458,allez de quarante-cinq à droite et puis descendez de cinquante,45,-50
11459,allez de quatre-vingt-dix à droite et puis descendez de quarante-deux,90,-42
11460,allez de quarante-sept à droite et puis descendez de soixante-neuf,47,-69
11461,allez de quinze à droite et puis descendez de douze,15,-12
11462,allez de quatre-vingt-quinze à droite et puis descendez de vingt-trois,95,-23
11463,allez de soixante-deux à droite et puis descendez de soixante et onze,62,-71
11464,allez de quarante et un à droite et puis descendez de cinquante et un,41,-51
11465,allez de cinquante-neuf à droite et puis descendez de quarante-quatre,59,-44
11466,allez de sept à droite et puis descendez de cinquante-deux,7,-52
11467,allez de quatre-vingt-un à droite et puis descendez de cinquante-trois,81,-53
11468,allez de neuf à droite et puis descendez de trente-huit,9,-38
11469,allez de soixante-treize à droite et puis descendez de soixante-seize,73,-76
11470,allez de quatre-vingt-un à droite et puis descendez de vingt-six,81,-26
11471,allez de quatre à droite et puis descendez de quatre-vingt-seize,4,-96
11472,allez de quarante-huit à droite et puis descendez de cent,48,-100
11473,allez de quarante-huit à droite et puis descendez de soixante,48,-60
11474,allez de douze à droite et puis descendez de cinquante-sept,12,-57
11475,allez de sept à droite et puis descendez de quarante,7,-40
11476,allez de six à droite et puis descendez de quatre-vingt-seize,6,-96
11477,allez de quarante-huit à droite et puis descendez de quatre-vingt-un,48,-81
11478,allez de soixante à droite et puis descendez de quarante-six,60,-46
11479,allez de quatre-vingt-onze à droite et puis descendez de quatre-vingt-douze,91,-92
11480,allez de cinquante-cinq à droite et puis descendez de quarante-trois,55,-43
11481,allez de vingt-cinq à droite et puis descendez de quarante et un,25,-41
11482,allez de soixante à droite et puis descendez de soixante-cinq,60,-65
11483,allez de soixante-dix-neuf à droite et puis descendez de trente,79,-30
11484,allez de quatre-vingt-dix à droite et puis descendez de soixante-quatre,90,-64
11485,allez de trente à droite et puis descendez de quatre-vingt-huit,30,-88
11486,allez de quatre-vingt-un à droite et puis descendez de cinquante-six,81,-56
11487,allez de quatre-vingt-deux à droite et puis descendez de vingt-cinq,82,-25
11488,allez de quarante-cinq à droite et puis descendez de quarante-sept,45,-47
11489,allez de soixante-sept à droite et puis descendez de quarante-trois,67,-43
11490,allez de cinquante-quatre à droite et puis descendez de cinquante-sept,54,-57
11491,allez de soixante-dix-huit à droite et puis descendez de quarante-six,78,-46
11492,allez de vingt-trois à droite et puis descendez de cinquante-deux,23,-52
11493,allez de vingt-huit à droite et puis descendez de soixante-dix-huit,28,-78
11494,allez de trente-neuf à droite et puis descendez de vingt,39,-20
11495,allez de vingt-trois à droite et puis descendez de quatre-vingt-douze,23,-92
11496,allez de vingt-six à droite et puis descendez de douze,26,-12
11497,allez de soixante-dix-neuf à droite et puis descendez de trente-six,79,-36
11498,allez de vingt-huit à droite et puis descendez de soixante-neuf,28,-69
11499,allez de soixante-sept à droite et puis descendez de trente-huit,67,-38
11500,allez de quatre-vingt-treize à droite et puis descendez de trente-neuf,93,-39
11501,allez de quatre-vingt-dix-neuf à droite et puis descendez de quarante-cinq,99,-45
11502,allez de dix-neuf à droite et puis descendez de soixante-quinze,19,-75
11503,allez de quatre-vingt-quatre à droite et puis descendez de soixante-deux,84,-62
11504,allez de cinquante à droite et puis descendez de quarante,50,-40
11505,allez de dix-sept à droite et puis descendez de trois,17,-3
11506,allez de soixante-deux à droite et puis descendez de treize,62,-13
11507,allez de vingt-huit à droite et puis descendez de cinquante-sept,28,-57
11508,allez de trente-quatre à droite et puis descendez de vingt-deux,34,-22
11509,allez de vingt-deux à droite et puis descendez de six,22,-6
11510,allez de quarante-deux à droite et puis descendez de soixante-dix-sept,42,-77
11511,allez de cinquante-six à droite et puis descendez de soixante-dix-neuf,56,-79
11512,allez de douze à droite et puis descendez de soixante-dix-huit,12,-78
11513,allez de cinquante-six à droite et puis descendez de quarante-sept,56,-47
11514,allez de huit à droite et puis descendez de quatre-vingt-deux,8,-82
11515,allez de quatre-vingt-onze à droite et puis descendez de dix,91,-10
11516,allez de quatre-vingt-treize à droite et puis descendez de quatre-vingt-quatre,93,-84
11517,allez de quatre-vingt-dix-sept à droite et puis descendez de trente-huit,97,-38
11518,allez de quarante-six à droite et puis descendez de sept,46,-7
11519,allez de quatre-vingt-dix-sept à droite et puis descendez de quatre-vingt-dix-huit,97,-98
11520,allez de quatre-vingts à droite et puis descendez de trente-cinq,80,-35
11521,allez de vingt-quatre à droite et puis descendez de cinquante,24,-50
11522,allez de soixante-dix-sept à droite et puis descendez de quatre-vingt-six,77,-86
11523,allez de quatre-vingt-dix à droite et puis descendez de deux,90,-2
11524,allez de soixante-sept à droite et puis descendez de vingt-six,67,-26
11525,allez de cinq à droite et puis descendez de soixante-deux,5,-62
11526,allez de six à droite et puis descendez de un,6,-1
11527,allez de soixante-quatre à droite et puis descendez de trente-cinq,64,-35
11528,allez de vingt à droite et puis descendez de cinquante-quatre,20,-54
11529,allez de soixante-quatre à droite et puis descendez de soixante-dix,64,-70
11530,allez de quatre-vingt-quatorze à droite et puis descendez de soixante-huit,94,-68
11531,allez de vingt et un à droite et puis descendez de vingt-deux,21,-22
11532,allez de six à droite et puis descendez de cinquante-neuf,6,-59
11533,allez de vingt-sept à droite et puis descendez de vingt-cinq,27,-25
11534,allez de neuf à droite et puis descendez de soixante-douze,9,-72
11535,allez de cinquante-neuf à droite et puis descendez de soixante-dix-neuf,59,-79
11536,allez de soixante-quatorze à droite et puis descendez de quatre-vingt-cinq,74,-85
11537,allez de quatre-vingt-sept à droite et puis descendez de quinze,87,-15
11538,allez de cinquante-trois à droite et puis descendez de un,53,-1
11539,allez de trente-deux à droite et puis descendez de soixante-neuf,32,-69
11540,allez de quatre à droite et puis descendez de soixante-cinq,4,-65
11541,allez de soixante-sept à droite et puis descendez de quatre-vingt-treize,67,-93
11542,allez de soixante-quinze à droite et puis descendez de quatre-vingt-dix-neuf,75,-99
11543,allez de quatre-vingt-sept à droite et puis descendez de quarante,87,-40
11544,allez de treize à droite et puis descendez de soixante et un,13,-61
11545,allez de trente-deux à droite et puis descendez de dix-neuf,32,-19
11546,allez de soixante-trois à droite et puis descendez de cinquante-quatre,63,-54
11547,allez de quarante-quatre à droite et puis descendez de neuf,44,-9
11548,allez de un à droite et puis descendez de quatre-vingt-cinq,1,-85
11549,allez de soixante-sept à droite et puis descendez de douze,67,-12
11550,allez de quarante-neuf à droite et puis descendez de quatre-vingt-dix-sept,49,-97
11551,allez de soixante-deux à droite et puis descendez de quatre-vingt-treize,62,-93
11552,allez de vingt-trois à droite et puis descendez de quatre-vingt-neuf,23,-89
11553,allez de trente et un à droite et puis descendez de vingt-neuf,31,-29
11554,allez de soixante à droite et puis descendez de quatre-vingts,60,-80
11555,allez de quatre-vingt-treize à droite et puis descendez de quatre-vingt-quinze,93,-95
11556,allez de trente-huit à droite et puis descendez de quarante-huit,38,-48
11557,allez de dix à droite et puis descendez de soixante et onze,10,-71
11558,allez de dix-sept à droite et puis descendez de quatorze,17,-14
11559,allez de six à droite et puis descendez de quatre-vingt-quatre,6,-84
11560,allez de cinquante-deux à droite et puis descendez de soixante-quatorze,52,-74
11561,allez de soixante-dix-huit à droite et puis descendez de soixante-trois,78,-63
11562,allez de soixante-quatorze à droite et puis descendez de trente-trois,74,-33
11563,allez de vingt-cinq à droite et puis descendez de soixante-cinq,25,-65
11564,allez de trente-huit à droite et puis descendez de six,38,-6
11565,allez de soixante-quatre à droite et puis descendez de vingt et un,64,-21
11566,allez de quarante-cinq à droite et puis descendez de quatre-vingt-dix-sept,45,-97
11567,allez de quatre-vingt-quatorze à droite et puis descendez de cinquante-trois,94,-53
11568,allez de soixante-dix-huit à droite et puis descendez de quatre-vingt-deux,78,-82
11569,allez de quatre-vingt-trois à droite et puis descendez de soixante et un,83,-61
11570,allez de quatre-vingt-cinq à droite et puis descendez de cinquante,85,-50
11571,allez de soixante et un à droite et puis descendez de quatre-vingt-six,61,-86
11572,allez de quarante à droite et puis descendez de soixante,40,-60
11573,allez de soixante-dix-sept à droite et puis descendez de quatre-vingt-dix-huit,77,-98
11574,allez de quarante-cinq à droite et puis descendez de quarante-trois,45,-43
11575,allez de trente-quatre à droite et puis descendez de soixante-sept,34,-67
11576,allez de trente-six à droite et puis descendez de quatre-vingt-seize,36,-96
11577,allez de quatre-vingt-deux à droite et puis descendez de trente-trois,82,-33
11578,allez de deux à droite et puis descendez de cinquante,2,-50
11579,allez de quarante-six à droite et puis descendez de quatre-vingt-dix-huit,46,-98
11580,allez de soixante-douze à droite et puis descendez de quatre-vingt-douze,72,-92
11581,allez de deux à droite et puis descendez de soixante,2,-60
11582,allez de soixante-quatorze à droite et puis descendez de cinquante-six,74,-56
11583,allez de quarante-cinq à droite et puis descendez de quatre-vingt-dix,45,-90
11584,allez de quatre-vingt-cinq à droite et puis descendez de vingt-trois,85,-23
11585,allez de onze à droite et puis descendez de trente-neuf,11,-39
11586,allez de dix à droite et puis descendez de quatre-vingt-trois,10,-83
11587,allez de trente et un à droite et puis descendez de vingt-trois,31,-23
11588,allez de trente-sept à droite et puis descendez de cinq,37,-5
11589,allez de un à droite et puis descendez de soixante-dix-huit,1,-78
11590,allez de soixante-seize à droite et puis descendez de quarante-six,76,-46
11591,allez de onze à droite et puis descendez de vingt-six,11,-26
11592,allez de cinquante-quatre à droite et puis descendez de deux,54,-2
11593,allez de trente-trois à droite et puis descendez de dix-huit,33,-18
11594,allez de trente-cinq à droite et puis descendez de cinq,35,-5
11595,allez de trente à droite et puis descendez de trois,30,-3
11596,allez de vingt-trois à droite et puis descendez de soixante-quinze,23,-75
11597,allez de neuf à droite et puis descendez de quatre-vingt-onze,9,-91
11598,allez de dix-huit à droite et puis descendez de un,18,-1
11599,allez de soixante-deux à droite et puis descendez de huit,62,-8
11600,allez de vingt-sept à droite et puis descendez de quatre-vingt-dix-huit,27,-98
11601,allez de trente-quatre à droite et puis descendez de soixante-dix-sept,34,-77
11602,allez de quatre-vingt-treize à droite et puis descendez de vingt-sept,93,-27
11603,allez de quarante-deux à droite et puis descendez de cinquante-huit,42,-58
11604,allez de trente-quatre à droite et puis descendez de dix-neuf,34,-19
11605,allez de quatre-vingt-quinze à droite et puis descendez de vingt,95,-20
11606,allez de cinquante-sept à droite et puis descendez de douze,57,-12
11607,allez de deux à droite et puis descendez de dix-sept,2,-17
11608,allez de soixante-dix à droite et puis descendez de quatre-vingt-un,70,-81
11609,allez de vingt-neuf à droite et puis descendez de cinquante,29,-50
11610,allez de vingt et un à droite et puis descendez de cinquante-trois,21,-53
11611,allez de quatre-vingt-un à droite et puis descendez de seize,81,-16
11612,allez de cinquante-trois à droite et puis descendez de vingt-deux,53,-22
11613,allez de cinquante-huit à droite et puis descendez de cent,58,-100
11614,allez de quatre-vingts à droite et puis descendez de soixante-quinze,80,-75
11615,allez de cinquante-quatre à droite et puis descendez de quatre-vingt-neuf,54,-89
11616,allez de quatre-vingt-six à droite et puis descendez de soixante-quatre,86,-64
11617,allez de douze à droite et puis descendez de cinquante-quatre,12,-54
11618,allez de soixante-deux à droite et puis descendez de quarante-huit,62,-48
11619,allez de vingt-trois à droite et puis descendez de onze,23,-11
11620,allez de trente à droite et puis descendez de vingt-sept,30,-27
11621,allez de trente à droite et puis descendez de quatre-vingt-cinq,30,-85
11622,allez de quatorze à droite et puis descendez de quatre-vingt-dix-huit,14,-98
11623,allez de sept à droite et puis descendez de quarante-quatre,7,-44
11624,allez de vingt à droite et puis descendez de quarante-quatre,20,-44
11625,allez de trente-cinq à droite et puis descendez de soixante-dix-sept,35,-77
11626,allez de quarante-deux à droite et puis descendez de quarante,42,-40
11627,allez de quinze à droite et puis descendez de quatre-vingt-huit,15,-88
11628,allez de vingt-sept à droite et puis descendez de onze,27,-11
11629,allez de quarante-neuf à droite et puis descendez de cent,49,-100
11630,allez de quatre-vingt-sept à droite et puis descendez de cinquante-sept,87,-57
11631,allez de trente-quatre à droite et puis descendez de quatre,34,-4
11632,allez de trente-quatre à droite et puis descendez de trente-huit,34,-38
11633,allez de dix-neuf à droite et puis descendez de vingt-trois,19,-23
11634,allez de cinquante-huit à droite et puis descendez de quarante-huit,58,-48
11635,allez de quatre-vingt-onze à droite et puis descendez de cinquante-deux,91,-52
11636,allez de soixante-cinq à droite et puis descendez de quatorze,65,-14
11637,allez de soixante-quinze à droite et puis descendez de douze,75,-12
11638,allez de soixante-huit à droite et puis descendez de quarante,68,-40
11639,allez de trente-huit à droite et puis descendez de cinq,38,-5
11640,allez de quatre-vingt-six à droite et puis descendez de quarante-sept,86,-47
11641,allez de un à droite et puis descendez de trente-quatre,1,-34
11642,allez de soixante-dix-sept à droite et puis descendez de soixante-douze,77,-72
11643,allez de quatre-vingt-un à droite et puis descendez de un,81,-1
11644,allez de quatre-vingt-quatorze à droite et puis descendez de soixante-sept,94,-67
11645,allez de soixante et onze à droite et puis descendez de vingt et un,71,-21
11646,allez de cinq à droite et puis descendez de cinquante et un,5,-51
11647,allez de quatre-vingt-sept à droite et puis descendez de cinq,87,-5
11648,allez de cinquante-trois à droite et puis descendez de vingt-deux,53,-22
11649,allez de trente-deux à droite et puis descendez de soixante-sept,32,-67
11650,allez de dix à droite et puis descendez de quarante-six,10,-46
11651,allez de soixante et un à droite et puis descendez de quatre,61,-4
11652,allez de cinquante-deux à droite et puis descendez de quatre-vingt-un,52,-81
11653,allez de soixante-douze à droite et puis descendez de quarante-quatre,72,-44
11654,allez de trente-huit à droite et puis descendez de quatre-vingt-trois,38,-83
11655,allez de soixante-deux à droite et puis descendez de quatre-vingt-neuf,62,-89
11656,allez de quatre-vingt-cinq à droite et puis descendez de quatre-vingt-un,85,-81
11657,allez de quatre-vingt-seize à droite et puis descendez de trente-neuf,96,-39
11658,allez de soixante-quatre à droite et puis descendez de six,64,-6
11659,allez de vingt-cinq à droite et puis descendez de trente et un,25,-31
11660,allez de cinquante-quatre à droite et puis descendez de seize,54,-16
11661,allez de vingt-six à droite et puis descendez de seize,26,-16
11662,allez de quatre-vingt-onze à droite et puis descendez de quatre-vingt-dix-neuf,91,-99
11663,allez de soixante-dix-neuf à droite et puis descendez de quarante et un,79,-41
11664,allez de quarante-sept à droite et puis descendez de cinquante-sept,47,-57
11665,allez de trente-huit à droite et puis descendez de quarante,38,-40
11666,allez de quatre à droite et puis descendez de trente et un,4,-31
11667,allez de trente-cinq à droite et puis descendez de quarante-sept,35,-47
11668,allez de quarante-neuf à droite et puis descendez de quatre-vingt-dix-neuf,49,-99
11669,allez de soixante-seize à droite et puis descendez de quinze,76,-15
11670,allez de trente-quatre à droite et puis descendez de quatre-vingt-dix-neuf,34,-99
11671,allez de cinquante-deux à droite et puis descendez de quarante-deux,52,-42
11672,allez de trente-six à droite et puis descendez de quatre-vingt-un,36,-81
11673,allez de quatre-vingt-dix-sept à droite et puis descendez de trente-trois,97,-33
11674,allez de soixante et onze à droite et puis descendez de trente-deux,71,-32
11675,allez de vingt-deux à droite et puis descendez de dix,22,-10
11676,allez de vingt à droite et puis descendez de quatre-vingt-cinq,20,-85
11677,allez de quatre-vingt-huit à droite et puis descendez de vingt-cinq,88,-25
11678,allez de cent à droite et puis descendez de quatre-vingt-onze,100,-91
11679,allez de treize à droite et puis descendez de soixante et onze,13,-71
11680,allez de quatre-vingt-un à droite et puis descendez de soixante-neuf,81,-69
11681,allez de quatre-vingt-un à droite et puis descendez de vingt-neuf,81,-29
11682,allez de quatre-vingt-dix-neuf à droite et puis descendez de soixante-douze,99,-72
11683,allez de trente-quatre à droite et puis descendez de cinquante et un,34,-51
11684,allez de soixante-huit à droite et puis descendez de soixante-sept,68,-67
11685,allez de soixante-cinq à droite et puis descendez de quarante-neuf,65,-49
11686,allez de soixante-dix-sept à droite et puis descendez de cinquante-quatre,77,-54
11687,allez de quatre-vingt-treize à droite et puis descendez de cinquante-cinq,93,-55
11688,allez de soixante-douze à droite et puis descendez de cinquante et un,72,-51
11689,allez de soixante-quatre à droite et puis descendez de quatre-vingts,64,-80
11690,allez de quatre-vingt-quatre à droite et puis descendez de douze,84,-12
11691,allez de trente et un à droite et puis descendez de soixante-neuf,31,-69
11692,allez de quatre-vingt-douze à droite et puis descendez de quatre-vingt-six,92,-86
11693,allez de trente-huit à droite et puis descendez de quatre-vingt-dix,38,-90
11694,allez de quarante-huit à droite et puis descendez de cinquante-six,48,-56
11695,allez de soixante-seize à droite et puis descendez de quarante,76,-40
11696,allez de quatre-vingt-trois à droite et puis descendez de quarante-sept,83,-47
11697,allez de trente-quatre à droite et puis descendez de trente-sept,34,-37
11698,allez de dix-neuf à droite et puis descendez de soixante,19,-60
11699,allez de quarante-six à droite et puis descendez de quarante-trois,46,-43
11700,allez de soixante-treize à droite et puis descendez de soixante-six,73,-66
11701,allez de soixante-quinze à droite et puis descendez de un,75,-1
11702,allez de vingt-six à droite et puis descendez de cinquante-cinq,26,-55
11703,allez de huit à droite et puis descendez de soixante-deux,8,-62
11704,allez de cinquante-cinq à droite et puis descendez de dix-neuf,55,-19
11705,allez de vingt-huit à droite et puis descendez de soixante-huit,28,-68
11706,allez de soixante et onze à droite et puis descendez de quatorze,71,-14
11707,allez de soixante-treize à droite et puis descendez de trente-trois,73,-33
11708,allez de neuf à droite et puis descendez de dix-sept,9,-17
11709,allez de trente-trois à droite et puis descendez de un,33,-1
11710,allez de soixante-cinq à droite et puis descendez de quatre-vingt-dix-neuf,65,-99
11711,allez de cinquante-six à droite et puis descendez de quatre-vingt-cinq,56,-85
11712,allez de seize à droite et puis descendez de cinquante-cinq,16,-55
11713,allez de soixante et onze à droite et puis descendez de vingt-neuf,71,-29
11714,allez de quatre-vingt-seize à droite et puis descendez de seize,96,-16
11715,allez de trente-trois à droite et puis descendez de cinquante et un,33,-51
11716,allez de quarante-sept à droite et puis descendez de cinq,47,-5
11717,allez de six à droite et puis descendez de soixante-six,6,-66
11718,allez de vingt-deux à droite et puis descendez de soixante et onze,22,-71
11719,allez de cinquante à droite et puis descendez de neuf,50,-9
11720,allez de soixante-quinze à droite et puis descendez de soixante-dix-huit,75,-78
11721,allez de soixante-dix-neuf à droite et puis descendez de trente-quatre,79,-34
11722,allez de trente-huit à droite et puis descendez de quatre-vingt-dix-sept,38,-97
11723,allez de treize à droite et puis descendez de quarante-deux,13,-42
11724,allez de quatre-vingt-quatorze à droite et puis descendez de soixante-six,94,-66
11725,allez de vingt-neuf à droite et puis descendez de dix-neuf,29,-19
11726,allez de quarante-quatre à droite et puis descendez de quatre-vingt-six,44,-86
11727,allez de trente-quatre à droite et puis descendez de quatre-vingt-douze,34,-92
11728,allez de trente-six à droite et puis descendez de soixante-huit,36,-68
11729,allez de trente-deux à droite et puis descendez de quarante-quatre,32,-44
11730,allez de quatre-vingt-trois à droite et puis descendez de soixante-dix-huit,83,-78
11731,allez de vingt-huit à droite et puis descendez de soixante-sept,28,-67
11732,allez de cinquante à droite et puis descendez de trente-neuf,50,-39
11733,allez de quatre-vingt-onze à droite et puis descendez de soixante et onze,91,-71
11734,allez de soixante-dix à droite et puis descendez de trente-neuf,70,-39
11735,allez de soixante-neuf à droite et puis descendez de sept,69,-7
11736,allez de vingt-cinq à droite et puis descendez de quatre-vingt-quatorze,25,-94
11737,allez de soixante-huit à droite et puis descendez de quarante-neuf,68,-49
11738,allez de six à droite et puis descendez de quatre-vingt-onze,6,-91
11739,allez de soixante-seize à droite et puis descendez de soixante et un,76,-61
11740,allez de trente à droite et puis descendez de quatre-vingts,30,-80
11741,allez de trente et un à droite et puis descendez de soixante-dix,31,-70
11742,allez de soixante-quatorze à droite et puis descendez de quatre-vingt-quatre,74,-84
11743,allez de vingt et un à droite et puis descendez de quatre-vingt-six,21,-86
11744,allez de cinquante-quatre à droite et puis descendez de quatre-vingt-cinq,54,-85
11745,allez de trente-trois à droite et puis descendez de quatre-vingt-quatre,33,-84
11746,allez de soixante-cinq à droite et puis descendez de quarante-sept,65,-47
11747,allez de dix-sept à droite et puis descendez de vingt-quatre,17,-24
11748,allez de quatre-vingt-quatorze à droite et puis descendez de quarante-sept,94,-47
11749,allez de trente-sept à droite et puis descendez de vingt-sept,37,-27
11750,allez de vingt-deux à droite et puis descendez de quatre-vingt-huit,22,-88
11751,allez de cinquante-huit à droite et puis descendez de quarante-neuf,58,-49
11752,allez de quatre-vingt-huit à droite et puis descendez de dix-huit,88,-18
11753,allez de soixante-douze à droite et puis descendez de soixante-quinze,72,-75
11754,allez de quatre-vingt-un à droite et puis descendez de six,81,-6
11755,allez de quatre-vingt-seize à droite et puis descendez de cinquante-quatre,96,-54
11756,allez de vingt à droite et puis descendez de quatre-vingt-neuf,20,-89
11757,allez de cinq à droite et puis descendez de quatre-vingt-sept,5,-87
11758,allez de soixante-dix à droite et puis descendez de cinq,70,-5
11759,allez de cinquante-six à droite et puis descendez de quatre-vingts,56,-80
11760,allez de quatre à droite et puis descendez de quatre-vingt-quinze,4,-95
11761,allez de soixante-dix-neuf à droite et puis descendez de quatre-vingt-six,79,-86
11762,allez de quatre-vingt-cinq à droite et puis descendez de un,85,-1
11763,allez de soixante-quatorze à droite et puis descendez de quarante-quatre,74,-44
11764,allez de soixante-sept à droite et puis descendez de quatre-vingt-deux,67,-82
11765,allez de cinquante-quatre à droite et puis descendez de quatre-vingt-quatre,54,-84
11766,allez de quatre-vingt-quinze à droite et puis descendez de seize,95,-16
11767,allez de quatre à droite et puis descendez de soixante-huit,4,-68
11768,allez de trente à droite et puis descendez de soixante-cinq,30,-65
11769,allez de trente-six à droite et puis descendez de quatre-vingts,36,-80
11770,allez de vingt-quatre à droite et puis descendez de soixante-deux,24,-62
11771,allez de quatorze à droite et puis descendez de soixante,14,-60
11772,allez de quarante-neuf à droite et puis descendez de cinquante-sept,49,-57
11773,allez de quarante-sept à droite et puis descendez de cinquante,47,-50
11774,allez de trente-deux à droite et puis descendez de soixante-dix-huit,32,-78
11775,allez de soixante-quatorze à droite et puis descendez de soixante-douze,74,-72
11776,allez de cinquante-quatre à droite et puis descendez de dix-neuf,54,-19
11777,allez de quatre-vingt-dix à droite et puis descendez de dix-huit,90,-18
11778,allez de vingt-deux à droite et puis descendez de sept,22,-7
11779,allez de douze à droite et puis descendez de soixante-neuf,12,-69
11780,allez de huit à droite et puis descendez de quatre-vingt-seize,8,-96
11781,allez de neuf à droite et puis descendez de quatre-vingt-quatorze,9,-94
11782,allez de soixante-seize à droite et puis descendez de quatre-vingt-quatorze,76,-94
11783,allez de quarante et un à droite et puis descendez de quarante-huit,41,-48
11784,allez de six à droite et puis descendez de cinquante-trois,6,-53
11785,allez de dix à droite et puis descendez de soixante et onze,10,-71
11786,allez de soixante-dix à droite et puis descendez de huit,70,-8
11787,allez de soixante-huit à droite et puis descendez de vingt-deux,68,-22
11788,allez de quarante-quatre à droite et puis descendez de quinze,44,-15
11789,allez de trente-quatre à droite et puis descendez de cinquante-deux,34,-52
11790,allez de soixante-dix-huit à droite et puis descendez de quarante-quatre,78,-44
11791,allez de un à droite et puis descendez de quatre-vingt-neuf,1,-89
11792,allez de quatre-vingt-neuf à droite et puis descendez de soixante-six,89,-66
11793,allez de cinquante-sept à droite et puis descendez de deux,57,-2
11794,allez de quatre-vingt-dix-sept à droite et puis descendez de quatre-vingt-cinq,97,-85
11795,allez de cinquante-sept à droite et puis descendez de cinquante-deux,57,-52
11796,allez de vingt-sept à droite et puis descendez de quatre-vingt-huit,27,-88
11797,allez de soixante-dix à droite et puis descendez de soixante-huit,70,-68
11798,allez de six à droite et puis descendez de quarante-neuf,6,-49
11799,allez de dix-huit à droite et puis descendez de quatre-vingt-seize,18,-96
11800,allez de trente-deux à droite et puis descendez de cinquante-neuf,32,-59
11801,allez de soixante-cinq à droite et puis descendez de soixante-quatre,65,-64
11802,allez de trente-quatre à droite et puis descendez de soixante-six,34,-66
11803,allez de soixante-treize à droite et puis descendez de quatre-vingt-huit,73,-88
11804,allez de vingt-neuf à droite et puis descendez de quarante-six,29,-46
11805,allez de dix-huit à droite et puis descendez de quatre-vingt-deux,18,-82
11806,allez de trois à droite et puis descendez de vingt-quatre,3,-24
11807,allez de soixante-douze à droite et puis descendez de trente-cinq,72,-35
11808,allez de soixante-douze à droite et puis descendez de quarante-trois,72,-43
11809,allez de trois à droite et puis descendez de huit,3,-8
11810,allez de quinze à droite et puis descendez de quatre-vingt-dix-neuf,15,-99
11811,allez de cinquante-huit à droite et puis descendez de trente-neuf,58,-39
11812,allez de soixante et onze à droite et puis descendez de dix-neuf,71,-19
11813,allez de quatre-vingt-dix-huit à droite et puis descendez de quatre-vingt-dix,98,-90
11814,allez de quatre-vingt-dix-sept à droite et puis descendez de quatre-vingt-un,97,-81
11815,allez de quatre-vingt-cinq à droite et puis descendez de soixante-quinze,85,-75
11816,allez de soixante-trois à droite et puis descendez de sept,63,-7
11817,allez de trente-huit à droite et puis descendez de trente et un,38,-31
11818,allez de quatre-vingt-trois à droite et puis descendez de soixante-trois,83,-63
11819,allez de trente-sept à droite et puis descendez de cinq,37,-5
11820,allez de dix-huit à droite et puis descendez de soixante-dix-neuf,18,-79
11821,allez de quatre-vingt-dix à droite et puis descendez de quatre-vingt-dix-sept,90,-97
11822,allez de quinze à droite et puis descendez de cinquante et un,15,-51
11823,allez de cinquante-quatre à droite et puis descendez de soixante-neuf,54,-69
11824,allez de trente-sept à droite et puis descendez de soixante-sept,37,-67
11825,allez de cinquante-huit à droite et puis descendez de quarante-six,58,-46
11826,allez de soixante-dix-sept à droite et puis descendez de seize,77,-16
11827,allez de trente-six à droite et puis descendez de quatre-vingt-un,36,-81
11828,allez de vingt-quatre à droite et puis descendez de quatre-vingt-treize,24,-93
11829,allez de dix-huit à droite et puis descendez de quatorze,18,-14
11830,allez de quatre-vingt-dix-huit à droite et puis descendez de quatre-vingt-deux,98,-82
11831,allez de trente-six à droite et puis descendez de quarante-huit,36,-48
11832,allez de quatre-vingt-sept à droite et puis descendez de quatre-vingt-neuf,87,-89
11833,allez de trente-trois à droite et puis descendez de quarante,33,-40
11834,allez de deux à droite et puis descendez de trente-quatre,2,-34
11835,allez de quarante-cinq à droite et puis descendez de seize,45,-16
11836,allez de huit à droite et puis descendez de quatre-vingt-deux,8,-82
11837,allez de soixante-neuf à droite et puis descendez de soixante et un,69,-61
11838,allez de quarante-trois à droite et puis descendez de soixante-quatorze,43,-74
11839,allez de quatre-vingt-huit à droite et puis descendez de soixante-quinze,88,-75
11840,allez de soixante à droite et puis descendez de quarante-huit,60,-48
11841,allez de quatre-vingt-cinq à droite et puis descendez de trente-six,85,-36
11842,allez de soixante-dix-sept à droite et puis descendez de soixante-dix-neuf,77,-79
11843,allez de cinquante-trois à droite et puis descendez de soixante-neuf,53,-69
11844,allez de soixante-douze à droite et puis descendez de cinquante-trois,72,-53
11845,allez de quatre-vingt-six à droite et puis descendez de cinquante-quatre,86,-54
11846,allez de trente à droite et puis descendez de dix,30,-10
11847,allez de quatre-vingt-quinze à droite et puis descendez de cinquante-huit,95,-58
11848,allez de cinquante-sept à droite et puis descendez de quarante-sept,57,-47
11849,allez de quatre-vingt-deux à droite et puis descendez de quatre-vingt-quatre,82,-84
11850,allez de quinze à droite et puis descendez de cinquante-trois,15,-53
11851,allez de douze à droite et puis descendez de quarante-sept,12,-47
11852,allez de quatre-vingt-quinze à droite et puis descendez de trente-trois,95,-33
11853,allez de soixante et un à droite et puis descendez de quarante et un,61,-41
11854,allez de quatre-vingt-quatorze à droite et puis descendez de vingt-neuf,94,-29
11855,allez de soixante et onze à droite et puis descendez de sept,71,-7
11856,allez de trente-huit à droite et puis descendez de trente-six,38,-36
11857,allez de quatre-vingt-quatre à droite et puis descendez de deux,84,-2
11858,allez de vingt-six à droite et puis descendez de treize,26,-13
11859,allez de quarante-quatre à droite et puis descendez de quatre-vingt-quatorze,44,-94
11860,allez de quatre-vingt-quinze à droite et puis descendez de quatre-vingt-dix-neuf,95,-99
11861,allez de soixante-neuf à droite et puis descendez de soixante-deux,69,-62
11862,allez de quatre à droite et puis descendez de cinquante-six,4,-56
11863,allez de soixante et onze à droite et puis descendez de quatre-vingt-quatre,71,-84
11864,allez de soixante-dix-sept à droite et puis descendez de trois,77,-3
11865,allez de soixante-huit à droite et puis descendez de quarante-huit,68,-48
11866,allez de douze à droite et puis descendez de soixante-douze,12,-72
11867,allez de quatre-vingt-quinze à droite et puis descendez de quatre-vingt-douze,95,-92
11868,allez de cinquante à droite et puis descendez de soixante et onze,50,-71
11869,allez de quatre-vingt-dix à droite et puis descendez de quatre-vingt-seize,90,-96
11870,allez de quarante et un à droite et puis descendez de quatre-vingt-quinze,41,-95
11871,allez de quarante-quatre à droite et puis descendez de quarante-trois,44,-43
11872,allez de quatre-vingt-six à droite et puis descendez de quatre-vingt-deux,86,-82
11873,allez de trente-quatre à droite et puis descendez de sept,34,-7
11874,allez de quatre-vingt-treize à droite et puis descendez de quatorze,93,-14
11875,allez de quatre-vingt-un à droite et puis descendez de soixante-dix,81,-70
11876,allez de quarante-sept à droite et puis descendez de vingt-cinq,47,-25
11877,allez de quarante-six à droite et puis descendez de cinquante-quatre,46,-54
11878,allez de quatre-vingt-neuf à droite et puis descendez de quatre-vingt-dix,89,-90
11879,allez de vingt et un à droite et puis descendez de soixante-douze,21,-72
11880,allez de quatre-vingt-quinze à droite et puis descendez de soixante-seize,95,-76
11881,allez de quarante-trois à droite et puis descendez de trente-cinq,43,-35
11882,allez de trente-neuf à droite et puis descendez de soixante-dix,39,-70
11883,allez de quatre-vingt-quatorze à droite et puis descendez de vingt-huit,94,-28
11884,allez de vingt-deux à droite et puis descendez de soixante-sept,22,-67
11885,allez de dix-huit à droite et puis descendez de vingt,18,-20
11886,allez de douze à droite et puis descendez de trente-cinq,12,-35
11887,allez de quarante-sept à droite et puis descendez de quinze,47,-15
11888,allez de vingt-cinq à droite et puis descendez de cent,25,-100
11889,allez de quatre-vingt-seize à droite et puis descendez de soixante-trois,96,-63
11890,allez de soixante-treize à droite et puis descendez de quatre-vingt-onze,73,-91
11891,allez de cinquante à droite et puis descendez de treize,50,-13
11892,allez de vingt-deux à droite et puis descendez de quarante-neuf,22,-49
11893,allez de quatre-vingt-six à droite et puis descendez de soixante-quatre,86,-64
11894,allez de quarante-trois à droite et puis descendez de quatre-vingt-huit,43,-88
11895,allez de vingt-neuf à droite et puis descendez de quarante-six,29,-46
11896,allez de quarante-sept à droite et puis descendez de soixante-quatre,47,-64
11897,allez de vingt-trois à droite et puis descendez de vingt et un,23,-21
11898,allez de soixante-dix à droite et puis descendez de trente-neuf,70,-39
11899,allez de vingt-six à droite et puis descendez de huit,26,-8
11900,allez de quarante à droite et puis descendez de soixante-dix,40,-70
11901,allez de quatre-vingt-quinze à droite et puis descendez de quatre-vingt-neuf,95,-89
11902,allez de vingt-sept à droite et puis descendez de soixante-trois,27,-63
11903,allez de soixante-huit à droite et puis descendez de vingt et un,68,-21
11904,allez de quatre-vingt-onze à droite et puis descendez de vingt-cinq,91,-25
11905,allez de soixante-huit à droite et puis descendez de vingt-six,68,-26
11906,allez de soixante à droite et puis descendez de quatre-vingts,60,-80
11907,allez de soixante-douze à droite et puis descendez de quatorze,72,-14
11908,allez de quinze à droite et puis descendez de quatre-vingt-sept,15,-87
11909,allez de quatorze à droite et puis descendez de quatre-vingt-douze,14,-92
11910,allez de quatre-vingt-un à droite et puis descendez de cinquante-deux,81,-52
11911,allez de quatre-vingt-douze à droite et puis descendez de cinquante-six,92,-56
11912,allez de cinquante-neuf à droite et puis descendez de quinze,59,-15
11913,allez de quatre-vingt-un à droite et puis descendez de soixante-seize,81,-76
11914,allez de trente-trois à droite et puis descendez de quatre-vingt-un,33,-81
11915,allez de trente-six à droite et puis descendez de quatre-vingt-deux,36,-82
11916,allez de six à droite et puis descendez de quatre-vingt-quatre,6,-84
11917,allez de quatre-vingt-quatorze à droite et puis descendez de quarante-sept,94,-47
11918,allez de soixante et un à droite et puis descendez de quarante,61,-40
11919,allez de cinquante-six à droite et puis descendez de soixante-trois,56,-63
11920,allez de neuf à droite et puis descendez de quarante-sept,9,-47
11921,allez de cent à droite et puis descendez de trente-huit,100,-38
11922,allez de cinquante-quatre à droite et puis descendez de soixante-deux,54,-62
11923,allez de quatre-vingt-sept à droite et puis descendez de quatre-vingt-douze,87,-92
11924,allez de soixante-six à droite et puis descendez de soixante et onze,66,-71
11925,allez de vingt et un à droite et puis descendez de trente-sept,21,-37
11926,allez de trente-six à droite et puis descendez de quarante,36,-40
11927,allez de trente-huit à droite et puis descendez de quatre-vingts,38,-80
11928,allez de trente-neuf à droite et puis descendez de trente-deux,39,-32
11929,allez de cent à droite et puis descendez de soixante-quinze,100,-75
11930,allez de cinquante-deux à droite et puis descendez de quatre-vingt-six,52,-86
11931,allez de neuf à droite et puis descendez de vingt-neuf,9,-29
11932,allez de vingt-huit à droite et puis descendez de soixante,28,-60
11933,allez de quatre-vingt-six à droite et puis descendez de sept,86,-7
11934,allez de onze à droite et puis descendez de quinze,11,-15
11935,allez de trente-huit à droite et puis descendez de quarante-huit,38,-48
11936,allez de quatre-vingt-un à droite et puis descendez de quatre-vingt-deux,81,-82
11937,allez de onze à droite et puis descendez de vingt-quatre,11,-24
11938,allez de quarante-six à droite et puis descendez de soixante-six,46,-66
11939,allez de quatre-vingt-cinq à droite et puis descendez de trente,85,-30
11940,allez de quarante-huit à droite et puis descendez de quarante-trois,48,-43
11941,allez de quatre-vingt-quatre à droite et puis descendez de quarante-deux,84,-42
11942,allez de trois à droite et puis descendez de vingt-quatre,3,-24
11943,allez de soixante-cinq à droite et puis descendez de cinquante-quatre,65,-54
11944,allez de quatre-vingt-dix-neuf à droite et puis descendez de quatre-vingt-quinze,99,-95
11945,allez de quarante-deux à droite et puis descendez de soixante-treize,42,-73
11946,allez de quatre-vingt-dix à droite et puis descendez de quarante et un,90,-41
11947,allez de soixante et onze à droite et puis descendez de soixante-cinq,71,-65
11948,allez de soixante-cinq à droite et puis descendez de quatre-vingt-quatorze,65,-94
11949,allez de cinquante-huit à droite et puis descendez de soixante-dix,58,-70
11950,allez de cinquante-neuf à droite et puis descendez de soixante-trois,59,-63
11951,allez de trente à droite et puis descendez de quarante-huit,30,-48
11952,allez de cinquante-neuf à droite et puis descendez de soixante-sept,59,-67
11953,allez de quatre-vingt-quinze à droite et puis descendez de trente-deux,95,-32
11954,allez de soixante à droite et puis descendez de quarante-cinq,60,-45
11955,allez de trente-six à droite et puis descendez de soixante-quatorze,36,-74
11956,allez de trente-trois à droite et puis descendez de quatre-vingt-onze,33,-91
11957,allez de onze à droite et puis descendez de quatorze,11,-14
11958,allez de quatre-vingt-dix-sept à droite et puis descendez de soixante,97,-60
11959,allez de cinquante-cinq à droite et puis descendez de quatre,55,-4
11960,allez de soixante et un à droite et puis descendez de quatre-vingt-trois,61,-83
11961,allez de quatre-vingt-dix-neuf à droite et puis descendez de vingt-huit,99,-28
11962,allez de soixante-cinq à droite et puis descendez de quarante,65,-40
11963,allez de vingt-sept à droite et puis descendez de quatre-vingt-treize,27,-93
11964,allez de soixante-dix-neuf à droite et puis descendez de quatre-vingt-dix-huit,79,-98
11965,allez de soixante-cinq à droite et puis descendez de soixante-six,65,-66
11966,allez de cinquante-neuf à droite et puis descendez de trente-huit,59,-38
11967,allez de quarante-quatre à droite et puis descendez de cent,44,-100
11968,allez de quatre-vingt-cinq à droite et puis descendez de quatre-vingt-deux,85,-82
11969,allez de soixante-dix-sept à droite et puis descendez de quinze,77,-15
11970,allez de seize à droite et puis descendez de soixante-sept,16,-67
11971,allez de soixante-dix-neuf à droite et puis descendez de quarante-huit,79,-48
11972,allez de trente-deux à droite et puis descendez de quarante,32,-40
11973,allez de soixante-neuf à droite et puis descendez de trente-trois,69,-33
11974,allez de soixante et onze à droite et puis descendez de quarante-quatre,71,-44
11975,allez de quarante-quatre à droite et puis descendez de quarante-huit,44,-48
11976,allez de cinquante-quatre à droite et puis descendez de cent,54,-100
11977,allez de quatre-vingt-quinze à droite et puis descendez de vingt-quatre,95,-24
11978,allez de soixante-quinze à droite et puis descendez de deux,75,-2
11979,allez de vingt-deux à droite et puis descendez de soixante-trois,22,-63
11980,allez de seize à droite et puis descendez de quatre-vingt-trois,16,-83
11981,allez de quatre-vingt-six à droite et puis descendez de quarante-six,86,-46
11982,allez de quarante-quatre à droite et puis descendez de douze,44,-12
11983,allez de dix-sept à droite et puis descendez de quatre-vingt-huit,17,-88
11984,allez de quatre-vingts à droite et puis descendez de dix-sept,80,-17
11985,allez de trente-neuf à droite et puis descendez de cinquante-neuf,39,-59
11986,allez de cinquante-cinq à droite et puis descendez de cinquante-sept,55,-57
11987,allez de quatorze à droite et puis descendez de quatre-vingt-treize,14,-93
11988,allez de trente-cinq à droite et puis descendez de quatre-vingt-dix-neuf,35,-99
11989,allez de quatre-vingt-quinze à droite et puis descendez de seize,95,-16
11990,allez de trente-trois à droite et puis descendez de seize,33,-16
11991,allez de trente-neuf à droite et puis descendez de soixante-six,39,-66
11992,allez de vingt-cinq à droite et puis descendez de quatre-vingt-quatre,25,-84
11993,allez de cinq à droite et puis descendez de quatre-vingt-neuf,5,-89
11994,allez de vingt à droite et puis descendez de quarante-trois,20,-43
11995,allez de quinze à droite et puis descendez de cinquante-huit,15,-58
11996,allez de cinq à droite et puis descendez de cinquante-six,5,-56
11997,allez de cinquante-huit à droite et puis descendez de dix-huit,58,-18
11998,allez de vingt-cinq à droite et puis descendez de cinquante-trois,25,-53
11999,allez de quatre-vingt-deux à droite et puis descendez de cinquante-neuf,82,-59
12000,"montez de quarante-huit , puis allez de vingt et un à gauche",-21,48
12001,"montez de dix-sept , puis allez de sept à gauche",-7,17
12002,"montez de trente-sept , puis allez de quarante à gauche",-40,37
12003,"montez de vingt et un , puis allez de soixante-neuf à gauche",-69,21
12004,"montez de quatre-vingt-dix-huit , puis allez de quatre-vingt-neuf à gauche",-89,98
12005,"montez de quatre-vingt-dix-sept , puis allez de dix-neuf à gauche",-19,97
12006,"montez de trente-neuf , puis allez de trois à gauche",-3,39
12007,"montez de quatre-vingt-neuf , puis allez de seize à gauche",-16,89
12008,"montez de trois , puis allez de vingt-huit à gauche",-28,3
12009,"montez de sept , puis allez de soixante-dix-neuf à gauche",-79,7
12010,"montez de vingt-trois , puis allez de cinquante-quatre à gauche",-54,23
12011,"montez de quarante , puis allez de quarante-six à gauche",-46,40
12012,"montez de quatorze , puis allez de soixante-dix à gauche",-70,14
12013,"montez de cinquante-cinq , puis allez de soixante-quatorze à gauche",-74,55
12014,"montez de quarante-deux , puis allez de soixante-seize à gauche",-76,42
12015,"montez de cinquante-sept , puis allez de cinquante-huit à gauche",-58,57
12016,"montez de trente-neuf , puis allez de soixante-trois à gauche",-63,39
12017,"montez de quatre-vingt-quatre , puis allez de vingt-sept à gauche",-27,84
12018,"montez de cinquante et un , puis allez de trente-huit à gauche",-38,51
12019,"montez de vingt-six , puis allez de quatre-vingt-dix à gauche",-90,26
12020,"montez de quarante , puis allez de cent à gauche",-100,40
12021,"montez de quatre-vingt-quinze , puis allez de soixante et onze à gauche",-71,95
12022,"montez de quatre-vingt-douze , puis allez de quinze à gauche",-15,92
12023,"montez de soixante-treize , puis allez de trente à gauche",-30,73
12024,"montez de quarante-quatre , puis allez de quatre-vingt-six à gauche",-86,44
12025,"montez de cinquante et un , puis allez de soixante-trois à gauche",-63,51
12026,"montez de soixante-dix , puis allez de trois à gauche",-3,70
12027,"montez de quarante-huit , puis allez de quarante-sept à gauche",-47,48
12028,"montez de quatre-vingt-dix-neuf , puis allez de six à gauche",-6,99
12029,"montez de soixante et onze , puis allez de neuf à gauche",-9,71
12030,"montez de vingt-cinq , puis allez de cinquante-deux à gauche",-52,25
12031,"montez de quatre-vingt-dix-sept , puis allez de soixante-huit à gauche",-68,97
12032,"montez de quatre-vingt-quatre , puis allez de soixante-trois à gauche",-63,84
12033,"montez de vingt-trois , puis allez de quarante-huit à gauche",-48,23
12034,"montez de cinquante-huit , puis allez de quatre-vingt-quinze à gauche",-95,58
12035,"montez de soixante-deux , puis allez de vingt-deux à gauche",-22,62
12036,"montez de cinq , puis allez de soixante-quatorze à gauche",-74,5
12037,"montez de quatre-vingt-quatre , puis allez de sept à gauche",-7,84
12038,"montez de cinquante-deux , puis allez de cinquante-trois à gauche",-53,52
12039,"montez de trente-sept , puis allez de trente-deux à gauche",-32,37
12040,"montez de dix-huit , puis allez de quatre-vingt-dix-sept à gauche",-97,18
12041,"montez de soixante-seize , puis allez de cinq à gauche",-5,76
12042,"montez de quatre-vingt-douze , puis allez de sept à gauche",-7,92
12043,"montez de vingt-cinq , puis allez de quatre-vingt-trois à gauche",-83,25
12044,"montez de neuf , puis allez de trente-sept à gauche",-37,9
12045,"montez de onze , puis allez de trente-neuf à gauche",-39,11
12046,"montez de quarante-sept , puis allez de cent à gauche",-100,47
12047,"montez de dix-huit , puis allez de vingt-quatre à gauche",-24,18
12048,"montez de quatre-vingt-deux , puis allez de cinquante-quatre à gauche",-54,82
12049,"montez de cinquante-deux , puis allez de onze à gauche",-11,52
12050,"montez de soixante-quinze , puis allez de cinq à gauche",-5,75
12051,"montez de quatre-vingt-quatre , puis allez de vingt à gauche",-20,84
12052,"montez de soixante-trois , puis allez de quarante-sept à gauche",-47,63
12053,"montez de sept , puis allez de douze à gauche",-12,7
12054,"montez de cinquante-sept , puis allez de cinquante à gauche",-50,57
12055,"montez de quarante-cinq , puis allez de soixante-dix à gauche",-70,45
12056,"montez de cinquante-sept , puis allez de quatre-vingt-quatre à gauche",-84,57
12057,"montez de quarante-quatre , puis allez de quatre-vingt-treize à gauche",-93,44
12058,"montez de quatre-vingt-huit , puis allez de soixante-cinq à gauche",-65,88
12059,"montez de quarante et un , puis allez de trente-quatre à gauche",-34,41
12060,"montez de huit , puis allez de cinquante-sept à gauche",-57,8
12061,"montez de cinquante-trois , puis allez de douze à gauche",-12,53
12062,"montez de cinq , puis allez de quatre-vingt-deux à gauche",-82,5
12063,"montez de soixante-quinze , puis allez de cinquante-huit à gauche",-58,75
12064,"montez de quatre-vingt-sept , puis allez de huit à gauche",-8,87
12065,"montez de quatorze , puis allez de soixante-deux à gauche",-62,14
12066,"montez de soixante et onze , puis allez de quatre-vingt-huit à gauche",-88,71
12067,"montez de trente-neuf , puis allez de quatre-vingts à gauche",-80,39
12068,"montez de cinquante-quatre , puis allez de dix-neuf à gauche",-19,54
12069,"montez de quatre-vingt-onze , puis allez de soixante-trois à gauche",-63,91
12070,"montez de soixante-cinq , puis allez de quatre-vingt-treize à gauche",-93,65
12071,"montez de cinq , puis allez de dix-sept à gauche",-17,5
12072,"montez de trente-quatre , puis allez de trente-sept à gauche",-37,34
12073,"montez de quarante et un , puis allez de trente et un à gauche",-31,41
12074,"montez de quatre-vingt-dix , puis allez de neuf à gauche",-9,90
12075,"montez de vingt-huit , puis allez de trente-huit à gauche",-38,28
12076,"montez de cinquante et un , puis allez de quatre-vingt-quatre à gauche",-84,51
12077,"montez de vingt-quatre , puis allez de quatre-vingt-deux à gauche",-82,24
12078,"montez de soixante-dix-huit , puis allez de trente-quatre à gauche",-34,78
12079,"montez de soixante-huit , puis allez de quarante-sept à gauche",-47,68
12080,"montez de trente-cinq , puis allez de quatre-vingt-neuf à gauche",-89,35
12081,"montez de cinquante-quatre , puis allez de vingt-neuf à gauche",-29,54
12082,"montez de quatre-vingts , puis allez de vingt-trois à gauche",-23,80
12083,"montez de soixante-dix-huit , puis allez de soixante-trois à gauche",-63,78
12084,"montez de quarante et un , puis allez de vingt-cinq à gauche",-25,41
12085,"montez de quarante , puis allez de soixante-quatre à gauche",-64,40
12086,"montez de vingt-deux , puis allez de trente-trois à gauche",-33,22
12087,"montez de quarante-neuf , puis allez de sept à gauche",-7,49
12088,"montez de soixante-sept , puis allez de quatre-vingt-treize à gauche",-93,67
12089,"montez de trente-neuf , puis allez de quarante-cinq à gauche",-45,39
12090,"montez de soixante , puis allez de vingt-neuf à gauche",-29,60
12091,"montez de cinquante , puis allez de quatre-vingt-dix-sept à gauche",-97,50
12092,"montez de vingt-cinq , puis allez de cinquante-trois à gauche",-53,25
12093,"montez de neuf , puis allez de soixante à gauche",-60,9
12094,"montez de dix , puis allez de quatre-vingt-treize à gauche",-93,10
12095,"montez de cinquante-quatre , puis allez de quarante-six à gauche",-46,54
12096,"montez de quatre-vingt-huit , puis allez de trente-neuf à gauche",-39,88
12097,"montez de quatre-vingt-un , puis allez de treize à gauche",-13,81
12098,"montez de soixante-quinze , puis allez de soixante et onze à gauche",-71,75
12099,"montez de quatre-vingt-sept , puis allez de quatre-vingt-quatorze à gauche",-94,87
12100,"montez de cinquante-huit , puis allez de soixante-quatorze à gauche",-74,58
12101,"montez de quatre-vingt-un , puis allez de soixante-dix-huit à gauche",-78,81
12102,"montez de trente-huit , puis allez de six à gauche",-6,38
12103,"montez de soixante-quatorze , puis allez de quarante-deux à gauche",-42,74
12104,"montez de trente-trois , puis allez de six à gauche",-6,33
12105,"montez de soixante-six , puis allez de quatre-vingt-treize à gauche",-93,66
12106,"montez de soixante-douze , puis allez de trente-quatre à gauche",-34,72
12107,"montez de quarante-huit , puis allez de quarante-huit à gauche",-48,48
12108,"montez de vingt-deux , puis allez de vingt-six à gauche",-26,22
12109,"montez de quatre-vingt-quatorze , puis allez de soixante-cinq à gauche",-65,94
12110,"montez de soixante-sept , puis allez de quatre-vingt-treize à gauche",-93,67
12111,"montez de quatre-vingt-un , puis allez de trente à gauche",-30,81
12112,"montez de cinquante-quatre , puis allez de quatre-vingt-neuf à gauche",-89,54
12113,"montez de cinquante-six , puis allez de cinquante-deux à gauche",-52,56
12114,"montez de quatre-vingt-seize , puis allez de douze à gauche",-12,96
12115,"montez de cinquante-quatre , puis allez de cinquante et un à gauche",-51,54
12116,"montez de trente-cinq , puis allez de vingt-deux à gauche",-22,35
12117,"montez de cinquante-cinq , puis allez de quatre-vingt-dix-neuf à gauche",-99,55
12118,"montez de soixante-dix-neuf , puis allez de vingt-six à gauche",-26,79
12119,"montez de dix-huit , puis allez de quatre-vingt-dix-neuf à gauche",-99,18
12120,"montez de dix-neuf , puis allez de quarante-cinq à gauche",-45,19
12121,"montez de quatre , puis allez de six à gauche",-6,4
12122,"montez de quatre-vingt-dix-neuf , puis allez de soixante-sept à gauche",-67,99
12123,"montez de quarante-trois , puis allez de cinquante-deux à gauche",-52,43
12124,"montez de trente-deux , puis allez de soixante-dix-huit à gauche",-78,32
12125,"montez de soixante-dix-huit , puis allez de soixante-trois à gauche",-63,78
12126,"montez de vingt et un , puis allez de quatre-vingt-douze à gauche",-92,21
12127,"montez de vingt-neuf , puis allez de douze à gauche",-12,29
12128,"montez de quarante-huit , puis allez de soixante-douze à gauche",-72,48
12129,"montez de soixante-treize , puis allez de vingt-cinq à gauche",-25,73
12130,"montez de vingt-huit , puis allez de soixante-dix à gauche",-70,28
12131,"montez de vingt-deux , puis allez de quatre-vingt-quatre à gauche",-84,22
12132,"montez de soixante-dix , puis allez de quarante-six à gauche",-46,70
12133,"montez de quatre-vingt-dix , puis allez de dix-neuf à gauche",-19,90
12134,"montez de huit , puis allez de quarante-trois à gauche",-43,8
12135,"montez de quatre-vingts , puis allez de trente-neuf à gauche",-39,80
12136,"montez de vingt-neuf , puis allez de soixante-treize à gauche",-73,29
12137,"montez de cinq , puis allez de vingt et un à gauche",-21,5
12138,"montez de soixante-huit , puis allez de treize à gauche",-13,68
12139,"montez de dix-neuf , puis allez de quarante-deux à gauche",-42,19
12140,"montez de soixante-neuf , puis allez de seize à gauche",-16,69
12141,"montez de soixante-dix , puis allez de quatre-vingt-neuf à gauche",-89,70
12142,"montez de sept , puis allez de quarante-sept à gauche",-47,7
12143,"montez de trente-quatre , puis allez de sept à gauche",-7,34
12144,"montez de cinquante-cinq , puis allez de trente-sept à gauche",-37,55
12145,"montez de quarante , puis allez de quarante-sept à gauche",-47,40
12146,"montez de quatre-vingts , puis allez de quarante et un à gauche",-41,80
12147,"montez de soixante-neuf , puis allez de cinquante et un à gauche",-51,69
12148,"montez de soixante-six , puis allez de quarante-quatre à gauche",-44,66
12149,"montez de vingt-quatre , puis allez de quarante et un à gauche",-41,24
12150,"montez de vingt , puis allez de treize à gauche",-13,20
12151,"montez de cinquante-deux , puis allez de trente et un à gauche",-31,52
12152,"montez de quinze , puis allez de vingt-quatre à gauche",-24,15
12153,"montez de treize , puis allez de deux à gauche",-2,13
12154,"montez de quatre , puis allez de quatre-vingt-douze à gauche",-92,4
12155,"montez de quatre-vingt-treize , puis allez de vingt-trois à gauche",-23,93
12156,"montez de trente-cinq , puis allez de soixante-huit à gauche",-68,35
12157,"montez de soixante-quatre , puis allez de vingt-cinq à gauche",-25,64
12158,"montez de cinquante , puis allez de quarante-neuf à gauche",-49,50
12159,"montez de vingt-sept , puis allez de soixante-dix à gauche",-70,27
12160,"montez de trente-neuf , puis allez de trente-huit à gauche",-38,39
12161,"montez de vingt et un , puis allez de six à gauche",-6,21
12162,"montez de quatre-vingt-cinq , puis allez de quatre-vingt-onze à gauche",-91,85
12163,"montez de trois , puis allez de dix-huit à gauche",-18,3
12164,"montez de quarante-deux , puis allez de quarante-deux à gauche",-42,42
12165,"montez de vingt-huit , puis allez de six à gauche",-6,28
12166,"montez de quatre-vingt-dix-sept , puis allez de quatre-vingt-six à gauche",-86,97
12167,"montez de soixante-seize , puis allez de vingt-trois à gauche",-23,76
12168,"montez de quarante-neuf , puis allez de treize à gauche",-13,49
12169,"montez de soixante-quinze , puis allez de soixante-sept à gauche",-67,75
12170,"montez de quatre-vingt-un , puis allez de cinquante à gauche",-50,81
12171,"montez de soixante , puis allez de soixante-trois à gauche",-63,60
12172,"montez de soixante , puis allez de soixante-trois à gauche",-63,60
12173,"montez de soixante-trois , puis allez de vingt-cinq à gauche",-25,63
12174,"montez de soixante et onze , puis allez de treize à gauche",-13,71
12175,"montez de huit , puis allez de soixante-quatorze à gauche",-74,8
12176,"montez de vingt-trois , puis allez de soixante-cinq à gauche",-65,23
12177,"montez de soixante-sept , puis allez de trente-sept à gauche",-37,67
12178,"montez de quarante-six , puis allez de quatre-vingt-dix-sept à gauche",-97,46
12179,"montez de quarante-six , puis allez de trente-cinq à gauche",-35,46
12180,"montez de cinquante-huit , puis allez de trente-six à gauche",-36,58
12181,"montez de quatre-vingt-quatre , puis allez de cinquante-quatre à gauche",-54,84
12182,"montez de quatre-vingt-seize , puis allez de soixante-huit à gauche",-68,96
12183,"montez de soixante-six , puis allez de vingt-trois à gauche",-23,66
12184,"montez de cent , puis allez de quatre-vingt-dix-huit à gauche",-98,100
12185,"montez de trois , puis allez de quatre-vingt-dix-sept à gauche",-97,3
12186,"montez de soixante-neuf , puis allez de trente-deux à gauche",-32,69
12187,"montez de cinquante-huit , puis allez de quatre-vingt-quinze à gauche",-95,58
12188,"montez de vingt-sept , puis allez de trente-quatre à gauche",-34,27
12189,"montez de soixante-dix-neuf , puis allez de onze à gauche",-11,79
12190,"montez de vingt-neuf , puis allez de vingt à gauche",-20,29
12191,"montez de trente , puis allez de soixante-quinze à gauche",-75,30
12192,"montez de quatre-vingt-treize , puis allez de dix-neuf à gauche",-19,93
12193,"montez de soixante-quinze , puis allez de quarante-trois à gauche",-43,75
12194,"montez de trois , puis allez de quatre-vingt-dix-neuf à gauche",-99,3
12195,"montez de cent , puis allez de cent à gauche",-100,100
12196,"montez de trente et un , puis allez de soixante-seize à gauche",-76,31
12197,"montez de soixante-treize , puis allez de trente-deux à gauche",-32,73
12198,"montez de soixante-dix-huit , puis allez de quatre-vingt-douze à gauche",-92,78
12199,"montez de soixante-six , puis allez de soixante-treize à gauche",-73,66
12200,"montez de cinquante et un , puis allez de soixante-quinze à gauche",-75,51
12201,"montez de cinquante-huit , puis allez de soixante-huit à gauche",-68,58
12202,"montez de quatre-vingt-huit , puis allez de trente-cinq à gauche",-35,88
12203,"montez de quarante et un , puis allez de cinquante et un à gauche",-51,41
12204,"montez de trois , puis allez de cinquante-huit à gauche",-58,3
12205,"montez de dix-neuf , puis allez de quinze à gauche",-15,19
12206,"montez de soixante-sept , puis allez de soixante-huit à gauche",-68,67
12207,"montez de vingt , puis allez de sept à gauche",-7,20
12208,"montez de quatre-vingt-dix , puis allez de soixante-dix-huit à gauche",-78,90
12209,"montez de vingt-neuf , puis allez de neuf à gauche",-9,29
12210,"montez de vingt-deux , puis allez de quatre-vingt-six à gauche",-86,22
12211,"montez de quarante , puis allez de dix à gauche",-10,40
12212,"montez de vingt-sept , puis allez de soixante-cinq à gauche",-65,27
12213,"montez de cinquante et un , puis allez de quinze à gauche",-15,51
12214,"montez de trente-deux , puis allez de quatre-vingt-dix-huit à gauche",-98,32
12215,"montez de cent , puis allez de onze à gauche",-11,100
12216,"montez de quatre-vingt-quinze , puis allez de vingt et un à gauche",-21,95
12217,"montez de quarante-six , puis allez de soixante-quinze à gauche",-75,46
12218,"montez de soixante et un , puis allez de huit à gauche",-8,61
12219,"montez de trente-sept , puis allez de trente-trois à gauche",-33,37
12220,"montez de trente-neuf , puis allez de quarante-sept à gauche",-47,39
12221,"montez de soixante-douze , puis allez de vingt-quatre à gauche",-24,72
12222,"montez de soixante-douze , puis allez de huit à gauche",-8,72
12223,"montez de vingt-huit , puis allez de soixante et un à gauche",-61,28
12224,"montez de soixante-dix-huit , puis allez de trente à gauche",-30,78
12225,"montez de vingt-deux , puis allez de quatre-vingt-dix-huit à gauche",-98,22
12226,"montez de trente , puis allez de trente-neuf à gauche",-39,30
12227,"montez de deux , puis allez de quarante-sept à gauche",-47,2
12228,"montez de vingt-deux , puis allez de dix-sept à gauche",-17,22
12229,"montez de quarante-cinq , puis allez de quatre-vingt-trois à gauche",-83,45
12230,"montez de quatre-vingt-six , puis allez de quarante-deux à gauche",-42,86
12231,"montez de sept , puis allez de soixante-trois à gauche",-63,7
12232,"montez de quatre-vingt-dix-huit , puis allez de neuf à gauche",-9,98
12233,"montez de trente-huit , puis allez de quatre-vingt-seize à gauche",-96,38
12234,"montez de quatre-vingt-quatre , puis allez de soixante-douze à gauche",-72,84
12235,"montez de soixante-treize , puis allez de vingt-cinq à gauche",-25,73
12236,"montez de quatre-vingt-dix , puis allez de trente et un à gauche",-31,90
12237,"montez de quatre-vingt-cinq , puis allez de vingt-deux à gauche",-22,85
12238,"montez de soixante-sept , puis allez de cinquante-huit à gauche",-58,67
12239,"montez de cinq , puis allez de quatre-vingt-deux à gauche",-82,5
12240,"montez de vingt-trois , puis allez de vingt-quatre à gauche",-24,23
12241,"montez de trente-quatre , puis allez de quatre à gauche",-4,34
12242,"montez de quatre-vingt-neuf , puis allez de quatre-vingt-dix à gauche",-90,89
12243,"montez de quatre-vingt-onze , puis allez de treize à gauche",-13,91
12244,"montez de trente , puis allez de cinquante-deux à gauche",-52,30
12245,"montez de vingt-six , puis allez de quarante-trois à gauche",-43,26
12246,"montez de vingt-cinq , puis allez de quatre-vingt-deux à gauche",-82,25
12247,"montez de dix , puis allez de vingt-six à gauche",-26,10
12248,"montez de cinquante-quatre , puis allez de neuf à gauche",-9,54
12249,"montez de trente , puis allez de quatre-vingt-dix-neuf à gauche",-99,30
12250,"montez de quarante-cinq , puis allez de quatre-vingt-un à gauche",-81,45
12251,"montez de trente-cinq , puis allez de quarante-sept à gauche",-47,35
12252,"montez de cinquante-trois , puis allez de trente-cinq à gauche",-35,53
12253,"montez de cinquante-quatre , puis allez de vingt-deux à gauche",-22,54
12254,"montez de dix-neuf , puis allez de soixante-treize à gauche",-73,19
12255,"montez de douze , puis allez de vingt-quatre à gauche",-24,12
12256,"montez de douze , puis allez de soixante-seize à gauche",-76,12
12257,"montez de quarante-sept , puis allez de vingt-huit à gauche",-28,47
12258,"montez de quatre-vingt-dix-sept , puis allez de trente-trois à gauche",-33,97
12259,"montez de quatre-vingt-quatre , puis allez de quatre-vingts à gauche",-80,84
12260,"montez de quatre-vingt-deux , puis allez de quarante-neuf à gauche",-49,82
12261,"montez de quarante-sept , puis allez de trente à gauche",-30,47
12262,"montez de quarante-deux , puis allez de soixante et un à gauche",-61,42
12263,"montez de soixante-quatre , puis allez de soixante à gauche",-60,64
12264,"montez de soixante-cinq , puis allez de quatre-vingt-dix-huit à gauche",-98,65
12265,"montez de soixante-douze , puis allez de cinq à gauche",-5,72
12266,"montez de soixante-sept , puis allez de trente-huit à gauche",-38,67
12267,"montez de cinq , puis allez de trente-cinq à gauche",-35,5
12268,"montez de vingt-sept , puis allez de trente-deux à gauche",-32,27
12269,"montez de soixante-dix , puis allez de quarante-deux à gauche",-42,70
12270,"montez de soixante-huit , puis allez de cinquante-trois à gauche",-53,68
12271,"montez de quatre-vingt-treize , puis allez de trente-neuf à gauche",-39,93
12272,"montez de cinquante-trois , puis allez de six à gauche",-6,53
12273,"montez de vingt-deux , puis allez de soixante-sept à gauche",-67,22
12274,"montez de treize , puis allez de cinquante-deux à gauche",-52,13
12275,"montez de cinquante-huit , puis allez de vingt à gauche",-20,58
12276,"montez de cinquante , puis allez de quarante-huit à gauche",-48,50
12277,"montez de quatre-vingt-deux , puis allez de soixante et onze à gauche",-71,82
12278,"montez de soixante et onze , puis allez de dix-huit à gauche",-18,71
12279,"montez de quarante-sept , puis allez de soixante et onze à gauche",-71,47
12280,"montez de soixante et onze , puis allez de vingt et un à gauche",-21,71
12281,"montez de quatre-vingt-dix , puis allez de soixante-dix-sept à gauche",-77,90
12282,"montez de quatorze , puis allez de quatre-vingt-douze à gauche",-92,14
12283,"montez de quarante-quatre , puis allez de quatorze à gauche",-14,44
12284,"montez de vingt-quatre , puis allez de soixante-quatre à gauche",-64,24
12285,"montez de quinze , puis allez de trente-trois à gauche",-33,15
12286,"montez de soixante-deux , puis allez de dix-huit à gauche",-18,62
12287,"montez de quarante-six , puis allez de dix-neuf à gauche",-19,46
12288,"montez de quatre-vingt-un , puis allez de quatre-vingt-onze à gauche",-91,81
12289,"montez de soixante-douze , puis allez de quarante et un à gauche",-41,72
12290,"montez de six , puis allez de quatre-vingt-seize à gauche",-96,6
12291,"montez de huit , puis allez de quatre-vingt-seize à gauche",-96,8
12292,"montez de quatre-vingt-treize , puis allez de vingt-cinq à gauche",-25,93
12293,"montez de soixante-quatorze , puis allez de trente et un à gauche",-31,74
12294,"montez de quatre-vingt-quatorze , puis allez de soixante-dix-neuf à gauche",-79,94
12295,"montez de cinquante-huit , puis allez de trente-sept à gauche",-37,58
12296,"montez de cinquante-neuf , puis allez de deux à gauche",-2,59
12297,"montez de neuf , puis allez de cinquante-cinq à gauche",-55,9
12298,"montez de soixante-seize , puis allez de trente-sept à gauche",-37,76
12299,"montez de quatre-vingt-huit , puis allez de cinquante-huit à gauche",-58,88
12300,"montez de un , puis allez de quatre-vingt-huit à gauche",-88,1
12301,"montez de soixante-quatorze , puis allez de cinquante-huit à gauche",-58,74
12302,"montez de cinquante-cinq , puis allez de cinquante-sept à gauche",-57,55
12303,"montez de quarante-neuf , puis allez de quatre-vingt-seize à gauche",-96,49
12304,"montez de quatre-vingt-sept , puis allez de soixante-deux à gauche",-62,87
12305,"montez de dix-huit , puis allez de quatre-vingt-treize à gauche",-93,18
12306,"montez de trois , puis allez de neuf à gauche",-9,3
12307,"montez de cinquante-cinq , puis allez de quarante-sept à gauche",-47,55
12308,"montez de soixante-dix , puis allez de soixante-deux à gauche",-62,70
12309,"montez de deux , puis allez de trois à gauche",-3,2
12310,"montez de cinquante-huit , puis allez de quarante à gauche",-40,58
12311,"montez de quatre-vingt-six , puis allez de quatre-vingt-dix à gauche",-90,86
12312,"montez de quatorze , puis allez de quarante et un à gauche",-41,14
12313,"montez de soixante-dix , puis allez de soixante-neuf à gauche",-69,70
12314,"montez de quarante , puis allez de dix-neuf à gauche",-19,40
12315,"montez de soixante-treize , puis allez de neuf à gauche",-9,73
12316,"montez de vingt et un , puis allez de trente-quatre à gauche",-34,21
12317,"montez de quatre , puis allez de soixante-treize à gauche",-73,4
12318,"montez de quarante-six , puis allez de onze à gauche",-11,46
12319,"montez de soixante-dix , puis allez de vingt-quatre à gauche",-24,70
12320,"montez de cinquante et un , puis allez de vingt-trois à gauche",-23,51
12321,"montez de treize , puis allez de quatre-vingt-onze à gauche",-91,13
12322,"montez de trente-quatre , puis allez de cinquante-neuf à gauche",-59,34
12323,"montez de vingt , puis allez de trente et un à gauche",-31,20
12324,"montez de soixante-dix , puis allez de cinquante-six à gauche",-56,70
12325,"montez de soixante-cinq , puis allez de quatre-vingt-seize à gauche",-96,65
12326,"montez de quarante-deux , puis allez de neuf à gauche",-9,42
12327,"montez de cinq , puis allez de cinquante-deux à gauche",-52,5
12328,"montez de quatre-vingt-cinq , puis allez de soixante-deux à gauche",-62,85
12329,"montez de dix-neuf , puis allez de dix-sept à gauche",-17,19
12330,"montez de un , puis allez de soixante-quatre à gauche",-64,1
12331,"montez de quarante-trois , puis allez de soixante-deux à gauche",-62,43
12332,"montez de vingt , puis allez de soixante-sept à gauche",-67,20
12333,"montez de quarante-neuf , puis allez de soixante-quinze à gauche",-75,49
12334,"montez de cinquante-neuf , puis allez de douze à gauche",-12,59
12335,"montez de dix , puis allez de quatre-vingt-quatre à gauche",-84,10
12336,"montez de douze , puis allez de cinquante et un à gauche",-51,12
12337,"montez de un , puis allez de cinquante-neuf à gauche",-59,1
12338,"montez de soixante-dix , puis allez de quatre-vingt-un à gauche",-81,70
12339,"montez de six , puis allez de trente et un à gauche",-31,6
12340,"montez de cinquante-trois , puis allez de soixante et un à gauche",-61,53
12341,"montez de vingt , puis allez de vingt-six à gauche",-26,20
12342,"montez de quarante-neuf , puis allez de quatre-vingt-dix-sept à gauche",-97,49
12343,"montez de quatre-vingt-huit , puis allez de dix-huit à gauche",-18,88
12344,"montez de vingt-six , puis allez de soixante et un à gauche",-61,26
12345,"montez de soixante-quatorze , puis allez de trente-quatre à gauche",-34,74
12346,"montez de trente-huit , puis allez de vingt et un à gauche",-21,38
12347,"montez de quatre-vingt-dix-huit , puis allez de soixante-neuf à gauche",-69,98
12348,"montez de soixante et un , puis allez de trente et un à gauche",-31,61
12349,"montez de soixante-six , puis allez de soixante-dix à gauche",-70,66
12350,"montez de six , puis allez de soixante-neuf à gauche",-69,6
12351,"montez de soixante-treize , puis allez de soixante-six à gauche",-66,73
12352,"montez de cinquante , puis allez de soixante-dix-sept à gauche",-77,50
12353,"montez de trente-neuf , puis allez de quatre-vingt-six à gauche",-86,39
12354,"montez de dix-sept , puis allez de soixante-quatre à gauche",-64,17
12355,"montez de trente-quatre , puis allez de soixante-quatorze à gauche",-74,34
12356,"montez de quatre-vingt-sept , puis allez de vingt-deux à gauche",-22,87
12357,"montez de quatre-vingt-douze , puis allez de quatre-vingt-huit à gauche",-88,92
12358,"montez de trente-six , puis allez de soixante-trois à gauche",-63,36
12359,"montez de vingt-cinq , puis allez de dix-sept à gauche",-17,25
12360,"montez de dix-neuf , puis allez de cinq à gauche",-5,19
12361,"montez de quatre-vingt-quinze , puis allez de quarante à gauche",-40,95
12362,"montez de trente-quatre , puis allez de trente-sept à gauche",-37,34
12363,"montez de soixante-quatorze , puis allez de neuf à gauche",-9,74
12364,"montez de trente-neuf , puis allez de soixante et un à gauche",-61,39
12365,"montez de cinquante , puis allez de soixante et onze à gauche",-71,50
12366,"montez de soixante-quatorze , puis allez de dix à gauche",-10,74
12367,"montez de dix-sept , puis allez de deux à gauche",-2,17
12368,"montez de soixante-neuf , puis allez de vingt-six à gauche",-26,69
12369,"montez de quatre-vingt-onze , puis allez de soixante-deux à gauche",-62,91
12370,"montez de quatre-vingt-cinq , puis allez de trente-six à gauche",-36,85
12371,"montez de cinquante-neuf , puis allez de vingt-neuf à gauche",-29,59
12372,"montez de quatre-vingt-un , puis allez de vingt-deux à gauche",-22,81
12373,"montez de soixante-dix , puis allez de cinquante-huit à gauche",-58,70
12374,"montez de soixante-huit , puis allez de soixante et un à gauche",-61,68
12375,"montez de soixante-dix , puis allez de soixante-dix-sept à gauche",-77,70
12376,"montez de soixante , puis allez de quatre-vingt-dix-huit à gauche",-98,60
12377,"montez de quatre-vingt-onze , puis allez de cinquante-deux à gauche",-52,91
12378,"montez de vingt-neuf , puis allez de cinquante-cinq à gauche",-55,29
12379,"montez de seize , puis allez de soixante-quatre à gauche",-64,16
12380,"montez de quatre-vingts , puis allez de un à gauche",-1,80
12381,"montez de un , puis allez de quarante-trois à gauche",-43,1
12382,"montez de quatre-vingt-douze , puis allez de soixante-quinze à gauche",-75,92
12383,"montez de quatre-vingt-dix-sept , puis allez de dix-neuf à gauche",-19,97
12384,"montez de sept , puis allez de trente à gauche",-30,7
12385,"montez de cinquante et un , puis allez de trente et un à gauche",-31,51
12386,"montez de soixante-quinze , puis allez de quatre-vingt-neuf à gauche",-89,75
12387,"montez de trente , puis allez de soixante-deux à gauche",-62,30
12388,"montez de neuf , puis allez de quatre à gauche",-4,9
12389,"montez de quatre-vingt-six , puis allez de quarante à gauche",-40,86
12390,"montez de six , puis allez de soixante-quatre à gauche",-64,6
12391,"montez de sept , puis allez de cinquante-sept à gauche",-57,7
12392,"montez de trente-trois , puis allez de cinquante-deux à gauche",-52,33
12393,"montez de soixante-dix-sept , puis allez de quatre-vingt-quatre à gauche",-84,77
12394,"montez de vingt-deux , puis allez de trente-trois à gauche",-33,22
12395,"montez de trente-trois , puis allez de cinquante-sept à gauche",-57,33
12396,"montez de douze , puis allez de trente-cinq à gauche",-35,12
12397,"montez de quatre-vingt-seize , puis allez de soixante-huit à gauche",-68,96
12398,"montez de soixante-dix-huit , puis allez de quarante et un à gauche",-41,78
12399,"montez de vingt-quatre , puis allez de quatre-vingt-trois à gauche",-83,24
12400,"montez de quatorze , puis allez de quatre-vingts à gauche",-80,14
12401,"montez de trente-quatre , puis allez de cent à gauche",-100,34
12402,"montez de quarante-deux , puis allez de quatre-vingt-quatre à gauche",-84,42
12403,"montez de quatre-vingt-dix-sept , puis allez de soixante-dix-huit à gauche",-78,97
12404,"montez de neuf , puis allez de quarante-cinq à gauche",-45,9
12405,"montez de quatre-vingt-dix-neuf , puis allez de soixante-quatre à gauche",-64,99
12406,"montez de cinquante-deux , puis allez de vingt-six à gauche",-26,52
12407,"montez de soixante-dix-sept , puis allez de quatre-vingt-deux à gauche",-82,77
12408,"montez de quarante , puis allez de quatre-vingt-douze à gauche",-92,40
12409,"montez de cinquante-six , puis allez de quatre-vingt-dix-neuf à gauche",-99,56
12410,"montez de cinquante-deux , puis allez de soixante-treize à gauche",-73,52
12411,"montez de quatre-vingt-cinq , puis allez de soixante-quinze à gauche",-75,85
12412,"montez de deux , puis allez de quarante-quatre à gauche",-44,2
12413,"montez de quatre-vingt-dix-huit , puis allez de treize à gauche",-13,98
12414,"montez de cinquante-deux , puis allez de quarante et un à gauche",-41,52
12415,"montez de dix , puis allez de vingt-cinq à gauche",-25,10
12416,"montez de soixante-seize , puis allez de vingt-six à gauche",-26,76
12417,"montez de quatre-vingt-sept , puis allez de quatre-vingt-sept à gauche",-87,87
12418,"montez de cinquante-six , puis allez de quatre-vingts à gauche",-80,56
12419,"montez de trente-neuf , puis allez de cinquante-huit à gauche",-58,39
12420,"montez de soixante-dix-huit , puis allez de un à gauche",-1,78
12421,"montez de soixante-dix-huit , puis allez de vingt-trois à gauche",-23,78
12422,"montez de vingt-six , puis allez de deux à gauche",-2,26
12423,"montez de un , puis allez de quatre-vingt-quatorze à gauche",-94,1
12424,"montez de dix , puis allez de quatre-vingt-sept à gauche",-87,10
12425,"montez de soixante-quinze , puis allez de un à gauche",-1,75
12426,"montez de soixante et un , puis allez de soixante-huit à gauche",-68,61
12427,"montez de seize , puis allez de quarante-huit à gauche",-48,16
12428,"montez de quatre-vingt-quatre , puis allez de cinquante-huit à gauche",-58,84
12429,"montez de quatre-vingt-deux , puis allez de soixante-sept à gauche",-67,82
12430,"montez de quarante-deux , puis allez de vingt-neuf à gauche",-29,42
12431,"montez de quatre-vingt-dix-sept , puis allez de quatre-vingt-quatre à gauche",-84,97
12432,"montez de soixante-dix-sept , puis allez de soixante-dix-huit à gauche",-78,77
12433,"montez de quatre-vingt-dix-neuf , puis allez de vingt-quatre à gauche",-24,99
12434,"montez de onze , puis allez de quarante-huit à gauche",-48,11
12435,"montez de soixante-dix , puis allez de soixante-trois à gauche",-63,70
12436,"montez de seize , puis allez de trente à gauche",-30,16
12437,"montez de dix-neuf , puis allez de cinq à gauche",-5,19
12438,"montez de soixante-dix , puis allez de quatre-vingt-douze à gauche",-92,70
12439,"montez de quatre-vingt-neuf , puis allez de quatre-vingt-dix à gauche",-90,89
12440,"montez de douze , puis allez de quatre-vingt-dix-huit à gauche",-98,12
12441,"montez de quinze , puis allez de quatre-vingt-treize à gauche",-93,15
12442,"montez de quatre-vingt-seize , puis allez de quarante-trois à gauche",-43,96
12443,"montez de quarante-trois , puis allez de trente-deux à gauche",-32,43
12444,"montez de soixante-sept , puis allez de neuf à gauche",-9,67
12445,"montez de trente-quatre , puis allez de neuf à gauche",-9,34
12446,"montez de soixante-dix-neuf , puis allez de soixante-trois à gauche",-63,79
12447,"montez de quatre-vingts , puis allez de quarante à gauche",-40,80
12448,"montez de vingt-cinq , puis allez de quatre-vingt-treize à gauche",-93,25
12449,"montez de quatre-vingt-dix-neuf , puis allez de quatre-vingt-cinq à gauche",-85,99
12450,"montez de quarante-cinq , puis allez de six à gauche",-6,45
12451,"montez de quarante-neuf , puis allez de quatre-vingt-quatre à gauche",-84,49
12452,"montez de trente-trois , puis allez de quarante-sept à gauche",-47,33
12453,"montez de trente et un , puis allez de onze à gauche",-11,31
12454,"montez de quatre-vingt-treize , puis allez de vingt-cinq à gauche",-25,93
12455,"montez de soixante-trois , puis allez de quatre-vingt-cinq à gauche",-85,63
12456,"montez de soixante-dix-neuf , puis allez de quarante à gauche",-40,79
12457,"montez de cinquante et un , puis allez de cinquante-trois à gauche",-53,51
12458,"montez de quatre-vingt-dix-sept , puis allez de soixante-treize à gauche",-73,97
12459,"montez de quatre-vingt-neuf , puis allez de soixante-trois à gauche",-63,89
12460,"montez de quatre-vingt-treize , puis allez de un à gauche",-1,93
12461,"montez de deux , puis allez de quatre-vingt-un à gauche",-81,2
12462,"montez de soixante-seize , puis allez de seize à gauche",-16,76
12463,"montez de douze , puis allez de vingt-trois à gauche",-23,12
12464,"montez de vingt , puis allez de trente à gauche",-30,20
12465,"montez de cinquante-neuf , puis allez de quarante-huit à gauche",-48,59
12466,"montez de six , puis allez de trente-cinq à gauche",-35,6
12467,"montez de soixante-dix-huit , puis allez de vingt-deux à gauche",-22,78
12468,"montez de soixante-dix , puis allez de quatorze à gauche",-14,70
12469,"montez de vingt-huit , puis allez de vingt et un à gauche",-21,28
12470,"montez de quatre-vingt-douze , puis allez de vingt-deux à gauche",-22,92
12471,"montez de trente-neuf , puis allez de trente et un à gauche",-31,39
12472,"montez de vingt et un , puis allez de soixante-quinze à gauche",-75,21
12473,"montez de quatre-vingt-treize , puis allez de cinquante-trois à gauche",-53,93
12474,"montez de soixante-sept , puis allez de sept à gauche",-7,67
12475,"montez de quatre-vingt-dix-neuf , puis allez de trente-six à gauche",-36,99
12476,"montez de quatre-vingt-un , puis allez de quatre-vingt-six à gauche",-86,81
12477,"montez de quatre-vingt-douze , puis allez de vingt-trois à gauche",-23,92
12478,"montez de trente-huit , puis allez de dix-huit à gauche",-18,38
12479,"montez de dix , puis allez de quatre-vingt-cinq à gauche",-85,10
12480,"montez de quarante et un , puis allez de vingt-neuf à gauche",-29,41
12481,"montez de soixante-trois , puis allez de soixante-treize à gauche",-73,63
12482,"montez de quarante , puis allez de vingt-neuf à gauche",-29,40
12483,"montez de vingt-quatre , puis allez de quatre-vingt-deux à gauche",-82,24
12484,"montez de quatre-vingt-quatre , puis allez de soixante-quatre à gauche",-64,84
12485,"montez de soixante-dix-neuf , puis allez de quatre-vingt-quatre à gauche",-84,79
12486,"montez de quatre-vingt-onze , puis allez de soixante-quinze à gauche",-75,91
12487,"montez de vingt , puis allez de trente-quatre à gauche",-34,20
12488,"montez de quatre-vingt-cinq , puis allez de trente-trois à gauche",-33,85
12489,"montez de quarante et un , puis allez de trente-trois à gauche",-33,41
12490,"montez de dix-huit , puis allez de quatre-vingt-six à gauche",-86,18
12491,"montez de quatre-vingts , puis allez de vingt-sept à gauche",-27,80
12492,"montez de quatre-vingt-dix-sept , puis allez de vingt-trois à gauche",-23,97
12493,"montez de vingt-trois , puis allez de quatre-vingts à gauche",-80,23
12494,"montez de vingt-huit , puis allez de quatre-vingt-dix à gauche",-90,28
12495,"montez de soixante-neuf , puis allez de neuf à gauche",-9,69
12496,"montez de vingt-deux , puis allez de quatre-vingt-deux à gauche",-82,22
12497,"montez de quatre-vingt-dix-sept , puis allez de deux à gauche",-2,97
12498,"montez de trente-cinq , puis allez de cinquante-sept à gauche",-57,35
12499,"montez de trente-cinq , puis allez de quatre-vingt-un à gauche",-81,35
12500,"montez de quinze , puis allez de soixante-dix-sept à gauche",-77,15
12501,"montez de soixante-cinq , puis allez de soixante-sept à gauche",-67,65
12502,"montez de cinq , puis allez de quatre-vingt-cinq à gauche",-85,5
12503,"montez de soixante-huit , puis allez de quatre-vingt-dix-huit à gauche",-98,68
12504,"montez de trente-neuf , puis allez de trente à gauche",-30,39
12505,"montez de trente-deux , puis allez de quatre-vingt-un à gauche",-81,32
12506,"montez de soixante-trois , puis allez de quatre-vingt-quatorze à gauche",-94,63
12507,"montez de trente et un , puis allez de deux à gauche",-2,31
12508,"montez de soixante-dix-sept , puis allez de vingt-quatre à gauche",-24,77
12509,"montez de quatre-vingt-seize , puis allez de soixante-dix-sept à gauche",-77,96
12510,"montez de quatre-vingt-cinq , puis allez de trente-quatre à gauche",-34,85
12511,"montez de soixante-deux , puis allez de soixante et un à gauche",-61,62
12512,"montez de vingt-sept , puis allez de quatorze à gauche",-14,27
12513,"montez de vingt-cinq , puis allez de sept à gauche",-7,25
12514,"montez de quatre-vingt-neuf , puis allez de treize à gauche",-13,89
12515,"montez de trente , puis allez de vingt-cinq à gauche",-25,30
12516,"montez de quarante-six , puis allez de quarante-huit à gauche",-48,46
12517,"montez de cinquante-cinq , puis allez de vingt-neuf à gauche",-29,55
12518,"montez de dix , puis allez de cinquante-neuf à gauche",-59,10
12519,"montez de quatre-vingt-sept , puis allez de dix à gauche",-10,87
12520,"montez de quatre-vingt-trois , puis allez de quatre-vingt-dix-neuf à gauche",-99,83
12521,"montez de vingt et un , puis allez de seize à gauche",-16,21
12522,"montez de cinq , puis allez de onze à gauche",-11,5
12523,"montez de quarante-quatre , puis allez de quatre-vingt-dix-huit à gauche",-98,44
12524,"montez de trente , puis allez de quatre-vingt-sept à gauche",-87,30
12525,"montez de dix-neuf , puis allez de quarante-neuf à gauche",-49,19
12526,"montez de onze , puis allez de quarante-huit à gauche",-48,11
12527,"montez de vingt-sept , puis allez de cinquante-trois à gauche",-53,27
12528,"montez de quatre-vingt-quatre , puis allez de soixante-neuf à gauche",-69,84
12529,"montez de quarante-six , puis allez de soixante et onze à gauche",-71,46
12530,"montez de soixante-cinq , puis allez de trente-deux à gauche",-32,65
12531,"montez de quatre-vingt-douze , puis allez de quatre-vingt-deux à gauche",-82,92
12532,"montez de sept , puis allez de cinquante-trois à gauche",-53,7
12533,"montez de dix-sept , puis allez de soixante-quatre à gauche",-64,17
12534,"montez de quatre-vingt-sept , puis allez de cinquante-neuf à gauche",-59,87
12535,"montez de quatre-vingt-cinq , puis allez de trente à gauche",-30,85
12536,"montez de soixante , puis allez de quarante à gauche",-40,60
12537,"montez de six , puis allez de soixante-cinq à gauche",-65,6
12538,"montez de quatre-vingt-onze , puis allez de quatre-vingt-un à gauche",-81,91
12539,"montez de trente-cinq , puis allez de vingt-neuf à gauche",-29,35
12540,"montez de quarante-deux , puis allez de trente-trois à gauche",-33,42
12541,"montez de trente-trois , puis allez de quatre-vingt-onze à gauche",-91,33
12542,"montez de soixante-dix , puis allez de soixante-dix-neuf à gauche",-79,70
12543,"montez de quatre-vingt-deux , puis allez de soixante-trois à gauche",-63,82
12544,"montez de quatre-vingt-dix , puis allez de seize à gauche",-16,90
12545,"montez de dix , puis allez de soixante-deux à gauche",-62,10
12546,"montez de vingt , puis allez de quatre-vingt-sept à gauche",-87,20
12547,"montez de trois , puis allez de vingt-neuf à gauche",-29,3
12548,"montez de cinquante-quatre , puis allez de vingt et un à gauche",-21,54
12549,"montez de sept , puis allez de cinquante-neuf à gauche",-59,7
12550,"montez de neuf , puis allez de trente-huit à gauche",-38,9
12551,"montez de quatre-vingt-deux , puis allez de quinze à gauche",-15,82
12552,"montez de vingt-neuf , puis allez de quatre-vingt-deux à gauche",-82,29
12553,"montez de quatorze , puis allez de trente-deux à gauche",-32,14
12554,"montez de sept , puis allez de quarante-quatre à gauche",-44,7
12555,"montez de soixante-dix-sept , puis allez de cinquante-sept à gauche",-57,77
12556,"montez de quatre-vingt-treize , puis allez de trente-huit à gauche",-38,93
12557,"montez de vingt et un , puis allez de quinze à gauche",-15,21
12558,"montez de trois , puis allez de quarante-sept à gauche",-47,3
12559,"montez de cinquante-neuf , puis allez de soixante-douze à gauche",-72,59
12560,"montez de dix , puis allez de quatre-vingt-treize à gauche",-93,10
12561,"montez de treize , puis allez de trente-neuf à gauche",-39,13
12562,"montez de quarante-trois , puis allez de quatre-vingt-dix à gauche",-90,43
12563,"montez de soixante-dix-neuf , puis allez de soixante-treize à gauche",-73,79
12564,"montez de sept , puis allez de treize à gauche",-13,7
12565,"montez de quatre-vingt-deux , puis allez de quatorze à gauche",-14,82
12566,"montez de cent , puis allez de soixante-trois à gauche",-63,100
12567,"montez de dix , puis allez de seize à gauche",-16,10
12568,"montez de quarante-cinq , puis allez de soixante-quinze à gauche",-75,45
12569,"montez de quatre-vingt-douze , puis allez de quatre-vingt-quatorze à gauche",-94,92
12570,"montez de trente-cinq , puis allez de quinze à gauche",-15,35
12571,"montez de quatre-vingt-deux , puis allez de cinq à gauche",-5,82
12572,"montez de neuf , puis allez de neuf à gauche",-9,9
12573,"montez de cinquante-quatre , puis allez de quatre-vingt-trois à gauche",-83,54
12574,"montez de quatre-vingt-quatre , puis allez de cinquante-quatre à gauche",-54,84
12575,"montez de neuf , puis allez de trente-quatre à gauche",-34,9
12576,"montez de cinquante-quatre , puis allez de quatre-vingt-un à gauche",-81,54
12577,"montez de vingt , puis allez de quatre-vingt-quatorze à gauche",-94,20
12578,"montez de neuf , puis allez de quarante-quatre à gauche",-44,9
12579,"montez de quatre , puis allez de treize à gauche",-13,4
12580,"montez de quatre-vingt-treize , puis allez de huit à gauche",-8,93
12581,"montez de vingt-huit , puis allez de dix-neuf à gauche",-19,28
12582,"montez de trois , puis allez de quatre-vingt-douze à gauche",-92,3
12583,"montez de vingt-neuf , puis allez de soixante-dix à gauche",-70,29
12584,"montez de soixante-douze , puis allez de vingt et un à gauche",-21,72
12585,"montez de cent , puis allez de trente-neuf à gauche",-39,100
12586,"montez de cinquante-sept , puis allez de vingt-trois à gauche",-23,57
12587,"montez de trente-cinq , puis allez de un à gauche",-1,35
12588,"montez de trente-cinq , puis allez de treize à gauche",-13,35
12589,"montez de cinquante-huit , puis allez de trente-six à gauche",-36,58
12590,"montez de cinquante et un , puis allez de trente et un à gauche",-31,51
12591,"montez de quarante-six , puis allez de soixante-trois à gauche",-63,46
12592,"montez de trente-six , puis allez de quatre-vingt-un à gauche",-81,36
12593,"montez de dix-huit , puis allez de quatre-vingt-dix-neuf à gauche",-99,18
12594,"montez de quatre-vingt-deux , puis allez de quatre-vingt-quatorze à gauche",-94,82
12595,"montez de dix , puis allez de soixante-sept à gauche",-67,10
12596,"montez de cinquante-quatre , puis allez de cinquante-sept à gauche",-57,54
12597,"montez de soixante-deux , puis allez de cinquante à gauche",-50,62
12598,"montez de quatre-vingt-dix-neuf , puis allez de quatre-vingts à gauche",-80,99
12599,"montez de seize , puis allez de seize à gauche",-16,16
12600,"montez de onze , puis allez de vingt à gauche",-20,11
12601,"montez de quarante-deux , puis allez de quatre-vingt-six à gauche",-86,42
12602,"montez de deux , puis allez de vingt-huit à gauche",-28,2
12603,"montez de trois , puis allez de trente-quatre à gauche",-34,3
12604,"montez de trente-cinq , puis allez de trente-huit à gauche",-38,35
12605,"montez de quinze , puis allez de soixante-huit à gauche",-68,15
12606,"montez de trente-sept , puis allez de vingt à gauche",-20,37
12607,"montez de soixante-seize , puis allez de cinquante-quatre à gauche",-54,76
12608,"montez de quatre , puis allez de un à gauche",-1,4
12609,"montez de vingt et un , puis allez de soixante et un à gauche",-61,21
12610,"montez de soixante-dix , puis allez de quatre-vingts à gauche",-80,70
12611,"montez de soixante-seize , puis allez de trente-deux à gauche",-32,76
12612,"montez de trente-sept , puis allez de soixante-quatorze à gauche",-74,37
12613,"montez de cinquante , puis allez de quarante et un à gauche",-41,50
12614,"montez de quatre-vingt-treize , puis allez de vingt à gauche",-20,93
12615,"montez de quatre-vingt-seize , puis allez de cinquante-quatre à gauche",-54,96
12616,"montez de dix , puis allez de quatre-vingt-dix à gauche",-90,10
12617,"montez de soixante et un , puis allez de quatre-vingts à gauche",-80,61
12618,"montez de quatre-vingt-quatre , puis allez de cinquante-neuf à gauche",-59,84
12619,"montez de vingt-cinq , puis allez de treize à gauche",-13,25
12620,"montez de cinquante-cinq , puis allez de quarante-huit à gauche",-48,55
12621,"montez de trente-six , puis allez de cinquante à gauche",-50,36
12622,"montez de vingt et un , puis allez de quatre-vingt-neuf à gauche",-89,21
12623,"montez de quatre , puis allez de quatre-vingt-dix-neuf à gauche",-99,4
12624,"montez de soixante-dix , puis allez de cinq à gauche",-5,70
12625,"montez de soixante-sept , puis allez de quatre-vingt-quatre à gauche",-84,67
12626,"montez de soixante-cinq , puis allez de cinquante-deux à gauche",-52,65
12627,"montez de quarante-trois , puis allez de onze à gauche",-11,43
12628,"montez de quatre-vingt-dix , puis allez de quarante-neuf à gauche",-49,90
12629,"montez de neuf , puis allez de quatre-vingt-sept à gauche",-87,9
12630,"montez de quarante-cinq , puis allez de vingt-neuf à gauche",-29,45
12631,"montez de quatre-vingt-dix-neuf , puis allez de vingt-huit à gauche",-28,99
12632,"montez de cinquante-six , puis allez de quarante-quatre à gauche",-44,56
12633,"montez de vingt-trois , puis allez de quatre-vingt-sept à gauche",-87,23
12634,"montez de soixante-treize , puis allez de cinquante-huit à gauche",-58,73
12635,"montez de cinquante-quatre , puis allez de quatre-vingt-six à gauche",-86,54
12636,"montez de cinquante-sept , puis allez de quatre-vingt-treize à gauche",-93,57
12637,"montez de six , puis allez de quatre-vingt-cinq à gauche",-85,6
12638,"montez de cinquante et un , puis allez de vingt-deux à gauche",-22,51
12639,"montez de cinquante-huit , puis allez de cinquante-huit à gauche",-58,58
12640,"montez de un , puis allez de quatre-vingt-six à gauche",-86,1
12641,"montez de vingt-huit , puis allez de cinquante et un à gauche",-51,28
12642,"montez de quatre-vingt-dix-huit , puis allez de quatre-vingts à gauche",-80,98
12643,"montez de quatre-vingt-huit , puis allez de cent à gauche",-100,88
12644,"montez de quatre-vingt-un , puis allez de seize à gauche",-16,81
12645,"montez de quatre-vingt-quatre , puis allez de soixante-dix-sept à gauche",-77,84
12646,"montez de soixante-deux , puis allez de cinquante-deux à gauche",-52,62
12647,"montez de quarante-huit , puis allez de quatre-vingt-six à gauche",-86,48
12648,"montez de vingt , puis allez de quinze à gauche",-15,20
12649,"montez de douze , puis allez de soixante-treize à gauche",-73,12
12650,"montez de soixante-dix-huit , puis allez de six à gauche",-6,78
12651,"montez de vingt-cinq , puis allez de quatre-vingt-huit à gauche",-88,25
12652,"montez de cinquante-huit , puis allez de soixante et onze à gauche",-71,58
12653,"montez de soixante-dix-neuf , puis allez de quarante-six à gauche",-46,79
12654,"montez de soixante-deux , puis allez de soixante-deux à gauche",-62,62
12655,"montez de vingt-huit , puis allez de vingt-deux à gauche",-22,28
12656,"montez de soixante-huit , puis allez de trente et un à gauche",-31,68
12657,"montez de vingt et un , puis allez de cinquante-huit à gauche",-58,21
12658,"montez de vingt , puis allez de onze à gauche",-11,20
12659,"montez de quatre-vingt-onze , puis allez de quatre-vingt-douze à gauche",-92,91
12660,"montez de trente , puis allez de trente-six à gauche",-36,30
12661,"montez de quatre-vingt-quatre , puis allez de vingt-neuf à gauche",-29,84
12662,"montez de vingt-trois , puis allez de quarante-sept à gauche",-47,23
12663,"montez de neuf , puis allez de cinq à gauche",-5,9
12664,"montez de deux , puis allez de trente et un à gauche",-31,2
12665,"montez de cinquante-neuf , puis allez de quatre-vingt-dix-sept à gauche",-97,59
12666,"montez de quatre-vingt-huit , puis allez de cinquante-quatre à gauche",-54,88
12667,"montez de soixante-quatorze , puis allez de vingt-neuf à gauche",-29,74
12668,"montez de cinquante-neuf , puis allez de cinquante-sept à gauche",-57,59
12669,"montez de vingt , puis allez de soixante et onze à gauche",-71,20
12670,"montez de quatre-vingt-douze , puis allez de quarante-huit à gauche",-48,92
12671,"montez de quatre-vingt-quatre , puis allez de quarante-deux à gauche",-42,84
12672,"montez de quarante-quatre , puis allez de trente-six à gauche",-36,44
12673,"montez de vingt-trois , puis allez de soixante-seize à gauche",-76,23
12674,"montez de soixante-quatorze , puis allez de trente-trois à gauche",-33,74
12675,"montez de cinquante et un , puis allez de quatre-vingt-dix-sept à gauche",-97,51
12676,"montez de soixante-dix-neuf , puis allez de soixante-dix-sept à gauche",-77,79
12677,"montez de dix-neuf , puis allez de quatre-vingt-deux à gauche",-82,19
12678,"montez de un , puis allez de cinquante-neuf à gauche",-59,1
12679,"montez de huit , puis allez de quatre-vingt-deux à gauche",-82,8
12680,"montez de soixante-huit , puis allez de dix-huit à gauche",-18,68
12681,"montez de soixante et un , puis allez de un à gauche",-1,61
12682,"montez de cinquante-cinq , puis allez de quatre-vingt-douze à gauche",-92,55
12683,"montez de cinquante-trois , puis allez de quatre-vingt-un à gauche",-81,53
12684,"montez de quatre-vingt-dix-huit , puis allez de vingt-sept à gauche",-27,98
12685,"montez de trente-neuf , puis allez de quarante-sept à gauche",-47,39
12686,"montez de quatre-vingt-quinze , puis allez de quarante-cinq à gauche",-45,95
12687,"montez de vingt-quatre , puis allez de quarante-sept à gauche",-47,24
12688,"montez de soixante-seize , puis allez de trente-trois à gauche",-33,76
12689,"montez de vingt-cinq , puis allez de trente-cinq à gauche",-35,25
12690,"montez de quatre-vingt-neuf , puis allez de soixante-quinze à gauche",-75,89
12691,"montez de cinquante-neuf , puis allez de deux à gauche",-2,59
12692,"montez de quarante-cinq , puis allez de cinquante-trois à gauche",-53,45
12693,"montez de cent , puis allez de soixante-treize à gauche",-73,100
12694,"montez de vingt-deux , puis allez de treize à gauche",-13,22
12695,"montez de cinquante-huit , puis allez de vingt-quatre à gauche",-24,58
12696,"montez de six , puis allez de dix-huit à gauche",-18,6
12697,"montez de cinquante-neuf , puis allez de quatre-vingt-neuf à gauche",-89,59
12698,"montez de quatorze , puis allez de quatre-vingt-trois à gauche",-83,14
12699,"montez de quarante-six , puis allez de quatre à gauche",-4,46
12700,"montez de trente-trois , puis allez de soixante-seize à gauche",-76,33
12701,"montez de quarante-huit , puis allez de trente-neuf à gauche",-39,48
12702,"montez de douze , puis allez de trente-neuf à gauche",-39,12
12703,"montez de quarante-trois , puis allez de quatre-vingt-trois à gauche",-83,43
12704,"montez de trente-trois , puis allez de quatre-vingt-douze à gauche",-92,33
12705,"montez de dix , puis allez de quarante et un à gauche",-41,10
12706,"montez de soixante-dix-sept , puis allez de quatre-vingt-quinze à gauche",-95,77
12707,"montez de soixante , puis allez de six à gauche",-6,60
12708,"montez de quarante-quatre , puis allez de vingt-quatre à gauche",-24,44
12709,"montez de cinquante-huit , puis allez de quarante-deux à gauche",-42,58
12710,"montez de quarante-trois , puis allez de quarante-sept à gauche",-47,43
12711,"montez de treize , puis allez de soixante-quinze à gauche",-75,13
12712,"montez de soixante-sept , puis allez de vingt-cinq à gauche",-25,67
12713,"montez de quatre-vingt-six , puis allez de cinquante-neuf à gauche",-59,86
12714,"montez de soixante-seize , puis allez de vingt-huit à gauche",-28,76
12715,"montez de quatre-vingt-cinq , puis allez de quarante-six à gauche",-46,85
12716,"montez de soixante-quinze , puis allez de vingt-six à gauche",-26,75
12717,"montez de seize , puis allez de soixante-dix-neuf à gauche",-79,16
12718,"montez de quarante et un , puis allez de soixante-douze à gauche",-72,41
12719,"montez de cinquante-deux , puis allez de cinquante-cinq à gauche",-55,52
12720,"montez de trente-quatre , puis allez de quatre-vingt-douze à gauche",-92,34
12721,"montez de quatre-vingt-douze , puis allez de quatre-vingt-trois à gauche",-83,92
12722,"montez de cinquante-six , puis allez de cinquante-trois à gauche",-53,56
12723,"montez de quarante-six , puis allez de dix à gauche",-10,46
12724,"montez de cinquante-neuf , puis allez de soixante-dix-sept à gauche",-77,59
12725,"montez de onze , puis allez de soixante à gauche",-60,11
12726,"montez de vingt-neuf , puis allez de soixante-quinze à gauche",-75,29
12727,"montez de vingt-huit , puis allez de quarante-neuf à gauche",-49,28
12728,"montez de treize , puis allez de cent à gauche",-100,13
12729,"montez de cinq , puis allez de cinquante-neuf à gauche",-59,5
12730,"montez de quatre-vingt-sept , puis allez de huit à gauche",-8,87
12731,"montez de cinquante-cinq , puis allez de soixante à gauche",-60,55
12732,"montez de vingt-trois , puis allez de trois à gauche",-3,23
12733,"montez de trente-huit , puis allez de quatre-vingt-dix à gauche",-90,38
12734,"montez de trente et un , puis allez de cinquante-six à gauche",-56,31
12735,"montez de trente-sept , puis allez de quatre-vingt-six à gauche",-86,37
12736,"montez de soixante-seize , puis allez de soixante-cinq à gauche",-65,76
12737,"montez de onze , puis allez de soixante-dix-sept à gauche",-77,11
12738,"montez de quarante-neuf , puis allez de cinquante-quatre à gauche",-54,49
12739,"montez de vingt-trois , puis allez de huit à gauche",-8,23
12740,"montez de quarante-deux , puis allez de quatre-vingt-onze à gauche",-91,42
12741,"montez de trente-cinq , puis allez de quatre-vingt-sept à gauche",-87,35
12742,"montez de vingt-huit , puis allez de dix-huit à gauche",-18,28
12743,"montez de soixante-quinze , puis allez de cinquante-sept à gauche",-57,75
12744,"montez de quatre-vingt-quinze , puis allez de soixante-huit à gauche",-68,95
12745,"montez de quatre-vingt-treize , puis allez de vingt-deux à gauche",-22,93
12746,"montez de soixante-quatre , puis allez de soixante-seize à gauche",-76,64
12747,"montez de quarante-neuf , puis allez de quatre-vingt-quatorze à gauche",-94,49
12748,"montez de quarante-cinq , puis allez de vingt et un à gauche",-21,45
12749,"montez de quatre-vingt-huit , puis allez de quarante-sept à gauche",-47,88
12750,"montez de soixante-six , puis allez de vingt-trois à gauche",-23,66
12751,"montez de quatre-vingt-dix-huit , puis allez de trente-six à gauche",-36,98
12752,"montez de quatre-vingt-treize , puis allez de vingt-trois à gauche",-23,93
12753,"montez de quatre-vingt-un , puis allez de quatre-vingt-cinq à gauche",-85,81
12754,"montez de vingt-trois , puis allez de six à gauche",-6,23
12755,"montez de soixante-huit , puis allez de soixante-huit à gauche",-68,68
12756,"montez de quatre-vingt-deux , puis allez de quarante-quatre à gauche",-44,82
12757,"montez de soixante-sept , puis allez de trente-deux à gauche",-32,67
12758,"montez de huit , puis allez de quarante-neuf à gauche",-49,8
12759,"montez de trente-huit , puis allez de dix-sept à gauche",-17,38
12760,"montez de quarante-six , puis allez de vingt-huit à gauche",-28,46
12761,"montez de cinquante-sept , puis allez de soixante-douze à gauche",-72,57
12762,"montez de six , puis allez de quatre-vingt-sept à gauche",-87,6
12763,"montez de trente-quatre , puis allez de sept à gauche",-7,34
12764,"montez de onze , puis allez de quatre-vingt-trois à gauche",-83,11
12765,"montez de quatre-vingt-six , puis allez de quatre-vingts à gauche",-80,86
12766,"montez de cinquante-cinq , puis allez de trente-cinq à gauche",-35,55
12767,"montez de soixante-dix , puis allez de cinquante-sept à gauche",-57,70
12768,"montez de quatre-vingt-deux , puis allez de soixante-seize à gauche",-76,82
12769,"montez de vingt-neuf , puis allez de soixante-seize à gauche",-76,29
12770,"montez de soixante-dix-huit , puis allez de soixante et onze à gauche",-71,78
12771,"montez de quatre-vingt-dix-sept , puis allez de deux à gauche",-2,97
12772,"montez de quatre , puis allez de soixante-douze à gauche",-72,4
12773,"montez de quarante-deux , puis allez de soixante-sept à gauche",-67,42
12774,"montez de soixante-trois , puis allez de trente-neuf à gauche",-39,63
12775,"montez de vingt-sept , puis allez de soixante-quatorze à gauche",-74,27
12776,"montez de trente et un , puis allez de cinquante-trois à gauche",-53,31
12777,"montez de quatre-vingt-cinq , puis allez de soixante-quatorze à gauche",-74,85
12778,"montez de trente-huit , puis allez de seize à gauche",-16,38
12779,"montez de quarante , puis allez de soixante-trois à gauche",-63,40
12780,"montez de trente , puis allez de vingt-huit à gauche",-28,30
12781,"montez de soixante et onze , puis allez de trente-huit à gauche",-38,71
12782,"montez de quatre-vingt-cinq , puis allez de six à gauche",-6,85
12783,"montez de trente , puis allez de soixante et onze à gauche",-71,30
12784,"montez de trois , puis allez de quarante-quatre à gauche",-44,3
12785,"montez de quatre-vingt-treize , puis allez de quarante-deux à gauche",-42,93
12786,"montez de soixante , puis allez de quatorze à gauche",-14,60
12787,"montez de soixante-quatorze , puis allez de un à gauche",-1,74
12788,"montez de cinquante , puis allez de vingt-trois à gauche",-23,50
12789,"montez de dix-neuf , puis allez de trente et un à gauche",-31,19
12790,"montez de cinquante , puis allez de cinquante-six à gauche",-56,50
12791,"montez de vingt-sept , puis allez de quarante-cinq à gauche",-45,27
12792,"montez de quarante-cinq , puis allez de trente à gauche",-30,45
12793,"montez de deux , puis allez de quatre-vingt-trois à gauche",-83,2
12794,"montez de trente-trois , puis allez de soixante-seize à gauche",-76,33
12795,"montez de quarante-cinq , puis allez de soixante-quinze à gauche",-75,45
12796,"montez de soixante-dix , puis allez de trente-sept à gauche",-37,70
12797,"montez de quarante , puis allez de cinquante-sept à gauche",-57,40
12798,"montez de soixante-quatre , puis allez de vingt-trois à gauche",-23,64
12799,"montez de trente , puis allez de quatre-vingt-sept à gauche",-87,30
12800,"montez de trente-cinq , puis allez de quatre-vingt-seize à gauche",-96,35
12801,"montez de soixante-quinze , puis allez de cent à gauche",-100,75
12802,"montez de trente-neuf , puis allez de quatre-vingts à gauche",-80,39
12803,"montez de cinquante-six , puis allez de quatorze à gauche",-14,56
12804,"montez de quarante et un , puis allez de quarante-deux à gauche",-42,41
12805,"montez de soixante-douze , puis allez de quatre-vingt-dix-sept à gauche",-97,72
12806,"montez de trente-huit , puis allez de quatre-vingt-huit à gauche",-88,38
12807,"montez de trente-sept , puis allez de soixante et onze à gauche",-71,37
12808,"montez de quarante , puis allez de cinquante-deux à gauche",-52,40
12809,"montez de seize , puis allez de quatre-vingt-huit à gauche",-88,16
12810,"montez de quarante-deux , puis allez de soixante-seize à gauche",-76,42
12811,"montez de quarante-deux , puis allez de cinquante-neuf à gauche",-59,42
12812,"montez de cinquante-neuf , puis allez de soixante à gauche",-60,59
12813,"montez de soixante-quinze , puis allez de quarante-trois à gauche",-43,75
12814,"montez de trente-sept , puis allez de vingt-sept à gauche",-27,37
12815,"montez de vingt-cinq , puis allez de vingt-sept à gauche",-27,25
12816,"montez de soixante , puis allez de cinquante-deux à gauche",-52,60
12817,"montez de soixante-dix-huit , puis allez de quatre-vingts à gauche",-80,78
12818,"montez de neuf , puis allez de quatre-vingt-six à gauche",-86,9
12819,"montez de quatre-vingt-deux , puis allez de soixante-deux à gauche",-62,82
12820,"montez de quatre-vingt-douze , puis allez de soixante-douze à gauche",-72,92
12821,"montez de quatre-vingts , puis allez de cinq à gauche",-5,80
12822,"montez de soixante-cinq , puis allez de sept à gauche",-7,65
12823,"montez de quatre-vingt-dix-huit , puis allez de soixante-deux à gauche",-62,98
12824,"montez de quarante et un , puis allez de soixante-huit à gauche",-68,41
12825,"montez de huit , puis allez de vingt-six à gauche",-26,8
12826,"montez de seize , puis allez de soixante-dix-neuf à gauche",-79,16
12827,"montez de neuf , puis allez de quatre-vingt-huit à gauche",-88,9
12828,"montez de cinquante-six , puis allez de cinquante-neuf à gauche",-59,56
12829,"montez de trente-quatre , puis allez de vingt et un à gauche",-21,34
12830,"montez de quatre , puis allez de quatre-vingt-sept à gauche",-87,4
12831,"montez de soixante et un , puis allez de vingt-sept à gauche",-27,61
12832,"montez de quatre-vingt-dix-neuf , puis allez de soixante et onze à gauche",-71,99
12833,"montez de quatre-vingt-dix-neuf , puis allez de quatre-vingt-dix à gauche",-90,99
12834,"montez de quatre-vingts , puis allez de trente-trois à gauche",-33,80
12835,"montez de trente , puis allez de cinquante-sept à gauche",-57,30
12836,"montez de quatre-vingt-treize , puis allez de dix-neuf à gauche",-19,93
12837,"montez de soixante-deux , puis allez de dix à gauche",-10,62
12838,"montez de sept , puis allez de quatre à gauche",-4,7
12839,"montez de trente-sept , puis allez de trente-sept à gauche",-37,37
12840,"montez de soixante-sept , puis allez de vingt-neuf à gauche",-29,67
12841,"montez de douze , puis allez de quatre-vingt-seize à gauche",-96,12
12842,"montez de trente et un , puis allez de trente-six à gauche",-36,31
12843,"montez de cent , puis allez de quatre-vingt-six à gauche",-86,100
12844,"montez de trente-trois , puis allez de douze à gauche",-12,33
12845,"montez de quatre-vingt-huit , puis allez de soixante et onze à gauche",-71,88
12846,"montez de soixante-huit , puis allez de vingt à gauche",-20,68
12847,"montez de trente et un , puis allez de soixante et un à gauche",-61,31
12848,"montez de trente-sept , puis allez de quatorze à gauche",-14,37
12849,"montez de deux , puis allez de deux à gauche",-2,2
12850,"montez de quarante et un , puis allez de quarante-quatre à gauche",-44,41
12851,"montez de vingt-cinq , puis allez de soixante-cinq à gauche",-65,25
12852,"montez de quatre-vingt-sept , puis allez de soixante-dix-neuf à gauche",-79,87
12853,"montez de soixante-treize , puis allez de quatre-vingt-seize à gauche",-96,73
12854,"montez de trente-deux , puis allez de quatre-vingt-quinze à gauche",-95,32
12855,"montez de vingt-trois , puis allez de trente-quatre à gauche",-34,23
12856,"montez de quatre-vingt-treize , puis allez de quatre-vingt-deux à gauche",-82,93
12857,"montez de quatre-vingt-dix , puis allez de trente-six à gauche",-36,90
12858,"montez de quatre-vingt-douze , puis allez de trente-neuf à gauche",-39,92
12859,"montez de un , puis allez de huit à gauche",-8,1
12860,"montez de quarante-sept , puis allez de vingt à gauche",-20,47
12861,"montez de vingt-six , puis allez de vingt-neuf à gauche",-29,26
12862,"montez de quatre-vingt-sept , puis allez de vingt-quatre à gauche",-24,87
12863,"montez de quarante-neuf , puis allez de quatre-vingt-dix-sept à gauche",-97,49
12864,"montez de dix-huit , puis allez de quatre-vingt-treize à gauche",-93,18
12865,"montez de quatre-vingt-dix-neuf , puis allez de quarante-six à gauche",-46,99
12866,"montez de soixante-seize , puis allez de quarante à gauche",-40,76
12867,"montez de quatre-vingt-dix-huit , puis allez de vingt-huit à gauche",-28,98
12868,"montez de cinquante-six , puis allez de quatre-vingts à gauche",-80,56
12869,"montez de trente-huit , puis allez de soixante-quatorze à gauche",-74,38
12870,"montez de cinquante-cinq , puis allez de quarante-deux à gauche",-42,55
12871,"montez de douze , puis allez de quarante-sept à gauche",-47,12
12872,"montez de trente-huit , puis allez de quatre-vingt-dix à gauche",-90,38
12873,"montez de soixante-douze , puis allez de trente-neuf à gauche",-39,72
12874,"montez de vingt-huit , puis allez de quatre-vingts à gauche",-80,28
12875,"montez de vingt-huit , puis allez de six à gauche",-6,28
12876,"montez de quatre-vingt-cinq , puis allez de quatorze à gauche",-14,85
12877,"montez de quatre-vingt-dix-huit , puis allez de six à gauche",-6,98
12878,"montez de quarante , puis allez de soixante-trois à gauche",-63,40
12879,"montez de soixante-deux , puis allez de cinquante-deux à gauche",-52,62
12880,"montez de six , puis allez de neuf à gauche",-9,6
12881,"montez de quatre-vingt-sept , puis allez de douze à gauche",-12,87
12882,"montez de trente-cinq , puis allez de quatre-vingt-quatre à gauche",-84,35
12883,"montez de quatre-vingt-onze , puis allez de soixante-quatorze à gauche",-74,91
12884,"montez de six , puis allez de onze à gauche",-11,6
12885,"montez de quatre-vingt-quatorze , puis allez de quatre-vingt-onze à gauche",-91,94
12886,"montez de trente-neuf , puis allez de quatre-vingts à gauche",-80,39
12887,"montez de dix-neuf , puis allez de quatre-vingt-treize à gauche",-93,19
12888,"montez de quarante-deux , puis allez de quatre-vingt-dix à gauche",-90,42
12889,"montez de trente-sept , puis allez de quatre-vingts à gauche",-80,37
12890,"montez de soixante-quatre , puis allez de quatre-vingt-onze à gauche",-91,64
12891,"montez de vingt-sept , puis allez de quatre-vingt-dix-neuf à gauche",-99,27
12892,"montez de cinquante-deux , puis allez de quarante-quatre à gauche",-44,52
12893,"montez de trois , puis allez de trente-trois à gauche",-33,3
12894,"montez de soixante-douze , puis allez de un à gauche",-1,72
12895,"montez de quarante-quatre , puis allez de trente à gauche",-30,44
12896,"montez de quatre-vingt-dix-sept , puis allez de cinquante-quatre à gauche",-54,97
12897,"montez de quatre-vingt-douze , puis allez de trente-trois à gauche",-33,92
12898,"montez de onze , puis allez de quarante-trois à gauche",-43,11
12899,"montez de dix , puis allez de quarante-six à gauche",-46,10
12900,"montez de quatre-vingt-dix , puis allez de soixante-seize à gauche",-76,90
12901,"montez de seize , puis allez de quatre à gauche",-4,16
12902,"montez de soixante-douze , puis allez de quatre-vingt-dix-sept à gauche",-97,72
12903,"montez de soixante-seize , puis allez de seize à gauche",-16,76
12904,"montez de soixante-douze , puis allez de trente-quatre à gauche",-34,72
12905,"montez de vingt-cinq , puis allez de soixante-trois à gauche",-63,25
12906,"montez de quatre-vingt-huit , puis allez de trente-six à gauche",-36,88
12907,"montez de soixante-quinze , puis allez de cinquante-six à gauche",-56,75
12908,"montez de treize , puis allez de dix-huit à gauche",-18,13
12909,"montez de trente-trois , puis allez de trois à gauche",-3,33
12910,"montez de quatre-vingt-dix-huit , puis allez de quarante-sept à gauche",-47,98
12911,"montez de soixante-dix-sept , puis allez de seize à gauche",-16,77
12912,"montez de onze , puis allez de dix-sept à gauche",-17,11
12913,"montez de six , puis allez de vingt-six à gauche",-26,6
12914,"montez de un , puis allez de cinquante à gauche",-50,1
12915,"montez de soixante-douze , puis allez de quatre-vingt-six à gauche",-86,72
12916,"montez de douze , puis allez de soixante-dix-neuf à gauche",-79,12
12917,"montez de cinquante et un , puis allez de soixante-dix à gauche",-70,51
12918,"montez de soixante-douze , puis allez de six à gauche",-6,72
12919,"montez de soixante-trois , puis allez de quatre-vingt-quinze à gauche",-95,63
12920,"montez de six , puis allez de vingt-deux à gauche",-22,6
12921,"montez de quarante-quatre , puis allez de huit à gauche",-8,44
12922,"montez de quarante-deux , puis allez de quatre-vingt-trois à gauche",-83,42
12923,"montez de dix-huit , puis allez de soixante-deux à gauche",-62,18
12924,"montez de quarante-quatre , puis allez de quatre-vingt-douze à gauche",-92,44
12925,"montez de cinq , puis allez de vingt-quatre à gauche",-24,5
12926,"montez de quatre-vingt-trois , puis allez de soixante-quinze à gauche",-75,83
12927,"montez de trente et un , puis allez de soixante-quatre à gauche",-64,31
12928,"montez de soixante-quinze , puis allez de cinquante-deux à gauche",-52,75
12929,"montez de quarante-sept , puis allez de soixante à gauche",-60,47
12930,"montez de dix-huit , puis allez de quatre-vingts à gauche",-80,18
12931,"montez de quatre , puis allez de quatre-vingt-un à gauche",-81,4
12932,"montez de quatre-vingt-dix-sept , puis allez de soixante-dix-sept à gauche",-77,97
12933,"montez de trente-cinq , puis allez de cinquante-cinq à gauche",-55,35
12934,"montez de soixante-six , puis allez de quarante-trois à gauche",-43,66
12935,"montez de soixante-seize , puis allez de deux à gauche",-2,76
12936,"montez de quarante-cinq , puis allez de quatre-vingt-huit à gauche",-88,45
12937,"montez de vingt-quatre , puis allez de quarante-huit à gauche",-48,24
12938,"montez de soixante-treize , puis allez de quatre-vingt-huit à gauche",-88,73
12939,"montez de quinze , puis allez de trente-quatre à gauche",-34,15
12940,"montez de trente-trois , puis allez de quatre-vingt-deux à gauche",-82,33
12941,"montez de trente , puis allez de quarante-deux à gauche",-42,30
12942,"montez de dix-huit , puis allez de trente-neuf à gauche",-39,18
12943,"montez de quinze , puis allez de un à gauche",-1,15
12944,"montez de douze , puis allez de quatre à gauche",-4,12
12945,"montez de cinquante-deux , puis allez de soixante-seize à gauche",-76,52
12946,"montez de quatorze , puis allez de quatre-vingts à gauche",-80,14
12947,"montez de trente-six , puis allez de quarante et un à gauche",-41,36
12948,"montez de onze , puis allez de quatre-vingt-trois à gauche",-83,11
12949,"montez de trente-huit , puis allez de quatre-vingts à gauche",-80,38
12950,"montez de soixante , puis allez de cent à gauche",-100,60
12951,"montez de quinze , puis allez de quatre-vingt-dix à gauche",-90,15
12952,"montez de soixante-quatorze , puis allez de cinquante et un à gauche",-51,74
12953,"montez de trente-six , puis allez de quatre-vingt-un à gauche",-81,36
12954,"montez de six , puis allez de quatre-vingt-quatre à gauche",-84,6
12955,"montez de quatre-vingts , puis allez de quatre-vingt-quatorze à gauche",-94,80
12956,"montez de treize , puis allez de vingt-cinq à gauche",-25,13
12957,"montez de cinquante-sept , puis allez de trente-quatre à gauche",-34,57
12958,"montez de quarante-cinq , puis allez de soixante-quatorze à gauche",-74,45
12959,"montez de soixante , puis allez de soixante-quatorze à gauche",-74,60
12960,"montez de quatre-vingt-sept , puis allez de vingt et un à gauche",-21,87
12961,"montez de trente-cinq , puis allez de soixante et un à gauche",-61,35
12962,"montez de douze , puis allez de vingt à gauche",-20,12
12963,"montez de cinquante-six , puis allez de trente-cinq à gauche",-35,56
12964,"montez de trente-huit , puis allez de huit à gauche",-8,38
12965,"montez de quatre-vingt-quatorze , puis allez de soixante-cinq à gauche",-65,94
12966,"montez de quatre-vingt-un , puis allez de soixante-treize à gauche",-73,81
12967,"montez de soixante-dix-sept , puis allez de soixante-neuf à gauche",-69,77
12968,"montez de soixante-neuf , puis allez de quatre-vingt-sept à gauche",-87,69
12969,"montez de vingt , puis allez de dix-neuf à gauche",-19,20
12970,"montez de cinquante-deux , puis allez de quarante et un à gauche",-41,52
12971,"montez de quarante-cinq , puis allez de cinquante et un à gauche",-51,45
12972,"montez de vingt , puis allez de douze à gauche",-12,20
12973,"montez de soixante-treize , puis allez de trente-trois à gauche",-33,73
12974,"montez de soixante-dix-neuf , puis allez de quatre-vingt-dix-huit à gauche",-98,79
12975,"montez de vingt-six , puis allez de vingt-neuf à gauche",-29,26
12976,"montez de trente-trois , puis allez de soixante à gauche",-60,33
12977,"montez de trente et un , puis allez de quatre-vingt-quinze à gauche",-95,31
12978,"montez de soixante-dix-sept , puis allez de trente-six à gauche",-36,77
12979,"montez de quatre-vingt-sept , puis allez de soixante-dix-huit à gauche",-78,87
12980,"montez de soixante et un , puis allez de soixante-dix-huit à gauche",-78,61
12981,"montez de trente-huit , puis allez de quarante-sept à gauche",-47,38
12982,"montez de quatre-vingt-deux , puis allez de quatre-vingt-dix-neuf à gauche",-99,82
12983,"montez de vingt-neuf , puis allez de quatre-vingt-neuf à gauche",-89,29
12984,"montez de trente-sept , puis allez de soixante-sept à gauche",-67,37
12985,"montez de soixante-treize , puis allez de dix-huit à gauche",-18,73
12986,"montez de quarante , puis allez de vingt-huit à gauche",-28,40
12987,"montez de quarante et un , puis allez de quatre à gauche",-4,41
12988,"montez de vingt-neuf , puis allez de quarante-cinq à gauche",-45,29
12989,"montez de quatorze , puis allez de soixante-six à gauche",-66,14
12990,"montez de trente-cinq , puis allez de un à gauche",-1,35
12991,"montez de quatre-vingt-dix-huit , puis allez de quarante à gauche",-40,98
12992,"montez de trente et un , puis allez de cinquante-six à gauche",-56,31
12993,"montez de vingt , puis allez de quatre-vingt-dix-huit à gauche",-98,20
12994,"montez de soixante-sept , puis allez de quatre-vingt-un à gauche",-81,67
12995,"montez de quarante-sept , puis allez de soixante-deux à gauche",-62,47
12996,"montez de trente-trois , puis allez de un à gauche",-1,33
12997,"montez de vingt-neuf , puis allez de quatre-vingt-dix-sept à gauche",-97,29
12998,"montez de soixante-treize , puis allez de soixante-seize à gauche",-76,73
12999,"montez de soixante-douze , puis allez de vingt-sept à gauche",-27,72
13000,"montez de trente-neuf , puis allez de soixante-deux à droite",62,39
13001,"montez de quatre-vingt-dix-sept , puis allez de soixante-cinq à droite",65,97
13002,"montez de soixante et onze , puis allez de quarante-sept à droite",47,71
13003,"montez de quarante-neuf , puis allez de soixante-quinze à droite",75,49
13004,"montez de soixante-cinq , puis allez de quinze à droite",15,65
13005,"montez de cinquante-quatre , puis allez de soixante-dix-neuf à droite",79,54
13006,"montez de trente-huit , puis allez de six à droite",6,38
13007,"montez de soixante-six , puis allez de quatre-vingt-trois à droite",83,66
13008,"montez de cinquante-deux , puis allez de cinquante-sept à droite",57,52
13009,"montez de quatre-vingt-onze , puis allez de trois à droite",3,91
13010,"montez de trente-trois , puis allez de quatre à droite",4,33
13011,"montez de quatre-vingt-un , puis allez de treize à droite",13,81
13012,"montez de quatre-vingt-dix , puis allez de quatre-vingt-quatorze à droite",94,90
13013,"montez de quatre-vingt-sept , puis allez de vingt-six à droite",26,87
13014,"montez de soixante-dix-sept , puis allez de quarante-six à droite",46,77
13015,"montez de soixante-quatre , puis allez de cinquante et un à droite",51,64
13016,"montez de cinquante et un , puis allez de neuf à droite",9,51
13017,"montez de soixante-cinq , puis allez de quatre-vingt-onze à droite",91,65
13018,"montez de trente-neuf , puis allez de trente et un à droite",31,39
13019,"montez de vingt-huit , puis allez de soixante-trois à droite",63,28
13020,"montez de quatre-vingt-neuf , puis allez de soixante-seize à droite",76,89
13021,"montez de soixante-seize , puis allez de deux à droite",2,76
13022,"montez de trente , puis allez de vingt-quatre à droite",24,30
13023,"montez de dix-neuf , puis allez de soixante-huit à droite",68,19
13024,"montez de quatre , puis allez de seize à droite",16,4
13025,"montez de quatre , puis allez de cinquante-sept à droite",57,4
13026,"montez de quarante-neuf , puis allez de quatre-vingts à droite",80,49
13027,"montez de quatre-vingt-deux , puis allez de treize à droite",13,82
13028,"montez de vingt-trois , puis allez de trois à droite",3,23
13029,"montez de cinquante-neuf , puis allez de quarante-sept à droite",47,59
13030,"montez de cinquante-six , puis allez de soixante-dix-huit à droite",78,56
13031,"montez de quarante , puis allez de soixante-treize à droite",73,40
13032,"montez de douze , puis allez de huit à droite",8,12
13033,"montez de trente-quatre , puis allez de cinquante-quatre à droite",54,34
13034,"montez de cinquante-cinq , puis allez de soixante-dix-sept à droite",77,55
13035,"montez de quarante-neuf , puis allez de soixante-dix-sept à droite",77,49
13036,"montez de quatre-vingt-trois , puis allez de vingt-cinq à droite",25,83
13037,"montez de soixante-treize , puis allez de quatre-vingts à droite",80,73
13038,"montez de quatre-vingt-sept , puis allez de vingt-cinq à droite",25,87
13039,"montez de douze , puis allez de quatre-vingt-treize à droite",93,12
13040,"montez de quarante-cinq , puis allez de quatre-vingt-huit à droite",88,45
13041,"montez de quatre-vingt-un , puis allez de quatre-vingt-quatre à droite",84,81
13042,"montez de neuf , puis allez de quatre-vingt-huit à droite",88,9
13043,"montez de trente-deux , puis allez de cinquante à droite",50,32
13044,"montez de sept , puis allez de quatre-vingt-dix à droite",90,7
13045,"montez de vingt-six , puis allez de soixante-dix-sept à droite",77,26
13046,"montez de quatre-vingt-sept , puis allez de soixante-quatorze à droite",74,87
13047,"montez de vingt-neuf , puis allez de quatre-vingt-un à droite",81,29
13048,"montez de trente-six , puis allez de quatre à droite",4,36
13049,"montez de quatre-vingt-treize , puis allez de huit à droite",8,93
13050,"montez de quatre-vingt-cinq , puis allez de trente-huit à droite",38,85
13051,"montez de quatre-vingt-quatre , puis allez de quatre-vingt-cinq à droite",85,84
13052,"montez de quatre-vingt-dix-sept , puis allez de trente à droite",30,97
13053,"montez de quatre-vingt-cinq , puis allez de soixante-deux à droite",62,85
13054,"montez de deux , puis allez de soixante-dix-huit à droite",78,2
13055,"montez de quatre-vingts , puis allez de dix-huit à droite",18,80
13056,"montez de soixante-six , puis allez de cent à droite",100,66
13057,"montez de huit , puis allez de quarante-neuf à droite",49,8
13058,"montez de sept , puis allez de quatre à droite",4,7
13059,"montez de neuf , puis allez de treize à droite",13,9
13060,"montez de quatre-vingt-un , puis allez de quatre-vingt-treize à droite",93,81
13061,"montez de quarante et un , puis allez de cinq à droite",5,41
13062,"montez de cinquante-huit , puis allez de quarante-trois à droite",43,58
13063,"montez de cinquante , puis allez de soixante-quinze à droite",75,50
13064,"montez de quatre-vingt-douze , puis allez de quatre-vingt-sept à droite",87,92
13065,"montez de quatre-vingt-sept , puis allez de seize à droite",16,87
13066,"montez de cinquante-six , puis allez de dix à droite",10,56
13067,"montez de dix-huit , puis allez de treize à droite",13,18
13068,"montez de vingt-trois , puis allez de cinquante-huit à droite",58,23
13069,"montez de huit , puis allez de soixante-six à droite",66,8
13070,"montez de quatre-vingt-quatre , puis allez de trente-neuf à droite",39,84
13071,"montez de trente-quatre , puis allez de soixante-huit à droite",68,34
13072,"montez de cinquante-trois , puis allez de quatre-vingt-neuf à droite",89,53
13073,"montez de cinquante-neuf , puis allez de seize à droite",16,59
13074,"montez de soixante-deux , puis allez de soixante-dix-huit à droite",78,62
13075,"montez de soixante , puis allez de quatre-vingts à droite",80,60
13076,"montez de seize , puis allez de soixante-six à droite",66,16
13077,"montez de soixante-quatorze , puis allez de trente à droite",30,74
13078,"montez de treize , puis allez de quinze à droite",15,13
13079,"montez de treize , puis allez de sept à droite",7,13
13080,"montez de treize , puis allez de soixante-douze à droite",72,13
13081,"montez de dix-sept , puis allez de quatre-vingt-trois à droite",83,17
13082,"montez de cinquante-deux , puis allez de quatre-vingt-huit à droite",88,52
13083,"montez de quatre-vingt-dix-sept , puis allez de cinquante-six à droite",56,97
13084,"montez de soixante et un , puis allez de cinquante-cinq à droite",55,61
13085,"montez de soixante-quatre , puis allez de vingt-huit à droite",28,64
13086,"montez de quatre-vingt-cinq , puis allez de quatre-vingt-neuf à droite",89,85
13087,"montez de soixante-douze , puis allez de soixante-deux à droite",62,72
13088,"montez de soixante-dix , puis allez de vingt-cinq à droite",25,70
13089,"montez de soixante-treize , puis allez de quatre-vingt-onze à droite",91,73
13090,"montez de huit , puis allez de cinquante-neuf à droite",59,8
13091,"montez de quatre , puis allez de vingt-cinq à droite",25,4
13092,"montez de quatre-vingts , puis allez de un à droite",1,80
13093,"montez de vingt et un , puis allez de soixante-douze à droite",72,21
13094,"montez de soixante-douze , puis allez de quatre-vingt-deux à droite",82,72
13095,"montez de soixante-huit , puis allez de dix-huit à droite",18,68
13096,"montez de quatre-vingt-six , puis allez de cent à droite",100,86
13097,"montez de quarante-quatre , puis allez de vingt-trois à droite",23,44
13098,"montez de soixante-dix-sept , puis allez de trois à droite",3,77
13099,"montez de quatre-vingt-cinq , puis allez de quatre-vingt-neuf à droite",89,85
13100,"montez de quatre-vingt-un , puis allez de cinquante et un à droite",51,81
13101,"montez de quatre-vingt-quatre , puis allez de vingt-trois à droite",23,84
13102,"montez de quatre-vingt-dix-neuf , puis allez de deux à droite",2,99
13103,"montez de trente-sept , puis allez de quatre-vingt-treize à droite",93,37
13104,"montez de quarante-huit , puis allez de cinquante-six à droite",56,48
13105,"montez de seize , puis allez de soixante à droite",60,16
13106,"montez de soixante-dix-sept , puis allez de quatre-vingt-sept à droite",87,77
13107,"montez de soixante-trois , puis allez de quatorze à droite",14,63
13108,"montez de quatre-vingt-dix , puis allez de quarante-neuf à droite",49,90
13109,"montez de cinquante-huit , puis allez de trente-cinq à droite",35,58
13110,"montez de vingt-trois , puis allez de trente et un à droite",31,23
13111,"montez de quatre-vingt-quatorze , puis allez de treize à droite",13,94
13112,"montez de soixante-quatre , puis allez de vingt-cinq à droite",25,64
13113,"montez de quatre-vingt-douze , puis allez de douze à droite",12,92
13114,"montez de vingt-huit , puis allez de quatre-vingt-douze à droite",92,28
13115,"montez de trente-six , puis allez de soixante-dix-neuf à droite",79,36
13116,"montez de vingt-trois , puis allez de quatorze à droite",14,23
13117,"montez de vingt-sept , puis allez de dix-neuf à droite",19,27
13118,"montez de quatre-vingt-sept , puis allez de quarante-sept à droite",47,87
13119,"montez de quatre-vingt-onze , puis allez de vingt-trois à droite",23,91
13120,"montez de quarante-sept , puis allez de vingt-neuf à droite",29,47
13121,"montez de quatre-vingt-sept , puis allez de quatre-vingt-trois à droite",83,87
13122,"montez de soixante-six , puis allez de quatre-vingt-seize à droite",96,66
13123,"montez de quatre-vingts , puis allez de quatre-vingt-sept à droite",87,80
13124,"montez de soixante-dix , puis allez de soixante-dix-neuf à droite",79,70
13125,"montez de un , puis allez de six à droite",6,1
13126,"montez de trente-quatre , puis allez de quarante-trois à droite",43,34
13127,"montez de sept , puis allez de soixante-quatre à droite",64,7
13128,"montez de trente-sept , puis allez de quarante à droite",40,37
13129,"montez de soixante-dix-neuf , puis allez de soixante-dix-huit à droite",78,79
13130,"montez de quarante-cinq , puis allez de soixante et onze à droite",71,45
13131,"montez de quatorze , puis allez de quinze à droite",15,14
13132,"montez de dix-neuf , puis allez de deux à droite",2,19
13133,"montez de soixante-quatre , puis allez de quarante-six à droite",46,64
13134,"montez de soixante-neuf , puis allez de trente-quatre à droite",34,69
13135,"montez de cinquante et un , puis allez de quatre-vingt-seize à droite",96,51
13136,"montez de soixante-quinze , puis allez de soixante-douze à droite",72,75
13137,"montez de soixante et onze , puis allez de trente à droite",30,71
13138,"montez de quatre , puis allez de soixante-deux à droite",62,4
13139,"montez de vingt-neuf , puis allez de quarante à droite",40,29
13140,"montez de quarante-sept , puis allez de trente-trois à droite",33,47
13141,"montez de un , puis allez de quatre-vingt-huit à droite",88,1
13142,"montez de trente-huit , puis allez de cinquante-quatre à droite",54,38
13143,"montez de vingt , puis allez de quatre-vingt-deux à droite",82,20
13144,"montez de quatre-vingt-un , puis allez de quarante-neuf à droite",49,81
13145,"montez de trente-quatre , puis allez de quarante-trois à droite",43,34
13146,"montez de quarante , puis allez de cinquante-huit à droite",58,40
13147,"montez de quatre-vingt-quatre , puis allez de quatre-vingts à droite",80,84
13148,"montez de vingt-sept , puis allez de soixante-neuf à droite",69,27
13149,"montez de quatre-vingt-dix , puis allez de cinquante-cinq à droite",55,90
13150,"montez de soixante-quatorze , puis allez de quatre-vingt-un à droite",81,74
13151,"montez de quatre-vingt-neuf , puis allez de soixante-quatre à droite",64,89
13152,"montez de soixante et un , puis allez de quatre-vingt-huit à droite",88,61
13153,"montez de cent , puis allez de trente-sept à droite",37,100
13154,"montez de quarante-trois , puis allez de quatre-vingt-quatre à droite",84,43
13155,"montez de quatre-vingt-treize , puis allez de quatre-vingt-quinze à droite",95,93
13156,"montez de sept , puis allez de cinquante-trois à droite",53,7
13157,"montez de quarante-deux , puis allez de quarante-huit à droite",48,42
13158,"montez de vingt-trois , puis allez de trente-neuf à droite",39,23
13159,"montez de quatre-vingt-cinq , puis allez de quatre-vingt-dix à droite",90,85
13160,"montez de quarante-six , puis allez de quatre-vingt-seize à droite",96,46
13161,"montez de quatorze , puis allez de quatre-vingt-quinze à droite",95,14
13162,"montez de quatre-vingt-onze , puis allez de quatre-vingt-quinze à droite",95,91
13163,"montez de cent , puis allez de quatre-vingt-treize à droite",93,100
13164,"montez de trente-huit , puis allez de treize à droite",13,38
13165,"montez de cinquante-deux , puis allez de quarante et un à droite",41,52
13166,"montez de sept , puis allez de quarante-sept à droite",47,7
13167,"montez de quatre-vingt-onze , puis allez de soixante-quatre à droite",64,91
13168,"montez de vingt-sept , puis allez de trente à droite",30,27
13169,"montez de vingt-sept , puis allez de quatre-vingt-sept à droite",87,27
13170,"montez de douze , puis allez de quatre-vingt-dix-neuf à droite",99,12
13171,"montez de soixante et onze , puis allez de trente-deux à droite",32,71
13172,"montez de soixante-trois , puis allez de cinq à droite",5,63
13173,"montez de cinquante-sept , puis allez de quatre-vingt-douze à droite",92,57
13174,"montez de quatre-vingt-cinq , puis allez de quatre-vingt-huit à droite",88,85
13175,"montez de quarante et un , puis allez de vingt-deux à droite",22,41
13176,"montez de cinquante-trois , puis allez de vingt-cinq à droite",25,53
13177,"montez de quatre-vingt-quatorze , puis allez de quatre-vingt-treize à droite",93,94
13178,"montez de vingt-sept , puis allez de vingt-huit à droite",28,27
13179,"montez de neuf , puis allez de soixante à droite",60,9
13180,"montez de soixante-dix-sept , puis allez de treize à droite",13,77
13181,"montez de vingt-sept , puis allez de quatre-vingt-cinq à droite",85,27
13182,"montez de quatre-vingt-dix-sept , puis allez de soixante-quatorze à droite",74,97
13183,"montez de vingt-cinq , puis allez de cinq à droite",5,25
13184,"montez de vingt , puis allez de vingt à droite",20,20
13185,"montez de soixante et onze , puis allez de cinq à droite",5,71
13186,"montez de cent , puis allez de trente-cinq à droite",35,100
13187,"montez de quarante-six , puis allez de deux à droite",2,46
13188,"montez de soixante-quinze , puis allez de trente-trois à droite",33,75
13189,"montez de cinquante-huit , puis allez de dix-huit à droite",18,58
13190,"montez de vingt-trois , puis allez de quatre-vingt-dix-sept à droite",97,23
13191,"montez de soixante-dix-sept , puis allez de quarante-trois à droite",43,77
13192,"montez de quatre-vingt-treize , puis allez de soixante-cinq à droite",65,93
13193,"montez de quarante , puis allez de seize à droite",16,40
13194,"montez de vingt-trois , puis allez de quatre-vingt-huit à droite",88,23
13195,"montez de cinquante-huit , puis allez de douze à droite",12,58
13196,"montez de trente-cinq , puis allez de vingt-deux à droite",22,35
13197,"montez de quatre-vingt-treize , puis allez de douze à droite",12,93
13198,"montez de quatre-vingt-quatre , puis allez de cinquante-sept à droite",57,84
13199,"montez de soixante , puis allez de soixante-douze à droite",72,60
13200,"montez de soixante-neuf , puis allez de trente à droite",30,69
13201,"montez de vingt-six , puis allez de cinquante-huit à droite",58,26
13202,"montez de vingt-quatre , puis allez de quarante-sept à droite",47,24
13203,"montez de quatre-vingt-six , puis allez de quatre-vingt-trois à droite",83,86
13204,"montez de quarante-deux , puis allez de sept à droite",7,42
13205,"montez de soixante-quatorze , puis allez de soixante-sept à droite",67,74
13206,"montez de cinquante-huit , puis allez de cinquante à droite",50,58
13207,"montez de cinquante-six , puis allez de neuf à droite",9,56
13208,"montez de soixante-douze , puis allez de quarante-quatre à droite",44,72
13209,"montez de quarante-cinq , puis allez de dix à droite",10,45
13210,"montez de quatre-vingt-trois , puis allez de quatre-vingt-douze à droite",92,83
13211,"montez de trente-deux , puis allez de cent à droite",100,32
13212,"montez de vingt et un , puis allez de quatre-vingts à droite",80,21
13213,"montez de quarante-trois , puis allez de six à droite",6,43
13214,"montez de neuf , puis allez de vingt et un à droite",21,9
13215,"montez de soixante-quinze , puis allez de soixante-dix-sept à droite",77,75
13216,"montez de cinquante-sept , puis allez de cinquante-cinq à droite",55,57
13217,"montez de soixante et un , puis allez de quatre-vingt-treize à droite",93,61
13218,"montez de quinze , puis allez de soixante-cinq à droite",65,15
13219,"montez de quatre-vingt-seize , puis allez de soixante-cinq à droite",65,96
13220,"montez de deux , puis allez de trente-trois à droite",33,2
13221,"montez de cinquante , puis allez de seize à droite",16,50
13222,"montez de cent , puis allez de quatre-vingt-dix-huit à droite",98,100
13223,"montez de soixante-sept , puis allez de soixante-dix-huit à droite",78,67
13224,"montez de cinquante-six , puis allez de soixante-quatorze à droite",74,56
13225,"montez de cinq , puis allez de neuf à droite",9,5
13226,"montez de quarante-neuf , puis allez de vingt à droite",20,49
13227,"montez de trente-six , puis allez de cinquante à droite",50,36
13228,"montez de quarante , puis allez de soixante-seize à droite",76,40
13229,"montez de huit , puis allez de soixante-sept à droite",67,8
13230,"montez de vingt et un , puis allez de soixante-trois à droite",63,21
13231,"montez de quatre-vingt-six , puis allez de dix-huit à droite",18,86
13232,"montez de soixante-trois , puis allez de quatre-vingt-dix à droite",90,63
13233,"montez de quatre-vingt-neuf , puis allez de six à droite",6,89
13234,"montez de quarante-sept , puis allez de treize à droite",13,47
13235,"montez de cinquante-six , puis allez de cinquante-quatre à droite",54,56
13236,"montez de cinquante-trois , puis allez de douze à droite",12,53
13237,"montez de cinquante , puis allez de vingt-huit à droite",28,50
13238,"montez de cinq , puis allez de cinq à droite",5,5
13239,"montez de quatre-vingt-trois , puis allez de cinquante-trois à droite",53,83
13240,"montez de quatre-vingt-huit , puis allez de quarante-neuf à droite",49,88
13241,"montez de quarante-trois , puis allez de soixante à droite",60,43
13242,"montez de soixante-neuf , puis allez de cinquante-trois à droite",53,69
13243,"montez de soixante-dix , puis allez de vingt-huit à droite",28,70
13244,"montez de dix-sept , puis allez de seize à droite",16,17
13245,"montez de vingt-neuf , puis allez de douze à droite",12,29
13246,"montez de trente-six , puis allez de vingt-cinq à droite",25,36
13247,"montez de un , puis allez de quatre-vingt-deux à droite",82,1
13248,"montez de vingt-huit , puis allez de trente-sept à droite",37,28
13249,"montez de soixante-seize , puis allez de dix-neuf à droite",19,76
13250,"montez de quatre-vingt-douze , puis allez de soixante-dix-sept à droite",77,92
13251,"montez de vingt-sept , puis allez de quarante-trois à droite",43,27
13252,"montez de onze , puis allez de trente et un à droite",31,11
13253,"montez de trois , puis allez de quarante-neuf à droite",49,3
13254,"montez de treize , puis allez de trente-six à droite",36,13
13255,"montez de quatre-vingt-un , puis allez de trente-quatre à droite",34,81
13256,"montez de trente-trois , puis allez de quatre-vingt-seize à droite",96,33
13257,"montez de cinq , puis allez de cinquante et un à droite",51,5
13258,"montez de dix-huit , puis allez de quarante-neuf à droite",49,18
13259,"montez de dix , puis allez de soixante-deux à droite",62,10
13260,"montez de quatre-vingts , puis allez de trente-huit à droite",38,80
13261,"montez de six , puis allez de quatorze à droite",14,6
13262,"montez de quatre-vingt-quatre , puis allez de quarante et un à droite",41,84
13263,"montez de soixante-huit , puis allez de quatre-vingt-quatre à droite",84,68
13264,"montez de soixante-dix , puis allez de quarante-trois à droite",43,70
13265,"montez de cinquante-quatre , puis allez de quatre-vingt-trois à droite",83,54
13266,"montez de quarante-cinq , puis allez de vingt à droite",20,45
13267,"montez de soixante et onze , puis allez de soixante-douze à droite",72,71
13268,"montez de quatre-vingt-seize , puis allez de cinquante-six à droite",56,96
13269,"montez de trente , puis allez de soixante et onze à droite",71,30
13270,"montez de trente-deux , puis allez de trente à droite",30,32
13271,"montez de quatre-vingt-quatre , puis allez de un à droite",1,84
13272,"montez de soixante-douze , puis allez de quarante-six à droite",46,72
13273,"montez de quatre-vingt-sept , puis allez de vingt-huit à droite",28,87
13274,"montez de vingt-huit , puis allez de cinquante-six à droite",56,28
13275,"montez de trente et un , puis allez de huit à droite",8,31
13276,"montez de quatre-vingt-huit , puis allez de quatre-vingt-dix à droite",90,88
13277,"montez de cinquante-trois , puis allez de quarante-trois à droite",43,53
13278,"montez de quarante , puis allez de vingt-sept à droite",27,40
13279,"montez de cinq , puis allez de dix-sept à droite",17,5
13280,"montez de trente-deux , puis allez de quatre-vingt-douze à droite",92,32
13281,"montez de cinquante-huit , puis allez de soixante-deux à droite",62,58
13282,"montez de soixante-dix-sept , puis allez de six à droite",6,77
13283,"montez de vingt-huit , puis allez de quatre-vingt-onze à droite",91,28
13284,"montez de trente-quatre , puis allez de soixante-douze à droite",72,34
13285,"montez de quarante-huit , puis allez de trente-six à droite",36,48
13286,"montez de trente-sept , puis allez de dix-neuf à droite",19,37
13287,"montez de trente-quatre , puis allez de trente-neuf à droite",39,34
13288,"montez de quinze , puis allez de quarante-six à droite",46,15
13289,"montez de vingt-deux , puis allez de quarante et un à droite",41,22
13290,"montez de vingt-deux , puis allez de sept à droite",7,22
13291,"montez de soixante-dix , puis allez de soixante-dix à droite",70,70
13292,"montez de sept , puis allez de trente-quatre à droite",34,7
13293,"montez de soixante-neuf , puis allez de treize à droite",13,69
13294,"montez de un , puis allez de neuf à droite",9,1
13295,"montez de quarante-quatre , puis allez de quarante-neuf à droite",49,44
13296,"montez de quatre-vingt-six , puis allez de cinquante-trois à droite",53,86
13297,"montez de quatre-vingt-deux , puis allez de soixante à droite",60,82
13298,"montez de cinquante et un , puis allez de quarante et un à droite",41,51
13299,"montez de dix , puis allez de vingt-cinq à droite",25,10
13300,"montez de soixante-deux , puis allez de cinquante-quatre à droite",54,62
13301,"montez de quarante et un , puis allez de quatre-vingt-dix à droite",90,41
13302,"montez de soixante-treize , puis allez de trente à droite",30,73
13303,"montez de dix-neuf , puis allez de trente-trois à droite",33,19
13304,"montez de dix-neuf , puis allez de soixante-dix à droite",70,19
13305,"montez de cinquante-trois , puis allez de vingt-sept à droite",27,53
13306,"montez de quatre-vingt-onze , puis allez de quarante-cinq à droite",45,91
13307,"montez de vingt et un , puis allez de soixante-trois à droite",63,21
13308,"montez de vingt , puis allez de trente-quatre à droite",34,20
13309,"montez de quatre-vingt-dix-neuf , puis allez de soixante-cinq à droite",65,99
13310,"montez de huit , puis allez de quarante-trois à droite",43,8
13311,"montez de quatre-vingt-un , puis allez de vingt-six à droite",26,81
13312,"montez de sept , puis allez de soixante à droite",60,7
13313,"montez de six , puis allez de quatre à droite",4,6
13314,"montez de quatre-vingt-quinze , puis allez de quarante-deux à droite",42,95
13315,"montez de quatre-vingt-six , puis allez de vingt-quatre à droite",24,86
13316,"montez de quarante et un , puis allez de cinquante-huit à droite",58,41
13317,"montez de soixante , puis allez de soixante-dix-neuf à droite",79,60
13318,"montez de quarante-quatre , puis allez de quarante à droite",40,44
13319,"montez de cent , puis allez de quatre-vingt-quinze à droite",95,100
13320,"montez de soixante-quatorze , puis allez de huit à droite",8,74
13321,"montez de vingt-cinq , puis allez de soixante-quinze à droite",75,25
13322,"montez de trois , puis allez de quatre-vingt-dix-neuf à droite",99,3
13323,"montez de soixante-deux , puis allez de dix à droite",10,62
13324,"montez de quarante et un , puis allez de soixante-neuf à droite",69,41
13325,"montez de quatre-vingt-huit , puis allez de soixante-six à droite",66,88
13326,"montez de deux , puis allez de un à droite",1,2
13327,"montez de cinquante-quatre , puis allez de quatre-vingt-douze à droite",92,54
13328,"montez de trente-trois , puis allez de dix à droite",10,33
13329,"montez de soixante-quatorze , puis allez de soixante-six à droite",66,74
13330,"montez de trente-quatre , puis allez de vingt-deux à droite",22,34
13331,"montez de quatre-vingt-treize , puis allez de soixante-dix-sept à droite",77,93
13332,"montez de trente , puis allez de quarante à droite",40,30
13333,"montez de vingt-neuf , puis allez de soixante et un à droite",61,29
13334,"montez de quarante-cinq , puis allez de soixante-dix à droite",70,45
13335,"montez de treize , puis allez de cinquante-quatre à droite",54,13
13336,"montez de trente-quatre , puis allez de soixante-cinq à droite",65,34
13337,"montez de neuf , puis allez de un à droite",1,9
13338,"montez de trente , puis allez de soixante et un à droite",61,30
13339,"montez de trois , puis allez de onze à droite",11,3
13340,"montez de cinquante-huit , puis allez de quatorze à droite",14,58
13341,"montez de quatre-vingt-seize , puis allez de quatre à droite",4,96
13342,"montez de quatre-vingt-quatre , puis allez de dix-sept à droite",17,84
13343,"montez de cinquante-quatre , puis allez de soixante-dix à droite",70,54
13344,"montez de cinquante-cinq , puis allez de six à droite",6,55
13345,"montez de quatre-vingt-quatre , puis allez de trente-huit à droite",38,84
13346,"montez de soixante , puis allez de quatre-vingt-dix-huit à droite",98,60
13347,"montez de quatorze , puis allez de cinquante à droite",50,14
13348,"montez de cinquante-cinq , puis allez de quatre à droite",4,55
13349,"montez de trente-quatre , puis allez de soixante-huit à droite",68,34
13350,"montez de soixante-cinq , puis allez de dix-neuf à droite",19,65
13351,"montez de quarante-neuf , puis allez de quatre-vingt-treize à droite",93,49
13352,"montez de trente et un , puis allez de soixante-huit à droite",68,31
13353,"montez de quarante et un , puis allez de trente-sept à droite",37,41
13354,"montez de dix , puis allez de cinquante-cinq à droite",55,10
13355,"montez de dix-huit , puis allez de quatre-vingt-neuf à droite",89,18
13356,"montez de cinquante et un , puis allez de soixante-six à droite",66,51
13357,"montez de quatre-vingt-onze , puis allez de dix-sept à droite",17,91
13358,"montez de quatre-vingt-seize , puis allez de trente-neuf à droite",39,96
13359,"montez de trente-quatre , puis allez de cinquante-cinq à droite",55,34
13360,"montez de dix , puis allez de douze à droite",12,10
13361,"montez de vingt-sept , puis allez de dix-huit à droite",18,27
13362,"montez de quarante-sept , puis allez de soixante-neuf à droite",69,47
13363,"montez de quatre , puis allez de soixante-dix-neuf à droite",79,4
13364,"montez de vingt-sept , puis allez de soixante-sept à droite",67,27
13365,"montez de trente-deux , puis allez de quarante-quatre à droite",44,32
13366,"montez de soixante-huit , puis allez de vingt-six à droite",26,68
13367,"montez de quarante-trois , puis allez de quatre-vingt-trois à droite",83,43
13368,"montez de soixante-quatre , puis allez de un à droite",1,64
13369,"montez de trente-sept , puis allez de soixante-huit à droite",68,37
13370,"montez de quatre-vingt-seize , puis allez de quatre-vingt-trois à droite",83,96
13371,"montez de trente-huit , puis allez de soixante-seize à droite",76,38
13372,"montez de soixante-dix-neuf , puis allez de quatre-vingt-cinq à droite",85,79
13373,"montez de cinquante et un , puis allez de vingt-deux à droite",22,51
13374,"montez de cinquante-cinq , puis allez de seize à droite",16,55
13375,"montez de quatre-vingt-deux , puis allez de dix à droite",10,82
13376,"montez de quatre-vingt-onze , puis allez de vingt à droite",20,91
13377,"montez de cinquante-sept , puis allez de neuf à droite",9,57
13378,"montez de cinquante-cinq , puis allez de cinquante-cinq à droite",55,55
13379,"montez de dix-neuf , puis allez de vingt-quatre à droite",24,19
13380,"montez de cinquante et un , puis allez de soixante-treize à droite",73,51
13381,"montez de soixante , puis allez de quatre-vingt-quinze à droite",95,60
13382,"montez de quatre-vingt-douze , puis allez de quarante-huit à droite",48,92
13383,"montez de quarante-huit , puis allez de soixante à droite",60,48
13384,"montez de trente et un , puis allez de quarante à droite",40,31
13385,"montez de soixante et un , puis allez de quarante-neuf à droite",49,61
13386,"montez de quarante-cinq , puis allez de soixante-douze à droite",72,45
13387,"montez de quatre-vingt-trois , puis allez de quatorze à droite",14,83
13388,"montez de quatre-vingt-dix-sept , puis allez de douze à droite",12,97
13389,"montez de vingt , puis allez de trente-six à droite",36,20
13390,"montez de soixante-seize , puis allez de sept à droite",7,76
13391,"montez de soixante-huit , puis allez de cinquante à droite",50,68
13392,"montez de soixante-deux , puis allez de quatre-vingt-quinze à droite",95,62
13393,"montez de soixante-six , puis allez de trente et un à droite",31,66
13394,"montez de quarante-quatre , puis allez de sept à droite",7,44
13395,"montez de seize , puis allez de quatre-vingt-quatorze à droite",94,16
13396,"montez de cinquante-quatre , puis allez de treize à droite",13,54
13397,"montez de quatre-vingt-huit , puis allez de quatre-vingt-neuf à droite",89,88
13398,"montez de onze , puis allez de vingt et un à droite",21,11
13399,"montez de trente-deux , puis allez de soixante-quatorze à droite",74,32
13400,"montez de quatre-vingt-quatorze , puis allez de quatre-vingt-deux à droite",82,94
13401,"montez de cinquante et un , puis allez de cinquante-huit à droite",58,51
13402,"montez de trente-huit , puis allez de quatre-vingt-quatre à droite",84,38
13403,"montez de cinquante-cinq , puis allez de dix-neuf à droite",19,55
13404,"montez de quatre-vingt-quatre , puis allez de dix-neuf à droite",19,84
13405,"montez de soixante-douze , puis allez de quatre-vingt-treize à droite",93,72
13406,"montez de soixante-deux , puis allez de trente à droite",30,62
13407,"montez de trente et un , puis allez de soixante-neuf à droite",69,31
13408,"montez de seize , puis allez de quinze à droite",15,16
13409,"montez de quarante-six , puis allez de dix à droite",10,46
13410,"montez de quatre-vingt-sept , puis allez de trente-deux à droite",32,87
13411,"montez de quarante-cinq , puis allez de soixante-neuf à droite",69,45
13412,"montez de huit , puis allez de soixante-cinq à droite",65,8
13413,"montez de cinquante-huit , puis allez de quatre-vingt-dix à droite",90,58
13414,"montez de soixante-cinq , puis allez de quatre-vingt-cinq à droite",85,65
13415,"montez de quatre-vingt-cinq , puis allez de soixante et onze à droite",71,85
13416,"montez de dix-huit , puis allez de quinze à droite",15,18
13417,"montez de soixante-sept , puis allez de soixante-quatorze à droite",74,67
13418,"montez de soixante-huit , puis allez de soixante et un à droite",61,68
13419,"montez de trois , puis allez de quatre-vingt-dix à droite",90,3
13420,"montez de cinquante-huit , puis allez de quatre-vingt-quatorze à droite",94,58
13421,"montez de cinquante-quatre , puis allez de cinquante à droite",50,54
13422,"montez de trente et un , puis allez de soixante-quatre à droite",64,31
13423,"montez de vingt-quatre , puis allez de un à droite",1,24
13424,"montez de trente-deux , puis allez de soixante-treize à droite",73,32
13425,"montez de quatre-vingt-huit , puis allez de quarante-six à droite",46,88
13426,"montez de soixante et un , puis allez de quatorze à droite",14,61
13427,"montez de quatre-vingt-dix-neuf , puis allez de soixante-huit à droite",68,99
13428,"montez de trente-deux , puis allez de trente-neuf à droite",39,32
13429,"montez de douze , puis allez de quatre-vingt-dix-huit à droite",98,12
13430,"montez de dix-sept , puis allez de vingt-quatre à droite",24,17
13431,"montez de cinquante-sept , puis allez de cinquante-quatre à droite",54,57
13432,"montez de six , puis allez de quatre-vingt-dix-huit à droite",98,6
13433,"montez de quarante-cinq , puis allez de dix-sept à droite",17,45
13434,"montez de vingt , puis allez de quatre-vingt-un à droite",81,20
13435,"montez de soixante-treize , puis allez de vingt-deux à droite",22,73
13436,"montez de vingt-trois , puis allez de deux à droite",2,23
13437,"montez de soixante et un , puis allez de cinquante-neuf à droite",59,61
13438,"montez de soixante-neuf , puis allez de trente-trois à droite",33,69
13439,"montez de trente-six , puis allez de vingt à droite",20,36
13440,"montez de trente et un , puis allez de soixante-neuf à droite",69,31
13441,"montez de soixante-douze , puis allez de cinquante-sept à droite",57,72
13442,"montez de dix-sept , puis allez de trente à droite",30,17
13443,"montez de soixante-quatre , puis allez de quinze à droite",15,64
13444,"montez de soixante-cinq , puis allez de cinquante-six à droite",56,65
13445,"montez de soixante-dix-neuf , puis allez de dix à droite",10,79
13446,"montez de trente-cinq , puis allez de cinquante-deux à droite",52,35
13447,"montez de quatre-vingt-dix-neuf , puis allez de quatre-vingt-six à droite",86,99
13448,"montez de cinquante-deux , puis allez de trente-sept à droite",37,52
13449,"montez de soixante-quinze , puis allez de quatre-vingt-treize à droite",93,75
13450,"montez de quatre-vingts , puis allez de soixante-neuf à droite",69,80
13451,"montez de huit , puis allez de quatre-vingt-cinq à droite",85,8
13452,"montez de soixante-dix , puis allez de quatre-vingt-onze à droite",91,70
13453,"montez de treize , puis allez de quatre-vingt-cinq à droite",85,13
13454,"montez de quatre , puis allez de cinquante-neuf à droite",59,4
13455,"montez de soixante et onze , puis allez de quatre-vingt-seize à droite",96,71
13456,"montez de deux , puis allez de soixante à droite",60,2
13457,"montez de soixante et un , puis allez de soixante-sept à droite",67,61
13458,"montez de soixante , puis allez de quatre-vingt-dix-huit à droite",98,60
13459,"montez de dix-huit , puis allez de soixante-sept à droite",67,18
13460,"montez de neuf , puis allez de soixante-deux à droite",62,9
13461,"montez de trente-sept , puis allez de quatre-vingt-quinze à droite",95,37
13462,"montez de trente , puis allez de trente-sept à droite",37,30
13463,"montez de cinquante-quatre , puis allez de vingt-quatre à droite",24,54
13464,"montez de trente-cinq , puis allez de soixante-neuf à droite",69,35
13465,"montez de vingt-huit , puis allez de vingt-sept à droite",27,28
13466,"montez de trente-quatre , puis allez de treize à droite",13,34
13467,"montez de soixante-huit , puis allez de quatre à droite",4,68
13468,"montez de quatre-vingt-neuf , puis allez de quatre-vingt-quatorze à droite",94,89
13469,"montez de quatre-vingts , puis allez de soixante-cinq à droite",65,80
13470,"montez de quatre-vingt-dix-huit , puis allez de quatre-vingt-quatre à droite",84,98
13471,"montez de quatre-vingt-quinze , puis allez de douze à droite",12,95
13472,"montez de trente-six , puis allez de cinquante à droite",50,36
13473,"montez de six , puis allez de cinquante-huit à droite",58,6
13474,"montez de soixante et un , puis allez de cinquante à droite",50,61
13475,"montez de quatre-vingt-huit , puis allez de dix-neuf à droite",19,88
13476,"montez de quatre-vingt-dix-huit , puis allez de vingt à droite",20,98
13477,"montez de huit , puis allez de soixante et onze à droite",71,8
13478,"montez de quatre-vingt-quatorze , puis allez de soixante-huit à droite",68,94
13479,"montez de quarante-trois , puis allez de huit à droite",8,43
13480,"montez de trente-huit , puis allez de soixante-deux à droite",62,38
13481,"montez de cinquante et un , puis allez de soixante-treize à droite",73,51
13482,"montez de vingt-neuf , puis allez de soixante-quatorze à droite",74,29
13483,"montez de quatre-vingt-sept , puis allez de cinquante-cinq à droite",55,87
13484,"montez de vingt-six , puis allez de quatre-vingt-dix-huit à droite",98,26
13485,"montez de cinquante et un , puis allez de quarante-neuf à droite",49,51
13486,"montez de trois , puis allez de dix-neuf à droite",19,3
13487,"montez de vingt-six , puis allez de vingt-huit à droite",28,26
13488,"montez de onze , puis allez de quarante-cinq à droite",45,11
13489,"montez de cent , puis allez de soixante-quatorze à droite",74,100
13490,"montez de cinquante-sept , puis allez de quatre-vingt-douze à droite",92,57
13491,"montez de cinquante-deux , puis allez de quarante-neuf à droite",49,52
13492,"montez de vingt-trois , puis allez de trente-deux à droite",32,23
13493,"montez de cinquante-neuf , puis allez de quatre-vingt-douze à droite",92,59
13494,"montez de quatre-vingt-quinze , puis allez de soixante-treize à droite",73,95
13495,"montez de quatre-vingt-cinq , puis allez de six à droite",6,85
13496,"montez de quarante-six , puis allez de trente-six à droite",36,46
13497,"montez de soixante-seize , puis allez de quatre-vingt-seize à droite",96,76
13498,"montez de vingt-cinq , puis allez de cinquante à droite",50,25
13499,"montez de cinquante-sept , puis allez de quatre-vingt-treize à droite",93,57
13500,"montez de cinquante-cinq , puis allez de quarante-deux à droite",42,55
13501,"montez de soixante et un , puis allez de soixante-quatorze à droite",74,61
13502,"montez de vingt-quatre , puis allez de cinquante-deux à droite",52,24
13503,"montez de quarante-quatre , puis allez de dix-neuf à droite",19,44
13504,"montez de quatre-vingt-trois , puis allez de quatre à droite",4,83
13505,"montez de quarante-neuf , puis allez de seize à droite",16,49
13506,"montez de quatre-vingt-dix-neuf , puis allez de quatorze à droite",14,99
13507,"montez de quatre-vingt-seize , puis allez de quinze à droite",15,96
13508,"montez de soixante-dix-sept , puis allez de soixante-deux à droite",62,77
13509,"montez de quatre-vingt-cinq , puis allez de soixante et onze à droite",71,85
13510,"montez de cinquante-deux , puis allez de quarante-deux à droite",42,52
13511,"montez de soixante-deux , puis allez de quarante-cinq à droite",45,62
13512,"montez de trente-six , puis allez de cinquante-quatre à droite",54,36
13513,"montez de quatre-vingt-quinze , puis allez de soixante-dix-neuf à droite",79,95
13514,"montez de vingt-deux , puis allez de soixante-dix-sept à droite",77,22
13515,"montez de dix-huit , puis allez de vingt-cinq à droite",25,18
13516,"montez de soixante-douze , puis allez de soixante-treize à droite",73,72
13517,"montez de seize , puis allez de soixante-seize à droite",76,16
13518,"montez de quatre-vingt-neuf , puis allez de quatre-vingt-trois à droite",83,89
13519,"montez de trente-neuf , puis allez de vingt-cinq à droite",25,39
13520,"montez de vingt-quatre , puis allez de treize à droite",13,24
13521,"montez de cinquante-deux , puis allez de dix-huit à droite",18,52
13522,"montez de dix , puis allez de cinquante-neuf à droite",59,10
13523,"montez de quatorze , puis allez de quatre-vingt-douze à droite",92,14
13524,"montez de dix-huit , puis allez de cinquante-six à droite",56,18
13525,"montez de dix , puis allez de huit à droite",8,10
13526,"montez de quarante et un , puis allez de quatre-vingt-dix-neuf à droite",99,41
13527,"montez de cinquante et un , puis allez de douze à droite",12,51
13528,"montez de trente-deux , puis allez de quarante-trois à droite",43,32
13529,"montez de soixante-dix , puis allez de vingt-huit à droite",28,70
13530,"montez de dix , puis allez de soixante et onze à droite",71,10
13531,"montez de trente-six , puis allez de cinquante à droite",50,36
13532,"montez de quarante-quatre , puis allez de quatre-vingt-neuf à droite",89,44
13533,"montez de trente-neuf , puis allez de treize à droite",13,39
13534,"montez de six , puis allez de soixante-dix à droite",70,6
13535,"montez de quatre-vingt-quatre , puis allez de soixante-dix-sept à droite",77,84
13536,"montez de vingt-trois , puis allez de seize à droite",16,23
13537,"montez de trente-neuf , puis allez de vingt-six à droite",26,39
13538,"montez de trois , puis allez de quarante et un à droite",41,3
13539,"montez de vingt-huit , puis allez de deux à droite",2,28
13540,"montez de quatre-vingt-dix-neuf , puis allez de trente-huit à droite",38,99
13541,"montez de soixante-dix-huit , puis allez de quatre-vingt-dix-huit à droite",98,78
13542,"montez de vingt-neuf , puis allez de quarante-quatre à droite",44,29
13543,"montez de dix-huit , puis allez de soixante et un à droite",61,18
13544,"montez de cinquante-trois , puis allez de quarante-trois à droite",43,53
13545,"montez de vingt-deux , puis allez de vingt-huit à droite",28,22
13546,"montez de quarante et un , puis allez de quatre-vingt-sept à droite",87,41
13547,"montez de seize , puis allez de quatre-vingt-neuf à droite",89,16
13548,"montez de soixante-trois , puis allez de cinquante à droite",50,63
13549,"montez de quarante-deux , puis allez de quatre-vingt-seize à droite",96,42
13550,"montez de quatre-vingt-huit , puis allez de trente-deux à droite",32,88
13551,"montez de quatre-vingt-dix , puis allez de soixante-douze à droite",72,90
13552,"montez de quatre-vingts , puis allez de trente-huit à droite",38,80
13553,"montez de quarante , puis allez de quarante et un à droite",41,40
13554,"montez de trois , puis allez de trois à droite",3,3
13555,"montez de soixante et onze , puis allez de onze à droite",11,71
13556,"montez de quatre-vingt-sept , puis allez de quarante-neuf à droite",49,87
13557,"montez de trente-quatre , puis allez de cinquante-six à droite",56,34
13558,"montez de quatre-vingt-dix-neuf , puis allez de quatorze à droite",14,99
13559,"montez de cinquante-deux , puis allez de soixante-huit à droite",68,52
13560,"montez de quatre-vingt-dix , puis allez de quatre-vingt-dix-neuf à droite",99,90
13561,"montez de vingt et un , puis allez de quatre-vingt-neuf à droite",89,21
13562,"montez de cent , puis allez de quarante à droite",40,100
13563,"montez de trois , puis allez de quarante-neuf à droite",49,3
13564,"montez de six , puis allez de soixante-sept à droite",67,6
13565,"montez de soixante-dix , puis allez de quatre à droite",4,70
13566,"montez de cinq , puis allez de cinquante-trois à droite",53,5
13567,"montez de soixante-dix-huit , puis allez de quarante-neuf à droite",49,78
13568,"montez de quatre-vingt-seize , puis allez de treize à droite",13,96
13569,"montez de quatre-vingt-neuf , puis allez de quatre-vingt-huit à droite",88,89
13570,"montez de vingt-cinq , puis allez de soixante-trois à droite",63,25
13571,"montez de soixante-huit , puis allez de quatre-vingt-dix à droite",90,68
13572,"montez de soixante-quinze , puis allez de vingt-cinq à droite",25,75
13573,"montez de soixante-quatre , puis allez de cinquante-trois à droite",53,64
13574,"montez de cinquante , puis allez de quarante-six à droite",46,50
13575,"montez de sept , puis allez de soixante-trois à droite",63,7
13576,"montez de vingt-huit , puis allez de quatre-vingt-dix-huit à droite",98,28
13577,"montez de quatre-vingt-dix-neuf , puis allez de dix-sept à droite",17,99
13578,"montez de quarante-deux , puis allez de trente-cinq à droite",35,42
13579,"montez de seize , puis allez de quatre-vingt-onze à droite",91,16
13580,"montez de quatorze , puis allez de quatre-vingt-treize à droite",93,14
13581,"montez de soixante-dix-sept , puis allez de vingt et un à droite",21,77
13582,"montez de soixante-neuf , puis allez de soixante-neuf à droite",69,69
13583,"montez de quatorze , puis allez de soixante-quatorze à droite",74,14
13584,"montez de soixante-cinq , puis allez de soixante-deux à droite",62,65
13585,"montez de quatre-vingt-huit , puis allez de quatre-vingt-seize à droite",96,88
13586,"montez de soixante-dix-neuf , puis allez de trois à droite",3,79
13587,"montez de quatre-vingt-quatorze , puis allez de cinquante et un à droite",51,94
13588,"montez de quarante-quatre , puis allez de dix-sept à droite",17,44
13589,"montez de onze , puis allez de quatre-vingt-huit à droite",88,11
13590,"montez de soixante-quatorze , puis allez de quarante-six à droite",46,74
13591,"montez de quatre-vingt-deux , puis allez de onze à droite",11,82
13592,"montez de quatre-vingt-un , puis allez de trente-quatre à droite",34,81
13593,"montez de quatre-vingt-dix , puis allez de seize à droite",16,90
13594,"montez de quatre-vingt-huit , puis allez de cinquante-quatre à droite",54,88
13595,"montez de six , puis allez de onze à droite",11,6
13596,"montez de quatre-vingt-trois , puis allez de soixante-sept à droite",67,83
13597,"montez de trente-sept , puis allez de quarante-quatre à droite",44,37
13598,"montez de sept , puis allez de quatre-vingt-quatorze à droite",94,7
13599,"montez de six , puis allez de quatre-vingt-cinq à droite",85,6
13600,"montez de soixante-treize , puis allez de soixante-dix à droite",70,73
13601,"montez de quarante-trois , puis allez de cinquante-cinq à droite",55,43
13602,"montez de soixante , puis allez de quatre-vingt-neuf à droite",89,60
13603,"montez de quatre-vingts , puis allez de vingt-huit à droite",28,80
13604,"montez de soixante-dix-neuf , puis allez de soixante-dix à droite",70,79
13605,"montez de dix-neuf , puis allez de trente à droite",30,19
13606,"montez de un , puis allez de trente à droite",30,1
13607,"montez de huit , puis allez de quatre-vingt-onze à droite",91,8
13608,"montez de trente-trois , puis allez de trente-cinq à droite",35,33
13609,"montez de seize , puis allez de soixante-dix-huit à droite",78,16
13610,"montez de quatre-vingt-un , puis allez de quarante-neuf à droite",49,81
13611,"montez de quatre-vingt-deux , puis allez de soixante à droite",60,82
13612,"montez de quarante , puis allez de quatre-vingt-quatorze à droite",94,40
13613,"montez de cinquante-cinq , puis allez de soixante-quinze à droite",75,55
13614,"montez de quatre-vingt-six , puis allez de quatre à droite",4,86
13615,"montez de quarante-quatre , puis allez de quatre-vingts à droite",80,44
13616,"montez de cinquante-deux , puis allez de soixante-douze à droite",72,52
13617,"montez de trente , puis allez de cinquante-quatre à droite",54,30
13618,"montez de soixante-dix-neuf , puis allez de cinquante et un à droite",51,79
13619,"montez de quarante-six , puis allez de cinquante-six à droite",56,46
13620,"montez de quarante et un , puis allez de dix à droite",10,41
13621,"montez de quarante et un , puis allez de quarante-huit à droite",48,41
13622,"montez de soixante-trois , puis allez de quatre-vingt-sept à droite",87,63
13623,"montez de soixante-dix-neuf , puis allez de cent à droite",100,79
13624,"montez de quatre-vingt-quinze , puis allez de vingt-quatre à droite",24,95
13625,"montez de dix-sept , puis allez de sept à droite",7,17
13626,"montez de dix-neuf , puis allez de quarante-cinq à droite",45,19
13627,"montez de quatre-vingt-huit , puis allez de quarante-cinq à droite",45,88
13628,"montez de quatre-vingt-dix-neuf , puis allez de cinquante-trois à droite",53,99
13629,"montez de quatre-vingt-quatre , puis allez de soixante-dix à droite",70,84
13630,"montez de quarante et un , puis allez de trente-huit à droite",38,41
13631,"montez de quatorze , puis allez de trente-deux à droite",32,14
13632,"montez de quarante-six , puis allez de trente-deux à droite",32,46
13633,"montez de quatre-vingt-six , puis allez de quarante-six à droite",46,86
13634,"montez de quarante-cinq , puis allez de quinze à droite",15,45
13635,"montez de quatre-vingt-dix-sept , puis allez de cinquante-cinq à droite",55,97
13636,"montez de trente et un , puis allez de soixante-douze à droite",72,31
13637,"montez de quatre-vingt-dix-neuf , puis allez de cinquante et un à droite",51,99
13638,"montez de cinquante-neuf , puis allez de trois à droite",3,59
13639,"montez de quarante , puis allez de quarante-neuf à droite",49,40
13640,"montez de vingt-deux , puis allez de vingt-neuf à droite",29,22
13641,"montez de quatre-vingt-onze , puis allez de quarante-sept à droite",47,91
13642,"montez de soixante-deux , puis allez de cinquante-neuf à droite",59,62
13643,"montez de vingt-huit , puis allez de quatre-vingts à droite",80,28
13644,"montez de soixante-neuf , puis allez de quarante-neuf à droite",49,69
13645,"montez de trente-quatre , puis allez de vingt-huit à droite",28,34
13646,"montez de quatre-vingt-dix-sept , puis allez de cinquante-six à droite",56,97
13647,"montez de soixante-dix , puis allez de soixante-dix-huit à droite",78,70
13648,"montez de vingt-sept , puis allez de vingt-quatre à droite",24,27
13649,"montez de soixante et un , puis allez de quarante-cinq à droite",45,61
13650,"montez de onze , puis allez de quatre-vingt-deux à droite",82,11
13651,"montez de cinquante-quatre , puis allez de cinquante-sept à droite",57,54
13652,"montez de dix , puis allez de soixante-huit à droite",68,10
13653,"montez de trente et un , puis allez de soixante et un à droite",61,31
13654,"montez de quatre-vingt-cinq , puis allez de quarante-huit à droite",48,85
13655,"montez de cinquante-trois , puis allez de cinquante-sept à droite",57,53
13656,"montez de quatre-vingt-dix-sept , puis allez de quatre-vingt-seize à droite",96,97
13657,"montez de quatre-vingt-huit , puis allez de deux à droite",2,88
13658,"montez de trente-huit , puis allez de trente-cinq à droite",35,38
13659,"montez de dix-neuf , puis allez de quarante-deux à droite",42,19
13660,"montez de quatre-vingt-douze , puis allez de quatre-vingt-cinq à droite",85,92
13661,"montez de quarante , puis allez de soixante-treize à droite",73,40
13662,"montez de quarante-neuf , puis allez de dix-huit à droite",18,49
13663,"montez de cinquante-six , puis allez de soixante-quatorze à droite",74,56
13664,"montez de cinquante-six , puis allez de dix-neuf à droite",19,56
13665,"montez de quatre , puis allez de soixante-quatorze à droite",74,4
13666,"montez de cent , puis allez de cinquante-six à droite",56,100
13667,"montez de dix-huit , puis allez de un à droite",1,18
13668,"montez de soixante-quatre , puis allez de quarante-trois à droite",43,64
13669,"montez de soixante-sept , puis allez de quatre-vingt-douze à droite",92,67
13670,"montez de cinquante-quatre , puis allez de soixante-seize à droite",76,54
13671,"montez de six , puis allez de soixante-dix-huit à droite",78,6
13672,"montez de quatre-vingt-onze , puis allez de quatre-vingts à droite",80,91
13673,"montez de soixante-huit , puis allez de quatre-vingt-neuf à droite",89,68
13674,"montez de soixante et un , puis allez de trois à droite",3,61
13675,"montez de vingt , puis allez de soixante-huit à droite",68,20
13676,"montez de quatre-vingt-cinq , puis allez de deux à droite",2,85
13677,"montez de trente-trois , puis allez de cent à droite",100,33
13678,"montez de six , puis allez de vingt-trois à droite",23,6
13679,"montez de trente-trois , puis allez de quatre-vingt-quatre à droite",84,33
13680,"montez de cinquante-trois , puis allez de quatre-vingt-six à droite",86,53
13681,"montez de vingt-trois , puis allez de un à droite",1,23
13682,"montez de quatre-vingt-cinq , puis allez de deux à droite",2,85
13683,"montez de quarante-sept , puis allez de soixante-cinq à droite",65,47
13684,"montez de onze , puis allez de cinquante-trois à droite",53,11
13685,"montez de soixante-dix , puis allez de cent à droite",100,70
13686,"montez de quatre-vingt-neuf , puis allez de soixante-quatre à droite",64,89
13687,"montez de soixante-trois , puis allez de quarante-huit à droite",48,63
13688,"montez de soixante-treize , puis allez de soixante-cinq à droite",65,73
13689,"montez de soixante-sept , puis allez de soixante-huit à droite",68,67
13690,"montez de soixante , puis allez de deux à droite",2,60
13691,"montez de soixante-deux , puis allez de vingt-sept à droite",27,62
13692,"montez de soixante , puis allez de trente-huit à droite",38,60
13693,"montez de soixante-quatre , puis allez de vingt à droite",20,64
13694,"montez de vingt-six , puis allez de vingt-six à droite",26,26
13695,"montez de vingt , puis allez de soixante-six à droite",66,20
13696,"montez de quatorze , puis allez de quarante-trois à droite",43,14
13697,"montez de trente-six , puis allez de quatre-vingt-onze à droite",91,36
13698,"montez de soixante-dix-sept , puis allez de soixante-dix-huit à droite",78,77
13699,"montez de quatorze , puis allez de trois à droite",3,14
13700,"montez de vingt-cinq , puis allez de dix-neuf à droite",19,25
13701,"montez de trente-sept , puis allez de quatre-vingt-quatre à droite",84,37
13702,"montez de quatre-vingt-six , puis allez de quatre-vingt-treize à droite",93,86
13703,"montez de huit , puis allez de treize à droite",13,8
13704,"montez de dix-huit , puis allez de trois à droite",3,18
13705,"montez de soixante et un , puis allez de vingt à droite",20,61
13706,"montez de vingt et un , puis allez de sept à droite",7,21
13707,"montez de cinquante , puis allez de vingt-sept à droite",27,50
13708,"montez de quatre-vingt-un , puis allez de quarante-deux à droite",42,81
13709,"montez de soixante-quinze , puis allez de soixante-dix-sept à droite",77,75
13710,"montez de dix-huit , puis allez de vingt-huit à droite",28,18
13711,"montez de vingt-six , puis allez de quatre-vingt-dix-neuf à droite",99,26
13712,"montez de quatre-vingt-douze , puis allez de cinquante-sept à droite",57,92
13713,"montez de quatre-vingt-quinze , puis allez de cinquante-six à droite",56,95
13714,"montez de huit , puis allez de trois à droite",3,8
13715,"montez de deux , puis allez de quatre-vingt-quatre à droite",84,2
13716,"montez de vingt , puis allez de quatre-vingt-onze à droite",91,20
13717,"montez de soixante-dix-huit , puis allez de quatre-vingt-trois à droite",83,78
13718,"montez de soixante-treize , puis allez de cinquante-deux à droite",52,73
13719,"montez de treize , puis allez de cinquante-neuf à droite",59,13
13720,"montez de soixante-treize , puis allez de cinquante-quatre à droite",54,73
13721,"montez de soixante-six , puis allez de un à droite",1,66
13722,"montez de quarante-quatre , puis allez de sept à droite",7,44
13723,"montez de soixante-quatorze , puis allez de vingt-quatre à droite",24,74
13724,"montez de trente-neuf , puis allez de trente-trois à droite",33,39
13725,"montez de vingt et un , puis allez de cinquante-six à droite",56,21
13726,"montez de quatre-vingt-six , puis allez de soixante-treize à droite",73,86
13727,"montez de soixante-dix-neuf , puis allez de vingt à droite",20,79
13728,"montez de vingt et un , puis allez de quarante-quatre à droite",44,21
13729,"montez de six , puis allez de quatre-vingt-douze à droite",92,6
13730,"montez de quatre-vingt-cinq , puis allez de soixante-douze à droite",72,85
13731,"montez de quatre-vingt-un , puis allez de dix-sept à droite",17,81
13732,"montez de soixante-deux , puis allez de vingt et un à droite",21,62
13733,"montez de quatre-vingts , puis allez de soixante à droite",60,80
13734,"montez de quatre-vingt-trois , puis allez de trente-sept à droite",37,83
13735,"montez de vingt-cinq , puis allez de vingt et un à droite",21,25
13736,"montez de quatre-vingt-quatre , puis allez de trente-neuf à droite",39,84
13737,"montez de soixante-sept , puis allez de quatre-vingt-trois à droite",83,67
13738,"montez de trente-cinq , puis allez de soixante-deux à droite",62,35
13739,"montez de quatre-vingt-quatorze , puis allez de quarante-neuf à droite",49,94
13740,"montez de trente-cinq , puis allez de soixante-dix-huit à droite",78,35
13741,"montez de vingt-neuf , puis allez de cinquante-quatre à droite",54,29
13742,"montez de cinquante-sept , puis allez de quarante-cinq à droite",45,57
13743,"montez de trente-neuf , puis allez de trente-deux à droite",32,39
13744,"montez de soixante-treize , puis allez de onze à droite",11,73
13745,"montez de quarante-huit , puis allez de trente-neuf à droite",39,48
13746,"montez de vingt-huit , puis allez de quarante-cinq à droite",45,28
13747,"montez de trente-cinq , puis allez de quarante-neuf à droite",49,35
13748,"montez de soixante et onze , puis allez de six à droite",6,71
13749,"montez de vingt , puis allez de quatre-vingt-dix à droite",90,20
13750,"montez de trente-quatre , puis allez de quarante-cinq à droite",45,34
13751,"montez de quinze , puis allez de quatre-vingt-quatorze à droite",94,15
13752,"montez de vingt-sept , puis allez de trente-six à droite",36,27
13753,"montez de soixante-huit , puis allez de quatre-vingt-seize à droite",96,68
13754,"montez de quatre-vingt-cinq , puis allez de seize à droite",16,85
13755,"montez de soixante-six , puis allez de vingt-six à droite",26,66
13756,"montez de vingt-sept , puis allez de quarante à droite",40,27
13757,"montez de trois , puis allez de soixante-trois à droite",63,3
13758,"montez de six , puis allez de quatre-vingt-dix-neuf à droite",99,6
13759,"montez de soixante-douze , puis allez de quatre-vingt-quatre à droite",84,72
13760,"montez de quatre-vingt-un , puis allez de vingt-six à droite",26,81
13761,"montez de soixante-dix-huit , puis allez de soixante et un à droite",61,78
13762,"montez de soixante-treize , puis allez de trente-cinq à droite",35,73
13763,"montez de quatre-vingt-douze , puis allez de trente-trois à droite",33,92
13764,"montez de trente-deux , puis allez de quatre-vingt-sept à droite",87,32
13765,"montez de quatre-vingt-sept , puis allez de quarante-neuf à droite",49,87
13766,"montez de quatre-vingt-cinq , puis allez de quatre-vingt-cinq à droite",85,85
13767,"montez de quarante-quatre , puis allez de trente-neuf à droite",39,44
13768,"montez de soixante-treize , puis allez de trente-quatre à droite",34,73
13769,"montez de six , puis allez de trente-six à droite",36,6
13770,"montez de huit , puis allez de quarante-cinq à droite",45,8
13771,"montez de onze , puis allez de dix à droite",10,11
13772,"montez de quatre-vingt-onze , puis allez de soixante-dix-sept à droite",77,91
13773,"montez de quatre-vingt-treize , puis allez de soixante-six à droite",66,93
13774,"montez de trente-trois , puis allez de vingt-six à droite",26,33
13775,"montez de seize , puis allez de quatre à droite",4,16
13776,"montez de soixante-dix-sept , puis allez de soixante-dix-sept à droite",77,77
13777,"montez de quatre-vingt-sept , puis allez de cinq à droite",5,87
13778,"montez de quarante-deux , puis allez de vingt-neuf à droite",29,42
13779,"montez de trente-sept , puis allez de soixante-quatorze à droite",74,37
13780,"montez de quinze , puis allez de soixante-huit à droite",68,15
13781,"montez de trente-quatre , puis allez de vingt et un à droite",21,34
13782,"montez de sept , puis allez de quatre à droite",4,7
13783,"montez de quatre-vingt-dix-neuf , puis allez de soixante-neuf à droite",69,99
13784,"montez de quarante-deux , puis allez de vingt-huit à droite",28,42
13785,"montez de quarante-deux , puis allez de soixante-dix à droite",70,42
13786,"montez de quatre-vingt-dix , puis allez de soixante-huit à droite",68,90
13787,"montez de douze , puis allez de soixante-seize à droite",76,12
13788,"montez de cinquante-cinq , puis allez de sept à droite",7,55
13789,"montez de soixante-trois , puis allez de trente à droite",30,63
13790,"montez de trente-quatre , puis allez de quarante-six à droite",46,34
13791,"montez de dix-sept , puis allez de quatre-vingt-quinze à droite",95,17
13792,"montez de quarante-deux , puis allez de dix à droite",10,42
13793,"montez de un , puis allez de quatre à droite",4,1
13794,"montez de cinquante-cinq , puis allez de cinquante-neuf à droite",59,55
13795,"montez de quatre-vingt-seize , puis allez de quatre-vingt-douze à droite",92,96
13796,"montez de cinquante-six , puis allez de soixante-dix-neuf à droite",79,56
13797,"montez de trente et un , puis allez de onze à droite",11,31
13798,"montez de soixante-treize , puis allez de quatre-vingt-dix-huit à droite",98,73
13799,"montez de cinquante-trois , puis allez de quarante-huit à droite",48,53
13800,"montez de soixante-seize , puis allez de dix-neuf à droite",19,76
13801,"montez de trente-deux , puis allez de quarante-cinq à droite",45,32
13802,"montez de dix-huit , puis allez de soixante-huit à droite",68,18
13803,"montez de vingt-deux , puis allez de trente-deux à droite",32,22
13804,"montez de quatre-vingt-six , puis allez de quinze à droite",15,86
13805,"montez de cinquante-trois , puis allez de douze à droite",12,53
13806,"montez de quatre-vingt-quatre , puis allez de quarante et un à droite",41,84
13807,"montez de quatre-vingt-cinq , puis allez de vingt-huit à droite",28,85
13808,"montez de trente-neuf , puis allez de dix-huit à droite",18,39
13809,"montez de cinquante-cinq , puis allez de quatre-vingt-six à droite",86,55
13810,"montez de quarante-cinq , puis allez de soixante-treize à droite",73,45
13811,"montez de vingt-neuf , puis allez de soixante-seize à droite",76,29
13812,"montez de quatre-vingt-six , puis allez de seize à droite",16,86
13813,"montez de soixante-huit , puis allez de trente-cinq à droite",35,68
13814,"montez de quatre-vingts , puis allez de quarante-huit à droite",48,80
13815,"montez de vingt , puis allez de quatre-vingt-dix-huit à droite",98,20
13816,"montez de neuf , puis allez de quatre-vingt-trois à droite",83,9
13817,"montez de quatre-vingt-six , puis allez de quatre-vingt-treize à droite",93,86
13818,"montez de cinquante-quatre , puis allez de un à droite",1,54
13819,"montez de quatre-vingt-dix , puis allez de quarante et un à droite",41,90
13820,"montez de soixante-dix-sept , puis allez de huit à droite",8,77
13821,"montez de quatre-vingt-un , puis allez de soixante-quatorze à droite",74,81
13822,"montez de dix-huit , puis allez de trente-sept à droite",37,18
13823,"montez de quatre-vingt-seize , puis allez de trente-deux à droite",32,96
13824,"montez de quarante-sept , puis allez de cinquante à droite",50,47
13825,"montez de sept , puis allez de quatre-vingt-quinze à droite",95,7
13826,"montez de cinquante et un , puis allez de soixante à droite",60,51
13827,"montez de quarante-cinq , puis allez de soixante à droite",60,45
13828,"montez de vingt-trois , puis allez de quarante-huit à droite",48,23
13829,"montez de trente et un , puis allez de trente-sept à droite",37,31
13830,"montez de quatre-vingt-treize , puis allez de vingt-huit à droite",28,93
13831,"montez de quatre-vingt-six , puis allez de sept à droite",7,86
13832,"montez de cinquante-deux , puis allez de soixante à droite",60,52
13833,"montez de soixante-neuf , puis allez de quatre-vingt-dix à droite",90,69
13834,"montez de quatre-vingt-quatorze , puis allez de soixante-treize à droite",73,94
13835,"montez de cinquante et un , puis allez de soixante-treize à droite",73,51
13836,"montez de vingt-sept , puis allez de soixante-neuf à droite",69,27
13837,"montez de un , puis allez de quarante-cinq à droite",45,1
13838,"montez de soixante-treize , puis allez de quatorze à droite",14,73
13839,"montez de trente-six , puis allez de soixante-cinq à droite",65,36
13840,"montez de soixante-seize , puis allez de vingt-trois à droite",23,76
13841,"montez de neuf , puis allez de soixante-quatorze à droite",74,9
13842,"montez de quatre-vingt-neuf , puis allez de soixante-quatorze à droite",74,89
13843,"montez de quarante-huit , puis allez de vingt-neuf à droite",29,48
13844,"montez de quatre-vingt-quinze , puis allez de vingt-quatre à droite",24,95
13845,"montez de douze , puis allez de quatre-vingt-neuf à droite",89,12
13846,"montez de dix-huit , puis allez de cinquante à droite",50,18
13847,"montez de quarante-huit , puis allez de quatre-vingt-douze à droite",92,48
13848,"montez de cinquante-sept , puis allez de quatre-vingt-onze à droite",91,57
13849,"montez de quatre-vingt-cinq , puis allez de cinquante-six à droite",56,85
13850,"montez de soixante-dix-huit , puis allez de quatre-vingt-trois à droite",83,78
13851,"montez de soixante-douze , puis allez de quatre-vingt-neuf à droite",89,72
13852,"montez de trente-cinq , puis allez de dix-huit à droite",18,35
13853,"montez de quarante-sept , puis allez de trente-huit à droite",38,47
13854,"montez de vingt-neuf , puis allez de six à droite",6,29
13855,"montez de quatre-vingt-neuf , puis allez de trente-trois à droite",33,89
13856,"montez de quatre-vingt-onze , puis allez de quatre-vingt-neuf à droite",89,91
13857,"montez de quarante-six , puis allez de cinquante-deux à droite",52,46
13858,"montez de cinquante-quatre , puis allez de vingt-huit à droite",28,54
13859,"montez de soixante-douze , puis allez de quatre-vingt-quatre à droite",84,72
13860,"montez de quatre-vingt-treize , puis allez de cinquante-deux à droite",52,93
13861,"montez de trente-sept , puis allez de neuf à droite",9,37
13862,"montez de trente-six , puis allez de soixante-cinq à droite",65,36
13863,"montez de dix-sept , puis allez de quinze à droite",15,17
13864,"montez de trente-huit , puis allez de quarante-deux à droite",42,38
13865,"montez de sept , puis allez de quarante-six à droite",46,7
13866,"montez de sept , puis allez de quatre-vingts à droite",80,7
13867,"montez de trente-neuf , puis allez de trente-trois à droite",33,39
13868,"montez de soixante-douze , puis allez de vingt-huit à droite",28,72
13869,"montez de quarante-sept , puis allez de soixante-six à droite",66,47
13870,"montez de cinquante , puis allez de cinquante-sept à droite",57,50
13871,"montez de trente-sept , puis allez de trente-quatre à droite",34,37
13872,"montez de cinquante et un , puis allez de quatre-vingt-douze à droite",92,51
13873,"montez de huit , puis allez de quatre-vingt-dix-huit à droite",98,8
13874,"montez de quatre-vingt-dix-sept , puis allez de cinquante-deux à droite",52,97
13875,"montez de quatre-vingt-dix-neuf , puis allez de vingt-trois à droite",23,99
13876,"montez de cinquante-cinq , puis allez de quatre-vingt-cinq à droite",85,55
13877,"montez de trente-neuf , puis allez de huit à droite",8,39
13878,"montez de vingt-six , puis allez de quatre-vingt-dix-neuf à droite",99,26
13879,"montez de quatre-vingt-dix , puis allez de deux à droite",2,90
13880,"montez de cinquante et un , puis allez de quatre-vingt-quinze à droite",95,51
13881,"montez de quatre-vingt-deux , puis allez de trente-deux à droite",32,82
13882,"montez de vingt et un , puis allez de cinquante-sept à droite",57,21
13883,"montez de cinquante-quatre , puis allez de quatre-vingt-six à droite",86,54
13884,"montez de quatre-vingt-seize , puis allez de cinquante-six à droite",56,96
13885,"montez de quarante-six , puis allez de neuf à droite",9,46
13886,"montez de onze , puis allez de cinquante-deux à droite",52,11
13887,"montez de quarante-huit , puis allez de quinze à droite",15,48
13888,"montez de soixante-douze , puis allez de quatre-vingt-douze à droite",92,72
13889,"montez de quatre-vingt-neuf , puis allez de quarante-neuf à droite",49,89
13890,"montez de neuf , puis allez de quatre-vingt-onze à droite",91,9
13891,"montez de vingt-cinq , puis allez de vingt-cinq à droite",25,25
13892,"montez de seize , puis allez de soixante-six à droite",66,16
13893,"montez de cinquante-huit , puis allez de quarante-quatre à droite",44,58
13894,"montez de quatre-vingt-dix-neuf , puis allez de seize à droite",16,99
13895,"montez de sept , puis allez de soixante-six à droite",66,7
13896,"montez de sept , puis allez de quarante à droite",40,7
13897,"montez de soixante-cinq , puis allez de soixante-quatorze à droite",74,65
13898,"montez de trente-trois , puis allez de soixante-dix-huit à droite",78,33
13899,"montez de quarante-neuf , puis allez de trente à droite",30,49
13900,"montez de quarante et un , puis allez de trente et un à droite",31,41
13901,"montez de quatre-vingt-dix-huit , puis allez de quatre-vingt-onze à droite",91,98
13902,"montez de soixante-trois , puis allez de quarante-trois à droite",43,63
13903,"montez de trente-cinq , puis allez de quatre-vingt-treize à droite",93,35
13904,"montez de vingt-quatre , puis allez de soixante-dix-neuf à droite",79,24
13905,"montez de quatre-vingt-onze , puis allez de soixante-treize à droite",73,91
13906,"montez de vingt-six , puis allez de quatre-vingt-seize à droite",96,26
13907,"montez de soixante-seize , puis allez de un à droite",1,76
13908,"montez de soixante-seize , puis allez de soixante-seize à droite",76,76
13909,"montez de cinquante-six , puis allez de soixante-dix-neuf à droite",79,56
13910,"montez de quatre-vingt-seize , puis allez de trente-deux à droite",32,96
13911,"montez de quarante et un , puis allez de quatre-vingt-quatorze à droite",94,41
13912,"montez de quatorze , puis allez de huit à droite",8,14
13913,"montez de cinquante-neuf , puis allez de quatre-vingt-douze à droite",92,59
13914,"montez de quatre-vingt-quatorze , puis allez de soixante-neuf à droite",69,94
13915,"montez de trente et un , puis allez de trente et un à droite",31,31
13916,"montez de soixante-quinze , puis allez de quatre-vingt-dix-huit à droite",98,75
13917,"montez de quatre-vingt-seize , puis allez de quarante-deux à droite",42,96
13918,"montez de trente-neuf , puis allez de trois à droite",3,39
13919,"montez de cent , puis allez de quatre-vingt-six à droite",86,100
13920,"montez de soixante-treize , puis allez de trente-cinq à droite",35,73
13921,"montez de cinq , puis allez de cinquante-neuf à droite",59,5
13922,"montez de soixante-dix-neuf , puis allez de cinquante-cinq à droite",55,79
13923,"montez de cinquante-neuf , puis allez de quarante-neuf à droite",49,59
13924,"montez de quatre-vingt-dix-sept , puis allez de quatre-vingt-dix-sept à droite",97,97
13925,"montez de vingt-huit , puis allez de vingt-huit à droite",28,28
13926,"montez de quatre-vingt-dix-sept , puis allez de soixante-dix-neuf à droite",79,97
13927,"montez de cinquante-sept , puis allez de quatre-vingt-sept à droite",87,57
13928,"montez de soixante et onze , puis allez de quatre-vingt-trois à droite",83,71
13929,"montez de soixante-dix , puis allez de cinquante-trois à droite",53,70
13930,"montez de soixante-seize , puis allez de douze à droite",12,76
13931,"montez de dix-huit , puis allez de quatre-vingt-dix-neuf à droite",99,18
13932,"montez de huit , puis allez de quatre-vingt-neuf à droite",89,8
13933,"montez de soixante-seize , puis allez de trente-cinq à droite",35,76
13934,"montez de dix-sept , puis allez de six à droite",6,17
13935,"montez de trente-neuf , puis allez de quarante-deux à droite",42,39
13936,"montez de dix , puis allez de soixante-quinze à droite",75,10
13937,"montez de quatre-vingt-trois , puis allez de quatre à droite",4,83
13938,"montez de vingt-deux , puis allez de soixante-sept à droite",67,22
13939,"montez de soixante-dix-huit , puis allez de vingt-trois à droite",23,78
13940,"montez de soixante-dix-sept , puis allez de trois à droite",3,77
13941,"montez de vingt-sept , puis allez de quatre-vingt-dix-huit à droite",98,27
13942,"montez de soixante-quatorze , puis allez de quatre-vingts à droite",80,74
13943,"montez de soixante-quinze , puis allez de treize à droite",13,75
13944,"montez de quinze , puis allez de soixante-quinze à droite",75,15
13945,"montez de quatre-vingt-seize , puis allez de neuf à droite",9,96
13946,"montez de quarante et un , puis allez de quatorze à droite",14,41
13947,"montez de soixante-six , puis allez de un à droite",1,66
13948,"montez de soixante-dix , puis allez de trente-six à droite",36,70
13949,"montez de vingt-neuf , puis allez de trente-six à droite",36,29
13950,"montez de quatre-vingt-treize , puis allez de soixante-douze à droite",72,93
13951,"montez de sept , puis allez de vingt-trois à droite",23,7
13952,"montez de quatre-vingt-huit , puis allez de quatre-vingts à droite",80,88
13953,"montez de quatre-vingt-deux , puis allez de trente et un à droite",31,82
13954,"montez de quatre-vingt-six , puis allez de cent à droite",100,86
13955,"montez de cinquante-quatre , puis allez de deux à droite",2,54
13956,"montez de quarante-trois , puis allez de cinquante-neuf à droite",59,43
13957,"montez de soixante et un , puis allez de vingt-deux à droite",22,61
13958,"montez de cinquante-huit , puis allez de vingt-neuf à droite",29,58
13959,"montez de trente-deux , puis allez de cinq à droite",5,32
13960,"montez de vingt-huit , puis allez de quarante-neuf à droite",49,28
13961,"montez de vingt-sept , puis allez de dix à droite",10,27
13962,"montez de seize , puis allez de quarante-quatre à droite",44,16
13963,"montez de quatre-vingt-dix-sept , puis allez de quatre-vingt-douze à droite",92,97
13964,"montez de quarante , puis allez de quatre à droite",4,40
13965,"montez de quinze , puis allez de quarante-deux à droite",42,15
13966,"montez de quatre-vingt-six , puis allez de soixante-neuf à droite",69,86
13967,"montez de quatre-vingt-quatre , puis allez de quatre-vingt-deux à droite",82,84
13968,"montez de quarante-six , puis allez de soixante-douze à droite",72,46
13969,"montez de vingt et un , puis allez de trente-neuf à droite",39,21
13970,"montez de quarante-trois , puis allez de trente-cinq à droite",35,43
13971,"montez de six , puis allez de dix-neuf à droite",19,6
13972,"montez de soixante-neuf , puis allez de quarante-neuf à droite",49,69
13973,"montez de cinquante-trois , puis allez de quatre-vingt-douze à droite",92,53
13974,"montez de cinquante-huit , puis allez de quatre-vingt-quatorze à droite",94,58
13975,"montez de quatorze , puis allez de soixante-quatre à droite",64,14
13976,"montez de dix-huit , puis allez de soixante-neuf à droite",69,18
13977,"montez de quarante-quatre , puis allez de quarante-neuf à droite",49,44
13978,"montez de cinquante-cinq , puis allez de quatre-vingt-quatre à droite",84,55
13979,"montez de quatre-vingt-six , puis allez de dix-neuf à droite",19,86
13980,"montez de cinquante et un , puis allez de quatre-vingt-quatorze à droite",94,51
13981,"montez de huit , puis allez de sept à droite",7,8
13982,"montez de cent , puis allez de un à droite",1,100
13983,"montez de cinquante et un , puis allez de quatre-vingt-huit à droite",88,51
13984,"montez de sept , puis allez de neuf à droite",9,7
13985,"montez de neuf , puis allez de quarante-sept à droite",47,9
13986,"montez de quarante et un , puis allez de quarante-deux à droite",42,41
13987,"montez de cinquante-sept , puis allez de trente à droite",30,57
13988,"montez de soixante , puis allez de douze à droite",12,60
13989,"montez de onze , puis allez de quatre-vingts à droite",80,11
13990,"montez de soixante-seize , puis allez de quatre-vingt-quatre à droite",84,76
13991,"montez de onze , puis allez de vingt à droite",20,11
13992,"montez de trente-deux , puis allez de trente-sept à droite",37,32
13993,"montez de soixante et onze , puis allez de quatre-vingt-six à droite",86,71
13994,"montez de soixante et un , puis allez de trente-six à droite",36,61
13995,"montez de trois , puis allez de quatre-vingt-quatre à droite",84,3
13996,"montez de quatre-vingt-treize , puis allez de quatre-vingt-quinze à droite",95,93
13997,"montez de soixante-treize , puis allez de vingt-deux à droite",22,73
13998,"montez de cinquante-six , puis allez de vingt à droite",20,56
13999,"montez de soixante-dix-sept , puis allez de quarante-cinq à droite",45,77
14000,"descendez de soixante-huit , puis allez de trente-quatre à gauche",-34,-68
14001,"descendez de quatre-vingt-seize , puis allez de six à gauche",-6,-96
14002,"descendez de vingt-huit , puis allez de quatre-vingt-six à gauche",-86,-28
14003,"descendez de huit , puis allez de trente-six à gauche",-36,-8
14004,"descendez de vingt-sept , puis allez de un à gauche",-1,-27
14005,"descendez de quatre-vingt-dix , puis allez de quatre-vingt-cinq à gauche",-85,-90
14006,"descendez de quarante et un , puis allez de quinze à gauche",-15,-41
14007,"descendez de quatre-vingt-neuf , puis allez de quarante-cinq à gauche",-45,-89
14008,"descendez de seize , puis allez de quatre à gauche",-4,-16
14009,"descendez de soixante-neuf , puis allez de cinquante-neuf à gauche",-59,-69
14010,"descendez de trente-trois , puis allez de soixante-dix-neuf à gauche",-79,-33
14011,"descendez de quarante et un , puis allez de soixante-deux à gauche",-62,-41
14012,"descendez de soixante-dix-sept , puis allez de dix à gauche",-10,-77
14013,"descendez de quinze , puis allez de quatre-vingt-neuf à gauche",-89,-15
14014,"descendez de quarante-huit , puis allez de quatre-vingts à gauche",-80,-48
14015,"descendez de soixante-dix , puis allez de neuf à gauche",-9,-70
14016,"descendez de vingt-trois , puis allez de soixante-dix-neuf à gauche",-79,-23
14017,"descendez de quatre-vingt-sept , puis allez de un à gauche",-1,-87
14018,"descendez de neuf , puis allez de quatre-vingts à gauche",-80,-9
14019,"descendez de soixante-dix-neuf , puis allez de soixante-treize à gauche",-73,-79
14020,"descendez de cinquante et un , puis allez de quarante-cinq à gauche",-45,-51
14021,"descendez de vingt-neuf , puis allez de cinq à gauche",-5,-29
14022,"descendez de quatre-vingt-dix-sept , puis allez de quatre-vingt-dix-neuf à gauche",-99,-97
14023,"descendez de quatre-vingt-dix-neuf , puis allez de quatre-vingt-cinq à gauche",-85,-99
14024,"descendez de cinquante-huit , puis allez de cinquante à gauche",-50,-58
14025,"descendez de soixante-dix , puis allez de soixante-cinq à gauche",-65,-70
14026,"descendez de soixante-six , puis allez de quinze à gauche",-15,-66
14027,"descendez de quatre-vingt-trois , puis allez de douze à gauche",-12,-83
14028,"descendez de un , puis allez de cent à gauche",-100,-1
14029,"descendez de soixante-cinq , puis allez de quatre-vingt-seize à gauche",-96,-65
14030,"descendez de dix , puis allez de sept à gauche",-7,-10
14031,"descendez de quatre-vingt-dix-neuf , puis allez de soixante-sept à gauche",-67,-99
14032,"descendez de trente-cinq , puis allez de quatre-vingt-dix-sept à gauche",-97,-35
14033,"descendez de soixante-seize , puis allez de cinquante-huit à gauche",-58,-76
14034,"descendez de sept , puis allez de cinquante et un à gauche",-51,-7
14035,"descendez de cinquante-sept , puis allez de onze à gauche",-11,-57
14036,"descendez de vingt-deux , puis allez de vingt-neuf à gauche",-29,-22
14037,"descendez de soixante-quatorze , puis allez de trois à gauche",-3,-74
14038,"descendez de quatre-vingts , puis allez de vingt-cinq à gauche",-25,-80
14039,"descendez de quarante-cinq , puis allez de vingt-huit à gauche",-28,-45
14040,"descendez de soixante-dix-neuf , puis allez de quatre-vingt-onze à gauche",-91,-79
14041,"descendez de quatre-vingt-neuf , puis allez de quatre-vingt-cinq à gauche",-85,-89
14042,"descendez de vingt-huit , puis allez de soixante et un à gauche",-61,-28
14043,"descendez de quarante-huit , puis allez de vingt-trois à gauche",-23,-48
14044,"descendez de soixante-huit , puis allez de cinq à gauche",-5,-68
14045,"descendez de cinquante et un , puis allez de quarante-trois à gauche",-43,-51
14046,"descendez de soixante-dix , puis allez de neuf à gauche",-9,-70
14047,"descendez de quarante-deux , puis allez de soixante-neuf à gauche",-69,-42
14048,"descendez de trente et un , puis allez de quatre-vingt-sept à gauche",-87,-31
14049,"descendez de trente-quatre , puis allez de quatre-vingt-dix-huit à gauche",-98,-34
14050,"descendez de cinquante , puis allez de quatre-vingt-treize à gauche",-93,-50
14051,"descendez de trente-sept , puis allez de vingt et un à gauche",-21,-37
14052,"descendez de seize , puis allez de quarante-quatre à gauche",-44,-16
14053,"descendez de cinquante-huit , puis allez de vingt-six à gauche",-26,-58
14054,"descendez de vingt-neuf , puis allez de soixante-seize à gauche",-76,-29
14055,"descendez de cinquante-sept , puis allez de cinquante-huit à gauche",-58,-57
14056,"descendez de quatre-vingt-neuf , puis allez de soixante-douze à gauche",-72,-89
14057,"descendez de sept , puis allez de quatre-vingt-dix-neuf à gauche",-99,-7
14058,"descendez de soixante-quatorze , puis allez de quatre-vingt-un à gauche",-81,-74
14059,"descendez de quatre-vingt-douze , puis allez de vingt-huit à gauche",-28,-92
14060,"descendez de onze , puis allez de trois à gauche",-3,-11
14061,"descendez de vingt-huit , puis allez de cinquante-huit à gauche",-58,-28
14062,"descendez de quatre-vingt-seize , puis allez de trente-six à gauche",-36,-96
14063,"descendez de soixante et onze , puis allez de dix-sept à gauche",-17,-71
14064,"descendez de quatre-vingt-onze , puis allez de quarante-six à gauche",-46,-91
14065,"descendez de quatre-vingt-dix-huit , puis allez de quatre-vingt-neuf à gauche",-89,-98
14066,"descendez de quatre-vingt-un , puis allez de quarante-deux à gauche",-42,-81
14067,"descendez de dix-huit , puis allez de trente-trois à gauche",-33,-18
14068,"descendez de quatre-vingt-dix-huit , puis allez de quarante-sept à gauche",-47,-98
14069,"descendez de dix , puis allez de trois à gauche",-3,-10
14070,"descendez de quatre-vingt-dix-huit , puis allez de quatre-vingt-six à gauche",-86,-98
14071,"descendez de quarante-six , puis allez de trente et un à gauche",-31,-46
14072,"descendez de vingt-quatre , puis allez de soixante-huit à gauche",-68,-24
14073,"descendez de cinquante-quatre , puis allez de quatre-vingt-onze à gauche",-91,-54
14074,"descendez de cinquante-sept , puis allez de quarante-cinq à gauche",-45,-57
14075,"descendez de quarante-deux , puis allez de quatre-vingt-dix à gauche",-90,-42
14076,"descendez de cinquante , puis allez de trois à gauche",-3,-50
14077,"descendez de soixante-dix-sept , puis allez de quatre-vingt-dix-sept à gauche",-97,-77
14078,"descendez de soixante-sept , puis allez de vingt-quatre à gauche",-24,-67
14079,"descendez de soixante-six , puis allez de soixante-seize à gauche",-76,-66
14080,"descendez de soixante-cinq , puis allez de soixante-dix-neuf à gauche",-79,-65
14081,"descendez de soixante-trois , puis allez de cinquante-huit à gauche",-58,-63
14082,"descendez de vingt-cinq , puis allez de neuf à gauche",-9,-25
14083,"descendez de cinquante-neuf , puis allez de trente-six à gauche",-36,-59
14084,"descendez de sept , puis allez de soixante-dix-neuf à gauche",-79,-7
14085,"descendez de quarante-huit , puis allez de cinq à gauche",-5,-48
14086,"descendez de dix-sept , puis allez de quatre-vingt-deux à gauche",-82,-17
14087,"descendez de soixante-dix-neuf , puis allez de quatre-vingt-dix-neuf à gauche",-99,-79
14088,"descendez de sept , puis allez de trente-neuf à gauche",-39,-7
14089,"descendez de cinquante-trois , puis allez de quinze à gauche",-15,-53
14090,"descendez de dix , puis allez de quarante-deux à gauche",-42,-10
14091,"descendez de soixante-sept , puis allez de quatre-vingt-six à gauche",-86,-67
14092,"descendez de treize , puis allez de quatre-vingt-dix-sept à gauche",-97,-13
14093,"descendez de quarante-cinq , puis allez de cinquante-cinq à gauche",-55,-45
14094,"descendez de quarante-trois , puis allez de trois à gauche",-3,-43
14095,"descendez de quarante et un , puis allez de soixante-six à gauche",-66,-41
14096,"descendez de quatre , puis allez de quarante-neuf à gauche",-49,-4
14097,"descendez de dix , puis allez de quarante à gauche",-40,-10
14098,"descendez de soixante-dix , puis allez de huit à gauche",-8,-70
14099,"descendez de soixante-sept , puis allez de quarante-deux à gauche",-42,-67
14100,"descendez de quatre-vingt-sept , puis allez de cinquante-huit à gauche",-58,-87
14101,"descendez de quarante-deux , puis allez de cinquante-sept à gauche",-57,-42
14102,"descendez de quinze , puis allez de quatorze à gauche",-14,-15
14103,"descendez de soixante-deux , puis allez de dix à gauche",-10,-62
14104,"descendez de soixante-trois , puis allez de quatorze à gauche",-14,-63
14105,"descendez de soixante et un , puis allez de soixante-cinq à gauche",-65,-61
14106,"descendez de un , puis allez de quatre-vingt-quatorze à gauche",-94,-1
14107,"descendez de quatre-vingt-neuf , puis allez de un à gauche",-1,-89
14108,"descendez de deux , puis allez de trente-six à gauche",-36,-2
14109,"descendez de trois , puis allez de quarante à gauche",-40,-3
14110,"descendez de trente-deux , puis allez de cinquante-neuf à gauche",-59,-32
14111,"descendez de vingt-deux , puis allez de trente-six à gauche",-36,-22
14112,"descendez de quatre-vingt-huit , puis allez de trente-quatre à gauche",-34,-88
14113,"descendez de vingt-cinq , puis allez de cinquante-neuf à gauche",-59,-25
14114,"descendez de soixante-dix-sept , puis allez de soixante-treize à gauche",-73,-77
14115,"descendez de cinquante-neuf , puis allez de onze à gauche",-11,-59
14116,"descendez de quatorze , puis allez de soixante-dix-huit à gauche",-78,-14
14117,"descendez de soixante , puis allez de quatre-vingt-quatorze à gauche",-94,-60
14118,"descendez de douze , puis allez de quatre-vingt-dix-sept à gauche",-97,-12
14119,"descendez de vingt-neuf , puis allez de deux à gauche",-2,-29
14120,"descendez de quatre-vingt-deux , puis allez de trente et un à gauche",-31,-82
14121,"descendez de vingt-huit , puis allez de deux à gauche",-2,-28
14122,"descendez de quarante-deux , puis allez de trente-trois à gauche",-33,-42
14123,"descendez de trente-neuf , puis allez de quarante-trois à gauche",-43,-39
14124,"descendez de neuf , puis allez de quatre-vingt-quatorze à gauche",-94,-9
14125,"descendez de trente et un , puis allez de quarante-cinq à gauche",-45,-31
14126,"descendez de quatre-vingt-douze , puis allez de quatre à gauche",-4,-92
14127,"descendez de quarante-trois , puis allez de quatre-vingt-dix-huit à gauche",-98,-43
14128,"descendez de sept , puis allez de soixante-six à gauche",-66,-7
14129,"descendez de cinquante et un , puis allez de trois à gauche",-3,-51
14130,"descendez de vingt-sept , puis allez de quatre-vingt-neuf à gauche",-89,-27
14131,"descendez de trente , puis allez de cinquante-trois à gauche",-53,-30
14132,"descendez de trente-deux , puis allez de quatre-vingt-quatorze à gauche",-94,-32
14133,"descendez de quatre-vingt-dix , puis allez de quatre-vingt-treize à gauche",-93,-90
14134,"descendez de quatorze , puis allez de vingt-quatre à gauche",-24,-14
14135,"descendez de quatre-vingt-dix-neuf , puis allez de cinquante-quatre à gauche",-54,-99
14136,"descendez de trente-huit , puis allez de quarante et un à gauche",-41,-38
14137,"descendez de cinquante-deux , puis allez de vingt-trois à gauche",-23,-52
14138,"descendez de soixante-trois , puis allez de quarante-cinq à gauche",-45,-63
14139,"descendez de quarante-six , puis allez de dix-sept à gauche",-17,-46
14140,"descendez de trente-sept , puis allez de soixante et un à gauche",-61,-37
14141,"descendez de soixante-dix-huit , puis allez de trente-cinq à gauche",-35,-78
14142,"descendez de cent , puis allez de quarante-huit à gauche",-48,-100
14143,"descendez de deux , puis allez de trente-deux à gauche",-32,-2
14144,"descendez de quarante et un , puis allez de quatre-vingt-dix-huit à gauche",-98,-41
14145,"descendez de vingt-six , puis allez de quatre-vingt-sept à gauche",-87,-26
14146,"descendez de quatre-vingt-quatorze , puis allez de vingt-neuf à gauche",-29,-94
14147,"descendez de trente et un , puis allez de quarante à gauche",-40,-31
14148,"descendez de cinquante-huit , puis allez de quarante-huit à gauche",-48,-58
14149,"descendez de quatre-vingt-dix-neuf , puis allez de soixante-trois à gauche",-63,-99
14150,"descendez de trente-quatre , puis allez de dix-neuf à gauche",-19,-34
14151,"descendez de seize , puis allez de quatre à gauche",-4,-16
14152,"descendez de onze , puis allez de quatre-vingt-quinze à gauche",-95,-11
14153,"descendez de douze , puis allez de soixante-neuf à gauche",-69,-12
14154,"descendez de cinquante-quatre , puis allez de trente-six à gauche",-36,-54
14155,"descendez de huit , puis allez de cinquante-huit à gauche",-58,-8
14156,"descendez de quarante et un , puis allez de quinze à gauche",-15,-41
14157,"descendez de vingt-neuf , puis allez de quarante à gauche",-40,-29
14158,"descendez de quatre-vingt-sept , puis allez de soixante à gauche",-60,-87
14159,"descendez de quatorze , puis allez de soixante-dix-huit à gauche",-78,-14
14160,"descendez de soixante-cinq , puis allez de quarante-deux à gauche",-42,-65
14161,"descendez de soixante-sept , puis allez de quatorze à gauche",-14,-67
14162,"descendez de cinquante , puis allez de trente-huit à gauche",-38,-50
14163,"descendez de soixante et onze , puis allez de cinquante et un à gauche",-51,-71
14164,"descendez de soixante , puis allez de quatre-vingt-onze à gauche",-91,-60
14165,"descendez de soixante-cinq , puis allez de cinq à gauche",-5,-65
14166,"descendez de trente , puis allez de huit à gauche",-8,-30
14167,"descendez de cinquante et un , puis allez de soixante-neuf à gauche",-69,-51
14168,"descendez de quatre , puis allez de soixante-quatre à gauche",-64,-4
14169,"descendez de vingt-neuf , puis allez de cinquante-neuf à gauche",-59,-29
14170,"descendez de quatre-vingt-dix-huit , puis allez de quatre à gauche",-4,-98
14171,"descendez de trente et un , puis allez de soixante-six à gauche",-66,-31
14172,"descendez de soixante-trois , puis allez de quarante-cinq à gauche",-45,-63
14173,"descendez de vingt-cinq , puis allez de quatre-vingts à gauche",-80,-25
14174,"descendez de cinquante-trois , puis allez de soixante-treize à gauche",-73,-53
14175,"descendez de vingt , puis allez de quatre à gauche",-4,-20
14176,"descendez de quatre-vingt-quinze , puis allez de soixante-trois à gauche",-63,-95
14177,"descendez de quarante , puis allez de quatre-vingt-dix-huit à gauche",-98,-40
14178,"descendez de cinquante-huit , puis allez de neuf à gauche",-9,-58
14179,"descendez de cinq , puis allez de quatre-vingt-onze à gauche",-91,-5
14180,"descendez de quatre-vingt-huit , puis allez de quatre-vingt-dix-huit à gauche",-98,-88
14181,"descendez de vingt-six , puis allez de quatre-vingt-dix-neuf à gauche",-99,-26
14182,"descendez de soixante-deux , puis allez de soixante-dix-neuf à gauche",-79,-62
14183,"descendez de quatre-vingt-un , puis allez de quatre-vingt-douze à gauche",-92,-81
14184,"descendez de quatre-vingt-dix , puis allez de trente-six à gauche",-36,-90
14185,"descendez de quatre-vingt-quatorze , puis allez de quatre-vingt-un à gauche",-81,-94
14186,"descendez de quatre-vingt-seize , puis allez de quarante et un à gauche",-41,-96
14187,"descendez de huit , puis allez de douze à gauche",-12,-8
14188,"descendez de quarante-sept , puis allez de vingt-six à gauche",-26,-47
14189,"descendez de trente-trois , puis allez de quarante-quatre à gauche",-44,-33
14190,"descendez de vingt-huit , puis allez de cinquante-quatre à gauche",-54,-28
14191,"descendez de vingt-neuf , puis allez de dix-neuf à gauche",-19,-29
14192,"descendez de quinze , puis allez de cinquante-six à gauche",-56,-15
14193,"descendez de soixante-seize , puis allez de sept à gauche",-7,-76
14194,"descendez de neuf , puis allez de trente-huit à gauche",-38,-9
14195,"descendez de quarante-quatre , puis allez de dix-huit à gauche",-18,-44
14196,"descendez de vingt-huit , puis allez de quatre-vingt-sept à gauche",-87,-28
14197,"descendez de quarante-deux , puis allez de onze à gauche",-11,-42
14198,"descendez de huit , puis allez de soixante-quatre à gauche",-64,-8
14199,"descendez de trente-huit , puis allez de quatre-vingt-seize à gauche",-96,-38
14200,"descendez de soixante et onze , puis allez de vingt-deux à gauche",-22,-71
14201,"descendez de cinquante-cinq , puis allez de quatre-vingt-dix à gauche",-90,-55
14202,"descendez de quarante-huit , puis allez de quarante-deux à gauche",-42,-48
14203,"descendez de quatre-vingt-douze , puis allez de soixante-deux à gauche",-62,-92
14204,"descendez de un , puis allez de soixante-huit à gauche",-68,-1
14205,"descendez de soixante-six , puis allez de trente-six à gauche",-36,-66
14206,"descendez de trente-cinq , puis allez de quatre-vingt-un à gauche",-81,-35
14207,"descendez de quarante et un , puis allez de trente-six à gauche",-36,-41
14208,"descendez de soixante-dix-huit , puis allez de soixante-neuf à gauche",-69,-78
14209,"descendez de dix-neuf , puis allez de trente-sept à gauche",-37,-19
14210,"descendez de six , puis allez de trente et un à gauche",-31,-6
14211,"descendez de quarante-six , puis allez de quarante-six à gauche",-46,-46
14212,"descendez de quatre-vingt-quinze , puis allez de quatre-vingt-quatre à gauche",-84,-95
14213,"descendez de soixante-cinq , puis allez de neuf à gauche",-9,-65
14214,"descendez de dix-sept , puis allez de quarante-trois à gauche",-43,-17
14215,"descendez de vingt-sept , puis allez de quatre-vingt-huit à gauche",-88,-27
14216,"descendez de trente-quatre , puis allez de trente-deux à gauche",-32,-34
14217,"descendez de sept , puis allez de quatre-vingt-seize à gauche",-96,-7
14218,"descendez de quatre-vingt-quatorze , puis allez de vingt-neuf à gauche",-29,-94
14219,"descendez de vingt-quatre , puis allez de cinquante-deux à gauche",-52,-24
14220,"descendez de soixante-dix , puis allez de soixante-sept à gauche",-67,-70
14221,"descendez de cinquante-six , puis allez de trente-deux à gauche",-32,-56
14222,"descendez de soixante-dix , puis allez de cinquante-deux à gauche",-52,-70
14223,"descendez de quinze , puis allez de soixante-trois à gauche",-63,-15
14224,"descendez de quatre-vingt-dix , puis allez de quatre-vingt-dix-sept à gauche",-97,-90
14225,"descendez de quatre-vingt-dix-sept , puis allez de trente-cinq à gauche",-35,-97
14226,"descendez de vingt-sept , puis allez de quatre-vingt-cinq à gauche",-85,-27
14227,"descendez de dix-neuf , puis allez de trois à gauche",-3,-19
14228,"descendez de trente-deux , puis allez de quatre-vingts à gauche",-80,-32
14229,"descendez de vingt-deux , puis allez de cinquante-cinq à gauche",-55,-22
14230,"descendez de quatre-vingt-dix , puis allez de trente-neuf à gauche",-39,-90
14231,"descendez de quatre-vingt-treize , puis allez de quatre-vingt-un à gauche",-81,-93
14232,"descendez de quarante-deux , puis allez de soixante-seize à gauche",-76,-42
14233,"descendez de cinquante-deux , puis allez de vingt-quatre à gauche",-24,-52
14234,"descendez de quatre-vingt-quatre , puis allez de soixante-dix-huit à gauche",-78,-84
14235,"descendez de cinquante et un , puis allez de quarante à gauche",-40,-51
14236,"descendez de vingt , puis allez de quarante-trois à gauche",-43,-20
14237,"descendez de cent , puis allez de quatre-vingt-onze à gauche",-91,-100
14238,"descendez de cinquante , puis allez de quatre-vingt-quatorze à gauche",-94,-50
14239,"descendez de quarante-six , puis allez de quinze à gauche",-15,-46
14240,"descendez de quatre-vingt-seize , puis allez de quarante-sept à gauche",-47,-96
14241,"descendez de treize , puis allez de quatre-vingt-dix-sept à gauche",-97,-13
14242,"descendez de soixante-douze , puis allez de quatre-vingt-dix-neuf à gauche",-99,-72
14243,"descendez de trente-deux , puis allez de cinquante à gauche",-50,-32
14244,"descendez de soixante-dix-sept , puis allez de trente-six à gauche",-36,-77
14245,"descendez de quarante-deux , puis allez de vingt et un à gauche",-21,-42
14246,"descendez de cinquante-cinq , puis allez de cinquante-huit à gauche",-58,-55
14247,"descendez de trente-deux , puis allez de vingt-deux à gauche",-22,-32
14248,"descendez de cent , puis allez de vingt-neuf à gauche",-29,-100
14249,"descendez de soixante-quinze , puis allez de trente-huit à gauche",-38,-75
14250,"descendez de dix-sept , puis allez de cinquante-sept à gauche",-57,-17
14251,"descendez de soixante et onze , puis allez de vingt-huit à gauche",-28,-71
14252,"descendez de quarante-quatre , puis allez de soixante-seize à gauche",-76,-44
14253,"descendez de dix , puis allez de cinquante à gauche",-50,-10
14254,"descendez de cinquante-quatre , puis allez de quatre à gauche",-4,-54
14255,"descendez de trois , puis allez de quatre-vingt-onze à gauche",-91,-3
14256,"descendez de huit , puis allez de quatre-vingt-seize à gauche",-96,-8
14257,"descendez de soixante-quatre , puis allez de quarante et un à gauche",-41,-64
14258,"descendez de soixante-quatre , puis allez de vingt-trois à gauche",-23,-64
14259,"descendez de neuf , puis allez de quatorze à gauche",-14,-9
14260,"descendez de quatorze , puis allez de cinquante-trois à gauche",-53,-14
14261,"descendez de trente-deux , puis allez de dix à gauche",-10,-32
14262,"descendez de vingt-sept , puis allez de quatorze à gauche",-14,-27
14263,"descendez de quatre-vingt-dix-sept , puis allez de trente-six à gauche",-36,-97
14264,"descendez de soixante-deux , puis allez de quinze à gauche",-15,-62
14265,"descendez de quarante-trois , puis allez de quatre-vingt-deux à gauche",-82,-43
14266,"descendez de vingt-quatre , puis allez de trente-cinq à gauche",-35,-24
14267,"descendez de cinq , puis allez de quatre-vingt-neuf à gauche",-89,-5
14268,"descendez de quarante-cinq , puis allez de quatorze à gauche",-14,-45
14269,"descendez de trente-neuf , puis allez de un à gauche",-1,-39
14270,"descendez de trente-quatre , puis allez de treize à gauche",-13,-34
14271,"descendez de trente-deux , puis allez de dix à gauche",-10,-32
14272,"descendez de soixante-douze , puis allez de quatre-vingt-quatre à gauche",-84,-72
14273,"descendez de soixante , puis allez de soixante-quatorze à gauche",-74,-60
14274,"descendez de trente , puis allez de quatre-vingt-cinq à gauche",-85,-30
14275,"descendez de trente-huit , puis allez de soixante et un à gauche",-61,-38
14276,"descendez de trente-cinq , puis allez de soixante-dix à gauche",-70,-35
14277,"descendez de un , puis allez de trente-deux à gauche",-32,-1
14278,"descendez de soixante-sept , puis allez de soixante-quinze à gauche",-75,-67
14279,"descendez de quatre-vingt-cinq , puis allez de quarante-cinq à gauche",-45,-85
14280,"descendez de six , puis allez de quatre-vingt-dix-huit à gauche",-98,-6
14281,"descendez de quatre-vingt-sept , puis allez de soixante-dix-sept à gauche",-77,-87
14282,"descendez de quatorze , puis allez de quatre-vingts à gauche",-80,-14
14283,"descendez de soixante-six , puis allez de quatre-vingt-dix à gauche",-90,-66
14284,"descendez de trente et un , puis allez de soixante-dix-sept à gauche",-77,-31
14285,"descendez de soixante-deux , puis allez de quarante-sept à gauche",-47,-62
14286,"descendez de quatre-vingts , puis allez de quatre-vingt-treize à gauche",-93,-80
14287,"descendez de cinquante-sept , puis allez de vingt-sept à gauche",-27,-57
14288,"descendez de dix-neuf , puis allez de dix à gauche",-10,-19
14289,"descendez de cinquante-neuf , puis allez de cinquante-quatre à gauche",-54,-59
14290,"descendez de soixante et onze , puis allez de vingt-neuf à gauche",-29,-71
14291,"descendez de quatre-vingts , puis allez de quarante à gauche",-40,-80
14292,"descendez de quatre-vingt-douze , puis allez de quatre-vingt-cinq à gauche",-85,-92
14293,"descendez de quatre-vingt-huit , puis allez de cinquante-neuf à gauche",-59,-88
14294,"descendez de trente-cinq , puis allez de sept à gauche",-7,-35
14295,"descendez de trente-trois , puis allez de cent à gauche",-100,-33
14296,"descendez de quatre-vingt-treize , puis allez de six à gauche",-6,-93
14297,"descendez de quatre-vingt-dix-neuf , puis allez de trente-sept à gauche",-37,-99
14298,"descendez de neuf , puis allez de quatre-vingt-douze à gauche",-92,-9
14299,"descendez de dix-sept , puis allez de quatre à gauche",-4,-17
14300,"descendez de trente-cinq , puis allez de quatre-vingt-treize à gauche",-93,-35
14301,"descendez de quatre-vingt-six , puis allez de vingt à gauche",-20,-86
14302,"descendez de cinquante-trois , puis allez de dix-neuf à gauche",-19,-53
14303,"descendez de cinquante , puis allez de cinq à gauche",-5,-50
14304,"descendez de quatre-vingts , puis allez de soixante et un à gauche",-61,-80
14305,"descendez de trente-huit , puis allez de vingt-sept à gauche",-27,-38
14306,"descendez de soixante-dix-neuf , puis allez de quatre-vingt-dix-neuf à gauche",-99,-79
14307,"descendez de trente-huit , puis allez de soixante-treize à gauche",-73,-38
14308,"descendez de cinquante-neuf , puis allez de soixante et onze à gauche",-71,-59
14309,"descendez de soixante-quinze , puis allez de quatre-vingt-dix-huit à gauche",-98,-75
14310,"descendez de soixante-quinze , puis allez de trois à gauche",-3,-75
14311,"descendez de quatre-vingt-dix-huit , puis allez de sept à gauche",-7,-98
14312,"descendez de quatre-vingts , puis allez de quatre-vingt-treize à gauche",-93,-80
14313,"descendez de soixante-douze , puis allez de soixante-deux à gauche",-62,-72
14314,"descendez de quatre-vingts , puis allez de quarante-six à gauche",-46,-80
14315,"descendez de quarante et un , puis allez de quarante-cinq à gauche",-45,-41
14316,"descendez de vingt-six , puis allez de vingt et un à gauche",-21,-26
14317,"descendez de quatre-vingt-dix-huit , puis allez de cinquante-cinq à gauche",-55,-98
14318,"descendez de soixante-seize , puis allez de soixante-quatorze à gauche",-74,-76
14319,"descendez de trente-trois , puis allez de dix à gauche",-10,-33
14320,"descendez de quarante-trois , puis allez de quarante-six à gauche",-46,-43
14321,"descendez de soixante-quinze , puis allez de trente-sept à gauche",-37,-75
14322,"descendez de cinquante-deux , puis allez de cinquante-huit à gauche",-58,-52
14323,"descendez de soixante , puis allez de quatre-vingt-un à gauche",-81,-60
14324,"descendez de cinquante et un , puis allez de quatre-vingt-dix-huit à gauche",-98,-51
14325,"descendez de quatre-vingt-un , puis allez de sept à gauche",-7,-81
14326,"descendez de sept , puis allez de cinquante-six à gauche",-56,-7
14327,"descendez de cinquante , puis allez de soixante et onze à gauche",-71,-50
14328,"descendez de dix-neuf , puis allez de dix-sept à gauche",-17,-19
14329,"descendez de trente-deux , puis allez de quatre-vingt-huit à gauche",-88,-32
14330,"descendez de vingt-six , puis allez de cent à gauche",-100,-26
14331,"descendez de neuf , puis allez de soixante-quatorze à gauche",-74,-9
14332,"descendez de soixante , puis allez de trente et un à gauche",-31,-60
14333,"descendez de quatre-vingt-cinq , puis allez de vingt-neuf à gauche",-29,-85
14334,"descendez de cinquante-huit , puis allez de trente à gauche",-30,-58
14335,"descendez de quatre-vingt-onze , puis allez de soixante-quatre à gauche",-64,-91
14336,"descendez de cinquante-cinq , puis allez de trente-neuf à gauche",-39,-55
14337,"descendez de quarante-sept , puis allez de cinquante à gauche",-50,-47
14338,"descendez de seize , puis allez de vingt-six à gauche",-26,-16
14339,"descendez de quatre-vingt-dix , puis allez de trois à gauche",-3,-90
14340,"descendez de soixante , puis allez de vingt-six à gauche",-26,-60
14341,"descendez de trente-huit , puis allez de quatre-vingt-sept à gauche",-87,-38
14342,"descendez de soixante-dix , puis allez de soixante et un à gauche",-61,-70
14343,"descendez de vingt-six , puis allez de cinquante-cinq à gauche",-55,-26
14344,"descendez de soixante-sept , puis allez de soixante-neuf à gauche",-69,-67
14345,"descendez de dix-huit , puis allez de quatre à gauche",-4,-18
14346,"descendez de quarante-neuf , puis allez de dix-huit à gauche",-18,-49
14347,"descendez de quatre-vingt-cinq , puis allez de cinquante-neuf à gauche",-59,-85
14348,"descendez de cinquante-huit , puis allez de huit à gauche",-8,-58
14349,"descendez de vingt-six , puis allez de quatre-vingt-deux à gauche",-82,-26
14350,"descendez de quatre-vingt-huit , puis allez de soixante et onze à gauche",-71,-88
14351,"descendez de vingt-deux , puis allez de trente-neuf à gauche",-39,-22
14352,"descendez de trente-six , puis allez de quatre-vingt-six à gauche",-86,-36
14353,"descendez de quatre-vingt-neuf , puis allez de soixante-cinq à gauche",-65,-89
14354,"descendez de quatre-vingt-dix-huit , puis allez de quarante-sept à gauche",-47,-98
14355,"descendez de soixante-neuf , puis allez de cinq à gauche",-5,-69
14356,"descendez de sept , puis allez de huit à gauche",-8,-7
14357,"descendez de trente-quatre , puis allez de cinquante-deux à gauche",-52,-34
14358,"descendez de vingt-six , puis allez de vingt-cinq à gauche",-25,-26
14359,"descendez de vingt-six , puis allez de quatre-vingt-six à gauche",-86,-26
14360,"descendez de trente , puis allez de soixante-seize à gauche",-76,-30
14361,"descendez de soixante-dix-neuf , puis allez de soixante-quatre à gauche",-64,-79
14362,"descendez de dix-huit , puis allez de quatre-vingt-dix-huit à gauche",-98,-18
14363,"descendez de cinquante-quatre , puis allez de quarante-six à gauche",-46,-54
14364,"descendez de douze , puis allez de trente-deux à gauche",-32,-12
14365,"descendez de quatre-vingts , puis allez de six à gauche",-6,-80
14366,"descendez de trente-huit , puis allez de quatre à gauche",-4,-38
14367,"descendez de cinquante-cinq , puis allez de quarante-six à gauche",-46,-55
14368,"descendez de cinquante-quatre , puis allez de dix-sept à gauche",-17,-54
14369,"descendez de trente-sept , puis allez de trente et un à gauche",-31,-37
14370,"descendez de quatre , puis allez de cinq à gauche",-5,-4
14371,"descendez de treize , puis allez de quatre-vingt-dix-neuf à gauche",-99,-13
14372,"descendez de cinquante et un , puis allez de trente-trois à gauche",-33,-51
14373,"descendez de quatre-vingt-dix-huit , puis allez de quatre-vingt-dix-sept à gauche",-97,-98
14374,"descendez de quatre-vingt-neuf , puis allez de trente à gauche",-30,-89
14375,"descendez de soixante-dix-huit , puis allez de cent à gauche",-100,-78
14376,"descendez de vingt-quatre , puis allez de dix-neuf à gauche",-19,-24
14377,"descendez de quatorze , puis allez de soixante-seize à gauche",-76,-14
14378,"descendez de cinquante-cinq , puis allez de soixante-seize à gauche",-76,-55
14379,"descendez de un , puis allez de quinze à gauche",-15,-1
14380,"descendez de trente-cinq , puis allez de quatre-vingt-quatre à gauche",-84,-35
14381,"descendez de soixante-seize , puis allez de quatre-vingt-onze à gauche",-91,-76
14382,"descendez de soixante-dix-sept , puis allez de quarante-trois à gauche",-43,-77
14383,"descendez de soixante-treize , puis allez de quarante-quatre à gauche",-44,-73
14384,"descendez de quatre-vingt-deux , puis allez de quatre-vingts à gauche",-80,-82
14385,"descendez de vingt et un , puis allez de vingt à gauche",-20,-21
14386,"descendez de cinquante-six , puis allez de cinquante-six à gauche",-56,-56
14387,"descendez de quatre-vingt-dix-neuf , puis allez de dix à gauche",-10,-99
14388,"descendez de quatre-vingt-deux , puis allez de quatre-vingt-un à gauche",-81,-82
14389,"descendez de huit , puis allez de quatre-vingt-sept à gauche",-87,-8
14390,"descendez de soixante-douze , puis allez de trente-cinq à gauche",-35,-72
14391,"descendez de six , puis allez de cinq à gauche",-5,-6
14392,"descendez de cinquante-quatre , puis allez de trente-huit à gauche",-38,-54
14393,"descendez de trente-six , puis allez de trente-deux à gauche",-32,-36
14394,"descendez de cinquante-huit , puis allez de trente-deux à gauche",-32,-58
14395,"descendez de quatre-vingt-dix-neuf , puis allez de cinquante-quatre à gauche",-54,-99
14396,"descendez de quatre-vingt-douze , puis allez de seize à gauche",-16,-92
14397,"descendez de soixante-six , puis allez de quatre-vingt-quatorze à gauche",-94,-66
14398,"descendez de soixante , puis allez de trente-sept à gauche",-37,-60
14399,"descendez de quatre-vingt-sept , puis allez de un à gauche",-1,-87
14400,"descendez de quatre-vingts , puis allez de cinquante-huit à gauche",-58,-80
14401,"descendez de soixante-six , puis allez de vingt-trois à gauche",-23,-66
14402,"descendez de treize , puis allez de quarante-cinq à gauche",-45,-13
14403,"descendez de soixante-cinq , puis allez de vingt-deux à gauche",-22,-65
14404,"descendez de vingt-cinq , puis allez de soixante-dix-neuf à gauche",-79,-25
14405,"descendez de vingt et un , puis allez de cinquante-huit à gauche",-58,-21
14406,"descendez de quatre-vingt-quatre , puis allez de quatre-vingt-douze à gauche",-92,-84
14407,"descendez de soixante-quatre , puis allez de soixante à gauche",-60,-64
14408,"descendez de neuf , puis allez de quarante-cinq à gauche",-45,-9
14409,"descendez de soixante-sept , puis allez de soixante-sept à gauche",-67,-67
14410,"descendez de soixante-quinze , puis allez de soixante-dix à gauche",-70,-75
14411,"descendez de trente et un , puis allez de trente-deux à gauche",-32,-31
14412,"descendez de soixante-dix , puis allez de deux à gauche",-2,-70
14413,"descendez de cinquante-quatre , puis allez de quarante à gauche",-40,-54
14414,"descendez de trente et un , puis allez de quatre-vingt-treize à gauche",-93,-31
14415,"descendez de deux , puis allez de cinquante-trois à gauche",-53,-2
14416,"descendez de cinquante-sept , puis allez de cinquante-cinq à gauche",-55,-57
14417,"descendez de quatre-vingts , puis allez de soixante-deux à gauche",-62,-80
14418,"descendez de cinquante-trois , puis allez de cinquante-six à gauche",-56,-53
14419,"descendez de quatre-vingt-huit , puis allez de vingt-quatre à gauche",-24,-88
14420,"descendez de treize , puis allez de quatre-vingt-huit à gauche",-88,-13
14421,"descendez de quatre-vingt-quatre , puis allez de quatre-vingt-cinq à gauche",-85,-84
14422,"descendez de quatre-vingt-neuf , puis allez de trente-huit à gauche",-38,-89
14423,"descendez de trente , puis allez de soixante-huit à gauche",-68,-30
14424,"descendez de quatre-vingt-deux , puis allez de quarante et un à gauche",-41,-82
14425,"descendez de vingt-huit , puis allez de dix à gauche",-10,-28
14426,"descendez de soixante-trois , puis allez de quatre-vingt-dix-sept à gauche",-97,-63
14427,"descendez de quatre-vingt-un , puis allez de quatre à gauche",-4,-81
14428,"descendez de vingt-deux , puis allez de soixante-dix-neuf à gauche",-79,-22
14429,"descendez de soixante-douze , puis allez de vingt-trois à gauche",-23,-72
14430,"descendez de trente-six , puis allez de dix-sept à gauche",-17,-36
14431,"descendez de six , puis allez de vingt-quatre à gauche",-24,-6
14432,"descendez de cent , puis allez de quatre-vingt-douze à gauche",-92,-100
14433,"descendez de soixante-huit , puis allez de trente et un à gauche",-31,-68
14434,"descendez de soixante-dix-huit , puis allez de quarante-sept à gauche",-47,-78
14435,"descendez de trente-cinq , puis allez de soixante-dix-huit à gauche",-78,-35
14436,"descendez de vingt-trois , puis allez de soixante-dix-neuf à gauche",-79,-23
14437,"descendez de cinquante-huit , puis allez de dix-sept à gauche",-17,-58
14438,"descendez de trente-sept , puis allez de quatre-vingt-dix-huit à gauche",-98,-37
14439,"descendez de trente-neuf , puis allez de soixante-quatorze à gauche",-74,-39
14440,"descendez de soixante-sept , puis allez de vingt-sept à gauche",-27,-67
14441,"descendez de quarante-quatre , puis allez de trente-cinq à gauche",-35,-44
14442,"descendez de vingt , puis allez de dix-huit à gauche",-18,-20
14443,"descendez de soixante-quatre , puis allez de trente-trois à gauche",-33,-64
14444,"descendez de trente-cinq , puis allez de cinquante-huit à gauche",-58,-35
14445,"descendez de cinquante-sept , puis allez de quarante et un à gauche",-41,-57
14446,"descendez de quatre-vingt-trois , puis allez de quatorze à gauche",-14,-83
14447,"descendez de quatre-vingt-un , puis allez de soixante-seize à gauche",-76,-81
14448,"descendez de onze , puis allez de cinquante-sept à gauche",-57,-11
14449,"descendez de trente-trois , puis allez de vingt-neuf à gauche",-29,-33
14450,"descendez de vingt-deux , puis allez de soixante-dix-huit à gauche",-78,-22
14451,"descendez de soixante-cinq , puis allez de quatre-vingt-huit à gauche",-88,-65
14452,"descendez de soixante-seize , puis allez de cinquante-deux à gauche",-52,-76
14453,"descendez de quatre-vingt-onze , puis allez de quatre-vingt-dix à gauche",-90,-91
14454,"descendez de cinquante-sept , puis allez de soixante et onze à gauche",-71,-57
14455,"descendez de soixante-treize , puis allez de quatre-vingt-sept à gauche",-87,-73
14456,"descendez de trente-trois , puis allez de cinquante et un à gauche",-51,-33
14457,"descendez de soixante-dix-neuf , puis allez de cinquante-quatre à gauche",-54,-79
14458,"descendez de cinquante-six , puis allez de trente-cinq à gauche",-35,-56
14459,"descendez de quarante-neuf , puis allez de cinquante et un à gauche",-51,-49
14460,"descendez de trente-neuf , puis allez de quatre-vingt-quatorze à gauche",-94,-39
14461,"descendez de quatre-vingt-sept , puis allez de vingt-neuf à gauche",-29,-87
14462,"descendez de dix-huit , puis allez de soixante et un à gauche",-61,-18
14463,"descendez de trente-sept , puis allez de quarante-trois à gauche",-43,-37
14464,"descendez de vingt-deux , puis allez de soixante-huit à gauche",-68,-22
14465,"descendez de quatre-vingt-seize , puis allez de quatre-vingts à gauche",-80,-96
14466,"descendez de quatre-vingt-neuf , puis allez de quarante-deux à gauche",-42,-89
14467,"descendez de cinq , puis allez de quatre-vingt-dix-sept à gauche",-97,-5
14468,"descendez de soixante-six , puis allez de vingt-cinq à gauche",-25,-66
14469,"descendez de quinze , puis allez de quatre-vingt-neuf à gauche",-89,-15
14470,"descendez de soixante-quinze , puis allez de quatre-vingt-trois à gauche",-83,-75
14471,"descendez de soixante-cinq , puis allez de soixante-dix-neuf à gauche",-79,-65
14472,"descendez de cinquante-sept , puis allez de soixante-sept à gauche",-67,-57
14473,"descendez de quatre-vingt-huit , puis allez de soixante-cinq à gauche",-65,-88
14474,"descendez de trente-cinq , puis allez de quatre-vingt-dix-huit à gauche",-98,-35
14475,"descendez de deux , puis allez de seize à gauche",-16,-2
14476,"descendez de soixante-huit , puis allez de quatre-vingt-dix à gauche",-90,-68
14477,"descendez de quatre-vingt-cinq , puis allez de trente-six à gauche",-36,-85
14478,"descendez de vingt-six , puis allez de quatre-vingt-dix-sept à gauche",-97,-26
14479,"descendez de vingt-quatre , puis allez de soixante-deux à gauche",-62,-24
14480,"descendez de cinquante-huit , puis allez de dix-sept à gauche",-17,-58
14481,"descendez de cinquante-quatre , puis allez de dix à gauche",-10,-54
14482,"descendez de soixante-deux , puis allez de soixante-trois à gauche",-63,-62
14483,"descendez de soixante-quinze , puis allez de trente-cinq à gauche",-35,-75
14484,"descendez de soixante-dix-neuf , puis allez de sept à gauche",-7,-79
14485,"descendez de trente-sept , puis allez de soixante-sept à gauche",-67,-37
14486,"descendez de cinquante-trois , puis allez de quatre-vingts à gauche",-80,-53
14487,"descendez de quarante-six , puis allez de vingt-deux à gauche",-22,-46
14488,"descendez de quarante et un , puis allez de quatre à gauche",-4,-41
14489,"descendez de vingt-neuf , puis allez de quarante-deux à gauche",-42,-29
14490,"descendez de trente-sept , puis allez de trente-sept à gauche",-37,-37
14491,"descendez de quatre-vingts , puis allez de quarante-quatre à gauche",-44,-80
14492,"descendez de dix-huit , puis allez de trente-cinq à gauche",-35,-18
14493,"descendez de soixante-dix-neuf , puis allez de trente et un à gauche",-31,-79
14494,"descendez de soixante-neuf , puis allez de quatre-vingt-quatorze à gauche",-94,-69
14495,"descendez de trente-huit , puis allez de trente-six à gauche",-36,-38
14496,"descendez de quarante-six , puis allez de quatre-vingt-deux à gauche",-82,-46
14497,"descendez de quatre-vingt-dix , puis allez de vingt-huit à gauche",-28,-90
14498,"descendez de douze , puis allez de cinquante-cinq à gauche",-55,-12
14499,"descendez de trente-huit , puis allez de quatre-vingts à gauche",-80,-38
14500,"descendez de trente-deux , puis allez de quatre-vingts à gauche",-80,-32
14501,"descendez de seize , puis allez de quatre-vingt-huit à gauche",-88,-16
14502,"descendez de cinquante-huit , puis allez de trente-quatre à gauche",-34,-58
14503,"descendez de douze , puis allez de soixante à gauche",-60,-12
14504,"descendez de vingt-sept , puis allez de soixante-dix-neuf à gauche",-79,-27
14505,"descendez de quarante et un , puis allez de quatre-vingt-dix-neuf à gauche",-99,-41
14506,"descendez de vingt-trois , puis allez de quatre-vingt-sept à gauche",-87,-23
14507,"descendez de quatre-vingt-neuf , puis allez de quatre-vingt-dix à gauche",-90,-89
14508,"descendez de seize , puis allez de treize à gauche",-13,-16
14509,"descendez de soixante-seize , puis allez de quatorze à gauche",-14,-76
14510,"descendez de dix-neuf , puis allez de vingt et un à gauche",-21,-19
14511,"descendez de trois , puis allez de quatre-vingt-treize à gauche",-93,-3
14512,"descendez de quatre , puis allez de soixante-quinze à gauche",-75,-4
14513,"descendez de quarante-quatre , puis allez de quarante-neuf à gauche",-49,-44
14514,"descendez de soixante-six , puis allez de sept à gauche",-7,-66
14515,"descendez de quatre-vingt-quinze , puis allez de vingt et un à gauche",-21,-95
14516,"descendez de vingt-cinq , puis allez de cinquante-huit à gauche",-58,-25
14517,"descendez de onze , puis allez de soixante-dix-sept à gauche",-77,-11
14518,"descendez de douze , puis allez de quarante-trois à gauche",-43,-12
14519,"descendez de quatre-vingt-douze , puis allez de quarante-deux à gauche",-42,-92
14520,"descendez de quatorze , puis allez de soixante-neuf à gauche",-69,-14
14521,"descendez de quatorze , puis allez de seize à gauche",-16,-14
14522,"descendez de soixante-sept , puis allez de soixante et un à gauche",-61,-67
14523,"descendez de cinquante-huit , puis allez de quatre-vingt-dix-sept à gauche",-97,-58
14524,"descendez de soixante-dix , puis allez de vingt-trois à gauche",-23,-70
14525,"descendez de cinq , puis allez de cent à gauche",-100,-5
14526,"descendez de trente-six , puis allez de cinquante-trois à gauche",-53,-36
14527,"descendez de soixante-quinze , puis allez de quarante et un à gauche",-41,-75
14528,"descendez de neuf , puis allez de quatre-vingt-huit à gauche",-88,-9
14529,"descendez de vingt-huit , puis allez de quarante-six à gauche",-46,-28
14530,"descendez de quarante et un , puis allez de quatre-vingt-cinq à gauche",-85,-41
14531,"descendez de trente-trois , puis allez de quarante-trois à gauche",-43,-33
14532,"descendez de cinquante-huit , puis allez de quatre-vingts à gauche",-80,-58
14533,"descendez de soixante-quinze , puis allez de soixante-sept à gauche",-67,-75
14534,"descendez de vingt-trois , puis allez de onze à gauche",-11,-23
14535,"descendez de quatre-vingt-un , puis allez de quatre-vingt-dix-sept à gauche",-97,-81
14536,"descendez de quarante , puis allez de treize à gauche",-13,-40
14537,"descendez de soixante-neuf , puis allez de onze à gauche",-11,-69
14538,"descendez de trente et un , puis allez de quatre-vingt-un à gauche",-81,-31
14539,"descendez de quarante-trois , puis allez de soixante-seize à gauche",-76,-43
14540,"descendez de vingt-huit , puis allez de un à gauche",-1,-28
14541,"descendez de dix-neuf , puis allez de soixante à gauche",-60,-19
14542,"descendez de cinquante et un , puis allez de quatre-vingt-quinze à gauche",-95,-51
14543,"descendez de cinquante-neuf , puis allez de soixante-sept à gauche",-67,-59
14544,"descendez de cinq , puis allez de soixante-seize à gauche",-76,-5
14545,"descendez de seize , puis allez de sept à gauche",-7,-16
14546,"descendez de vingt-trois , puis allez de quatre-vingt-trois à gauche",-83,-23
14547,"descendez de quatre-vingt-trois , puis allez de cinquante et un à gauche",-51,-83
14548,"descendez de quatre-vingt-deux , puis allez de soixante-douze à gauche",-72,-82
14549,"descendez de quarante , puis allez de trente-six à gauche",-36,-40
14550,"descendez de onze , puis allez de soixante-six à gauche",-66,-11
14551,"descendez de cinquante-neuf , puis allez de soixante et onze à gauche",-71,-59
14552,"descendez de vingt-cinq , puis allez de soixante-dix-sept à gauche",-77,-25
14553,"descendez de douze , puis allez de soixante-dix-sept à gauche",-77,-12
14554,"descendez de trente-neuf , puis allez de trente et un à gauche",-31,-39
14555,"descendez de quatre-vingt-dix-sept , puis allez de quatre-vingt-cinq à gauche",-85,-97
14556,"descendez de vingt-deux , puis allez de quatorze à gauche",-14,-22
14557,"descendez de quarante-cinq , puis allez de quatre-vingt-onze à gauche",-91,-45
14558,"descendez de dix-huit , puis allez de vingt-six à gauche",-26,-18
14559,"descendez de trente-neuf , puis allez de onze à gauche",-11,-39
14560,"descendez de cinquante-sept , puis allez de quarante-huit à gauche",-48,-57
14561,"descendez de trente-huit , puis allez de soixante-quatre à gauche",-64,-38
14562,"descendez de quarante-neuf , puis allez de quatre-vingt-dix-huit à gauche",-98,-49
14563,"descendez de quatre-vingt-sept , puis allez de trente-six à gauche",-36,-87
14564,"descendez de quatorze , puis allez de dix-neuf à gauche",-19,-14
14565,"descendez de quarante , puis allez de soixante-dix-sept à gauche",-77,-40
14566,"descendez de soixante-dix , puis allez de soixante-neuf à gauche",-69,-70
14567,"descendez de quatre-vingt-dix , puis allez de trente à gauche",-30,-90
14568,"descendez de deux , puis allez de onze à gauche",-11,-2
14569,"descendez de quatre-vingts , puis allez de trente-deux à gauche",-32,-80
14570,"descendez de cinquante-huit , puis allez de trente-cinq à gauche",-35,-58
14571,"descendez de soixante-quatorze , puis allez de soixante-dix-huit à gauche",-78,-74
14572,"descendez de vingt-sept , puis allez de neuf à gauche",-9,-27
14573,"descendez de soixante et un , puis allez de trente-quatre à gauche",-34,-61
14574,"descendez de soixante-trois , puis allez de quatre-vingt-un à gauche",-81,-63
14575,"descendez de quatre-vingt-sept , puis allez de quarante-sept à gauche",-47,-87
14576,"descendez de douze , puis allez de quatre-vingt-dix à gauche",-90,-12
14577,"descendez de soixante et onze , puis allez de trente-six à gauche",-36,-71
14578,"descendez de soixante-quatorze , puis allez de un à gauche",-1,-74
14579,"descendez de soixante-dix , puis allez de trois à gauche",-3,-70
14580,"descendez de quarante-cinq , puis allez de soixante-trois à gauche",-63,-45
14581,"descendez de quatre-vingt-dix-sept , puis allez de trente-quatre à gauche",-34,-97
14582,"descendez de trente-sept , puis allez de quarante-deux à gauche",-42,-37
14583,"descendez de seize , puis allez de dix-sept à gauche",-17,-16
14584,"descendez de quatre , puis allez de soixante-dix à gauche",-70,-4
14585,"descendez de huit , puis allez de dix-sept à gauche",-17,-8
14586,"descendez de quatre , puis allez de soixante-quinze à gauche",-75,-4
14587,"descendez de quatre-vingt-un , puis allez de vingt-six à gauche",-26,-81
14588,"descendez de trente-trois , puis allez de treize à gauche",-13,-33
14589,"descendez de huit , puis allez de cinquante-cinq à gauche",-55,-8
14590,"descendez de neuf , puis allez de quarante-deux à gauche",-42,-9
14591,"descendez de quatre-vingt-six , puis allez de vingt-huit à gauche",-28,-86
14592,"descendez de quatorze , puis allez de quarante-neuf à gauche",-49,-14
14593,"descendez de quatre-vingt-dix-huit , puis allez de quarante à gauche",-40,-98
14594,"descendez de deux , puis allez de soixante-cinq à gauche",-65,-2
14595,"descendez de quarante-deux , puis allez de quatre-vingt-trois à gauche",-83,-42
14596,"descendez de soixante-douze , puis allez de quatre-vingt-cinq à gauche",-85,-72
14597,"descendez de soixante-cinq , puis allez de cinquante-trois à gauche",-53,-65
14598,"descendez de trente-sept , puis allez de quatre-vingt-neuf à gauche",-89,-37
14599,"descendez de quatre-vingt-dix-sept , puis allez de quatre-vingt-onze à gauche",-91,-97
14600,"descendez de treize , puis allez de quatre-vingt-douze à gauche",-92,-13
14601,"descendez de cinquante-neuf , puis allez de quarante-deux à gauche",-42,-59
14602,"descendez de soixante , puis allez de quarante à gauche",-40,-60
14603,"descendez de onze , puis allez de dix à gauche",-10,-11
14604,"descendez de soixante-cinq , puis allez de quatre-vingt-onze à gauche",-91,-65
14605,"descendez de sept , puis allez de soixante-treize à gauche",-73,-7
14606,"descendez de neuf , puis allez de quarante à gauche",-40,-9
14607,"descendez de quatre-vingt-neuf , puis allez de quatre-vingt-trois à gauche",-83,-89
14608,"descendez de trente-trois , puis allez de quatre-vingt-dix-huit à gauche",-98,-33
14609,"descendez de trente-neuf , puis allez de huit à gauche",-8,-39
14610,"descendez de soixante-huit , puis allez de cinquante-sept à gauche",-57,-68
14611,"descendez de vingt , puis allez de quatre-vingt-dix-neuf à gauche",-99,-20
14612,"descendez de cinquante-deux , puis allez de cinquante à gauche",-50,-52
14613,"descendez de cinquante-neuf , puis allez de soixante-seize à gauche",-76,-59
14614,"descendez de soixante-dix-huit , puis allez de quinze à gauche",-15,-78
14615,"descendez de dix-neuf , puis allez de quatre-vingt-un à gauche",-81,-19
14616,"descendez de onze , puis allez de seize à gauche",-16,-11
14617,"descendez de un , puis allez de quatre-vingt-neuf à gauche",-89,-1
14618,"descendez de quarante-huit , puis allez de quarante-neuf à gauche",-49,-48
14619,"descendez de quatre-vingt-dix-neuf , puis allez de soixante et onze à gauche",-71,-99
14620,"descendez de vingt-six , puis allez de trente-six à gauche",-36,-26
14621,"descendez de vingt-cinq , puis allez de vingt-neuf à gauche",-29,-25
14622,"descendez de cinq , puis allez de quarante-deux à gauche",-42,-5
14623,"descendez de vingt-quatre , puis allez de treize à gauche",-13,-24
14624,"descendez de trente et un , puis allez de cinq à gauche",-5,-31
14625,"descendez de vingt et un , puis allez de vingt-cinq à gauche",-25,-21
14626,"descendez de soixante-douze , puis allez de cinquante-cinq à gauche",-55,-72
14627,"descendez de vingt-sept , puis allez de cinquante-six à gauche",-56,-27
14628,"descendez de deux , puis allez de trente-deux à gauche",-32,-2
14629,"descendez de sept , puis allez de quatre-vingt-dix-neuf à gauche",-99,-7
14630,"descendez de cinquante-sept , puis allez de quatre-vingt-six à gauche",-86,-57
14631,"descendez de cinquante-sept , puis allez de quarante et un à gauche",-41,-57
14632,"descendez de trente et un , puis allez de quatre-vingt-un à gauche",-81,-31
14633,"descendez de vingt-cinq , puis allez de vingt-cinq à gauche",-25,-25
14634,"descendez de quarante , puis allez de soixante-sept à gauche",-67,-40
14635,"descendez de soixante et onze , puis allez de un à gauche",-1,-71
14636,"descendez de quatre-vingt-huit , puis allez de six à gauche",-6,-88
14637,"descendez de soixante-cinq , puis allez de quatre-vingt-six à gauche",-86,-65
14638,"descendez de soixante-dix-neuf , puis allez de soixante-dix-huit à gauche",-78,-79
14639,"descendez de quarante et un , puis allez de quatre-vingt-quatre à gauche",-84,-41
14640,"descendez de cinquante , puis allez de quarante-trois à gauche",-43,-50
14641,"descendez de quatre-vingt-neuf , puis allez de quatre-vingt-dix-neuf à gauche",-99,-89
14642,"descendez de soixante-huit , puis allez de quarante et un à gauche",-41,-68
14643,"descendez de quatre-vingt-quinze , puis allez de soixante-sept à gauche",-67,-95
14644,"descendez de neuf , puis allez de quarante-cinq à gauche",-45,-9
14645,"descendez de quatre-vingt-huit , puis allez de quarante-six à gauche",-46,-88
14646,"descendez de huit , puis allez de un à gauche",-1,-8
14647,"descendez de quatre-vingt-trois , puis allez de quatre-vingt-dix-huit à gauche",-98,-83
14648,"descendez de douze , puis allez de quarante et un à gauche",-41,-12
14649,"descendez de quatre-vingt-dix-sept , puis allez de cinquante-trois à gauche",-53,-97
14650,"descendez de cinquante-cinq , puis allez de soixante-neuf à gauche",-69,-55
14651,"descendez de soixante-deux , puis allez de soixante-dix à gauche",-70,-62
14652,"descendez de trente-six , puis allez de onze à gauche",-11,-36
14653,"descendez de cent , puis allez de quatre-vingt-onze à gauche",-91,-100
14654,"descendez de dix-sept , puis allez de quatre-vingt-quinze à gauche",-95,-17
14655,"descendez de quatorze , puis allez de quinze à gauche",-15,-14
14656,"descendez de quatre-vingt-six , puis allez de vingt-neuf à gauche",-29,-86
14657,"descendez de quatre-vingts , puis allez de quarante-neuf à gauche",-49,-80
14658,"descendez de vingt et un , puis allez de soixante-trois à gauche",-63,-21
14659,"descendez de quatorze , puis allez de quatre-vingt-six à gauche",-86,-14
14660,"descendez de quarante et un , puis allez de cinquante-deux à gauche",-52,-41
14661,"descendez de trente-deux , puis allez de soixante-quatorze à gauche",-74,-32
14662,"descendez de quatre-vingts , puis allez de soixante-huit à gauche",-68,-80
14663,"descendez de vingt , puis allez de soixante à gauche",-60,-20
14664,"descendez de trente-six , puis allez de quarante-sept à gauche",-47,-36
14665,"descendez de quarante-huit , puis allez de vingt-huit à gauche",-28,-48
14666,"descendez de cinquante-huit , puis allez de quatre-vingt-dix-huit à gauche",-98,-58
14667,"descendez de dix-neuf , puis allez de quatre-vingt-quatre à gauche",-84,-19
14668,"descendez de quatre-vingt-dix-neuf , puis allez de cinquante-quatre à gauche",-54,-99
14669,"descendez de cinquante-cinq , puis allez de vingt-quatre à gauche",-24,-55
14670,"descendez de quatre-vingt-dix , puis allez de soixante-neuf à gauche",-69,-90
14671,"descendez de quarante-trois , puis allez de quarante-huit à gauche",-48,-43
14672,"descendez de quatre-vingt-dix-sept , puis allez de cinquante-six à gauche",-56,-97
14673,"descendez de soixante-quatre , puis allez de soixante-dix-sept à gauche",-77,-64
14674,"descendez de soixante-douze , puis allez de vingt-neuf à gauche",-29,-72
14675,"descendez de quatre-vingt-quinze , puis allez de quatre-vingt-onze à gauche",-91,-95
14676,"descendez de vingt-deux , puis allez de cinquante-neuf à gauche",-59,-22
14677,"descendez de trente-sept , puis allez de six à gauche",-6,-37
14678,"descendez de quatre-vingt-treize , puis allez de vingt-trois à gauche",-23,-93
14679,"descendez de trente-quatre , puis allez de trente-quatre à gauche",-34,-34
14680,"descendez de dix-sept , puis allez de trois à gauche",-3,-17
14681,"descendez de trente-neuf , puis allez de soixante et un à gauche",-61,-39
14682,"descendez de quatre-vingt-cinq , puis allez de quarante-quatre à gauche",-44,-85
14683,"descendez de soixante-seize , puis allez de douze à gauche",-12,-76
14684,"descendez de neuf , puis allez de vingt-sept à gauche",-27,-9
14685,"descendez de six , puis allez de quatre-vingt-deux à gauche",-82,-6
14686,"descendez de cinquante-neuf , puis allez de soixante-trois à gauche",-63,-59
14687,"descendez de dix-neuf , puis allez de vingt-sept à gauche",-27,-19
14688,"descendez de vingt et un , puis allez de sept à gauche",-7,-21
14689,"descendez de soixante-douze , puis allez de quatre-vingt-huit à gauche",-88,-72
14690,"descendez de quinze , puis allez de soixante-deux à gauche",-62,-15
14691,"descendez de quarante , puis allez de vingt-deux à gauche",-22,-40
14692,"descendez de soixante-quatre , puis allez de cinquante-six à gauche",-56,-64
14693,"descendez de quatre-vingt-quatre , puis allez de quatre-vingt-dix à gauche",-90,-84
14694,"descendez de vingt-trois , puis allez de trente-neuf à gauche",-39,-23
14695,"descendez de quatre-vingt-dix-neuf , puis allez de soixante-deux à gauche",-62,-99
14696,"descendez de quarante-sept , puis allez de vingt-sept à gauche",-27,-47
14697,"descendez de cinquante-deux , puis allez de quatre-vingts à gauche",-80,-52
14698,"descendez de cinquante-cinq , puis allez de deux à gauche",-2,-55
14699,"descendez de quatre-vingt-dix , puis allez de quarante-quatre à gauche",-44,-90
14700,"descendez de dix-sept , puis allez de soixante-seize à gauche",-76,-17
14701,"descendez de vingt , puis allez de vingt-quatre à gauche",-24,-20
14702,"descendez de vingt-neuf , puis allez de trente et un à gauche",-31,-29
14703,"descendez de soixante-dix-neuf , puis allez de cinquante-trois à gauche",-53,-79
14704,"descendez de quarante-cinq , puis allez de soixante-quatorze à gauche",-74,-45
14705,"descendez de vingt-six , puis allez de quatre-vingt-onze à gauche",-91,-26
14706,"descendez de vingt-sept , puis allez de vingt-deux à gauche",-22,-27
14707,"descendez de quatre-vingt-six , puis allez de quatre-vingt-dix à gauche",-90,-86
14708,"descendez de soixante-neuf , puis allez de vingt-neuf à gauche",-29,-69
14709,"descendez de soixante-dix-huit , puis allez de trente à gauche",-30,-78
14710,"descendez de quarante et un , puis allez de trente à gauche",-30,-41
14711,"descendez de quatorze , puis allez de quarante-neuf à gauche",-49,-14
14712,"descendez de cinquante-huit , puis allez de soixante-cinq à gauche",-65,-58
14713,"descendez de soixante et un , puis allez de soixante-treize à gauche",-73,-61
14714,"descendez de soixante-neuf , puis allez de seize à gauche",-16,-69
14715,"descendez de trente et un , puis allez de trente et un à gauche",-31,-31
14716,"descendez de quatre-vingt-douze , puis allez de soixante-quinze à gauche",-75,-92
14717,"descendez de quarante , puis allez de cinquante-neuf à gauche",-59,-40
14718,"descendez de quatre-vingt-huit , puis allez de vingt-quatre à gauche",-24,-88
14719,"descendez de quatre-vingt-onze , puis allez de soixante-douze à gauche",-72,-91
14720,"descendez de quarante , puis allez de soixante-dix à gauche",-70,-40
14721,"descendez de soixante-trois , puis allez de cinq à gauche",-5,-63
14722,"descendez de quatre-vingt-quatorze , puis allez de soixante-treize à gauche",-73,-94
14723,"descendez de quarante-six , puis allez de vingt-trois à gauche",-23,-46
14724,"descendez de quarante-cinq , puis allez de seize à gauche",-16,-45
14725,"descendez de cinquante-sept , puis allez de deux à gauche",-2,-57
14726,"descendez de dix-huit , puis allez de trente-six à gauche",-36,-18
14727,"descendez de cinquante-sept , puis allez de dix-huit à gauche",-18,-57
14728,"descendez de sept , puis allez de quarante-huit à gauche",-48,-7
14729,"descendez de soixante-deux , puis allez de quinze à gauche",-15,-62
14730,"descendez de trente-deux , puis allez de cinquante-trois à gauche",-53,-32
14731,"descendez de cinquante , puis allez de soixante-dix-neuf à gauche",-79,-50
14732,"descendez de soixante-dix , puis allez de soixante-quatorze à gauche",-74,-70
14733,"descendez de quarante-neuf , puis allez de vingt et un à gauche",-21,-49
14734,"descendez de cinquante-six , puis allez de soixante-douze à gauche",-72,-56
14735,"descendez de vingt , puis allez de vingt-huit à gauche",-28,-20
14736,"descendez de douze , puis allez de soixante-dix-huit à gauche",-78,-12
14737,"descendez de soixante-treize , puis allez de deux à gauche",-2,-73
14738,"descendez de quarante-neuf , puis allez de quatre-vingt-quatorze à gauche",-94,-49
14739,"descendez de trente-cinq , puis allez de quatre-vingt-dix-sept à gauche",-97,-35
14740,"descendez de quatorze , puis allez de quarante-huit à gauche",-48,-14
14741,"descendez de cinq , puis allez de soixante-sept à gauche",-67,-5
14742,"descendez de cinquante , puis allez de quatre-vingt-dix-neuf à gauche",-99,-50
14743,"descendez de quatre-vingt-cinq , puis allez de trente à gauche",-30,-85
14744,"descendez de quatre-vingt-onze , puis allez de soixante-huit à gauche",-68,-91
14745,"descendez de quarante-sept , puis allez de quarante-quatre à gauche",-44,-47
14746,"descendez de quarante-trois , puis allez de trente-six à gauche",-36,-43
14747,"descendez de soixante-quatorze , puis allez de dix à gauche",-10,-74
14748,"descendez de trente , puis allez de vingt-trois à gauche",-23,-30
14749,"descendez de cinquante , puis allez de quatre-vingts à gauche",-80,-50
14750,"descendez de trente-six , puis allez de trente à gauche",-30,-36
14751,"descendez de quatre-vingt-six , puis allez de douze à gauche",-12,-86
14752,"descendez de quatre-vingt-deux , puis allez de cinquante-quatre à gauche",-54,-82
14753,"descendez de sept , puis allez de quatre-vingt-huit à gauche",-88,-7
14754,"descendez de cinquante , puis allez de soixante-dix-neuf à gauche",-79,-50
14755,"descendez de cinquante-six , puis allez de un à gauche",-1,-56
14756,"descendez de quinze , puis allez de vingt-cinq à gauche",-25,-15
14757,"descendez de vingt-six , puis allez de trente-cinq à gauche",-35,-26
14758,"descendez de trente-neuf , puis allez de quinze à gauche",-15,-39
14759,"descendez de vingt-cinq , puis allez de quarante-quatre à gauche",-44,-25
14760,"descendez de soixante-neuf , puis allez de quatre-vingts à gauche",-80,-69
14761,"descendez de quarante-quatre , puis allez de quatre-vingt-dix-neuf à gauche",-99,-44
14762,"descendez de deux , puis allez de six à gauche",-6,-2
14763,"descendez de quatre-vingt-deux , puis allez de trente-deux à gauche",-32,-82
14764,"descendez de dix-sept , puis allez de soixante-dix-neuf à gauche",-79,-17
14765,"descendez de quatre-vingt-seize , puis allez de un à gauche",-1,-96
14766,"descendez de trente-neuf , puis allez de huit à gauche",-8,-39
14767,"descendez de deux , puis allez de quatre-vingt-un à gauche",-81,-2
14768,"descendez de quinze , puis allez de cinquante et un à gauche",-51,-15
14769,"descendez de quarante-six , puis allez de quatre-vingt-un à gauche",-81,-46
14770,"descendez de cinquante et un , puis allez de cent à gauche",-100,-51
14771,"descendez de soixante , puis allez de quatre-vingt-deux à gauche",-82,-60
14772,"descendez de vingt-sept , puis allez de cinquante-quatre à gauche",-54,-27
14773,"descendez de dix-sept , puis allez de trente-deux à gauche",-32,-17
14774,"descendez de quarante-neuf , puis allez de quatre-vingt-onze à gauche",-91,-49
14775,"descendez de cinquante-trois , puis allez de soixante-quatre à gauche",-64,-53
14776,"descendez de cinquante , puis allez de cinquante-sept à gauche",-57,-50
14777,"descendez de cinquante-trois , puis allez de quatre-vingt-dix-sept à gauche",-97,-53
14778,"descendez de quarante-sept , puis allez de vingt-quatre à gauche",-24,-47
14779,"descendez de trente-deux , puis allez de cinquante-neuf à gauche",-59,-32
14780,"descendez de quatre-vingt-seize , puis allez de soixante-quinze à gauche",-75,-96
14781,"descendez de vingt-neuf , puis allez de soixante-neuf à gauche",-69,-29
14782,"descendez de trente-deux , puis allez de cinquante-neuf à gauche",-59,-32
14783,"descendez de soixante-quatorze , puis allez de soixante-dix-sept à gauche",-77,-74
14784,"descendez de soixante-dix-huit , puis allez de trente-six à gauche",-36,-78
14785,"descendez de soixante-dix-huit , puis allez de quatre-vingt-neuf à gauche",-89,-78
14786,"descendez de cinquante-deux , puis allez de un à gauche",-1,-52
14787,"descendez de six , puis allez de soixante-quatre à gauche",-64,-6
14788,"descendez de quatre-vingt-treize , puis allez de vingt-deux à gauche",-22,-93
14789,"descendez de soixante-cinq , puis allez de quatre-vingt-quatorze à gauche",-94,-65
14790,"descendez de cinquante-six , puis allez de quarante à gauche",-40,-56
14791,"descendez de cinquante-six , puis allez de soixante-dix à gauche",-70,-56
14792,"descendez de trente-cinq , puis allez de cinquante-huit à gauche",-58,-35
14793,"descendez de quarante-six , puis allez de un à gauche",-1,-46
14794,"descendez de sept , puis allez de sept à gauche",-7,-7
14795,"descendez de quatre-vingt-six , puis allez de quatre-vingt-un à gauche",-81,-86
14796,"descendez de cent , puis allez de quatre à gauche",-4,-100
14797,"descendez de soixante-dix-neuf , puis allez de quarante-trois à gauche",-43,-79
14798,"descendez de neuf , puis allez de quatre-vingt-quatre à gauche",-84,-9
14799,"descendez de cinquante-neuf , puis allez de quatre-vingt-trois à gauche",-83,-59
14800,"descendez de soixante-huit , puis allez de vingt-neuf à gauche",-29,-68
14801,"descendez de soixante , puis allez de quatre-vingt-quatorze à gauche",-94,-60
14802,"descendez de quatre-vingt-sept , puis allez de cinquante-neuf à gauche",-59,-87
14803,"descendez de quatre-vingt-treize , puis allez de vingt-deux à gauche",-22,-93
14804,"descendez de soixante-huit , puis allez de dix-huit à gauche",-18,-68
14805,"descendez de vingt , puis allez de dix-huit à gauche",-18,-20
14806,"descendez de soixante-six , puis allez de cinquante-quatre à gauche",-54,-66
14807,"descendez de quarante-deux , puis allez de cinquante-trois à gauche",-53,-42
14808,"descendez de quatre-vingt-dix-huit , puis allez de soixante et onze à gauche",-71,-98
14809,"descendez de quatre-vingt-huit , puis allez de vingt-neuf à gauche",-29,-88
14810,"descendez de cinquante et un , puis allez de seize à gauche",-16,-51
14811,"descendez de sept , puis allez de quarante-cinq à gauche",-45,-7
14812,"descendez de quarante , puis allez de trente-cinq à gauche",-35,-40
14813,"descendez de un , puis allez de seize à gauche",-16,-1
14814,"descendez de soixante , puis allez de soixante à gauche",-60,-60
14815,"descendez de soixante et un , puis allez de soixante-six à gauche",-66,-61
14816,"descendez de quatre-vingt-deux , puis allez de soixante et onze à gauche",-71,-82
14817,"descendez de quatre-vingt-six , puis allez de quatre-vingt-trois à gauche",-83,-86
14818,"descendez de cinquante-trois , puis allez de quatre-vingt-cinq à gauche",-85,-53
14819,"descendez de six , puis allez de treize à gauche",-13,-6
14820,"descendez de cinq , puis allez de dix-sept à gauche",-17,-5
14821,"descendez de un , puis allez de cinquante et un à gauche",-51,-1
14822,"descendez de cinquante-six , puis allez de quatre-vingt-trois à gauche",-83,-56
14823,"descendez de cinquante-neuf , puis allez de vingt-huit à gauche",-28,-59
14824,"descendez de dix-huit , puis allez de quatre-vingt-seize à gauche",-96,-18
14825,"descendez de quarante , puis allez de vingt et un à gauche",-21,-40
14826,"descendez de trente et un , puis allez de cinquante-sept à gauche",-57,-31
14827,"descendez de quarante-neuf , puis allez de quatre-vingt-treize à gauche",-93,-49
14828,"descendez de seize , puis allez de quatre à gauche",-4,-16
14829,"descendez de vingt-neuf , puis allez de dix-huit à gauche",-18,-29
14830,"descendez de soixante-quatorze , puis allez de quatre-vingt-quatorze à gauche",-94,-74
14831,"descendez de six , puis allez de soixante-trois à gauche",-63,-6
14832,"descendez de vingt-six , puis allez de quatre-vingt-un à gauche",-81,-26
14833,"descendez de trente-deux , puis allez de quarante-deux à gauche",-42,-32
14834,"descendez de douze , puis allez de quarante-cinq à gauche",-45,-12
14835,"descendez de quatre-vingt-deux , puis allez de dix-huit à gauche",-18,-82
14836,"descendez de quatre-vingt-deux , puis allez de quarante-cinq à gauche",-45,-82
14837,"descendez de cinquante-cinq , puis allez de quatre à gauche",-4,-55
14838,"descendez de cinquante-huit , puis allez de quarante-deux à gauche",-42,-58
14839,"descendez de soixante-dix-sept , puis allez de quarante-cinq à gauche",-45,-77
14840,"descendez de huit , puis allez de quatre-vingt-huit à gauche",-88,-8
14841,"descendez de vingt-deux , puis allez de soixante-sept à gauche",-67,-22
14842,"descendez de soixante-six , puis allez de quatre-vingts à gauche",-80,-66
14843,"descendez de quarante-six , puis allez de dix-neuf à gauche",-19,-46
14844,"descendez de quarante-huit , puis allez de trente-quatre à gauche",-34,-48
14845,"descendez de quarante-neuf , puis allez de six à gauche",-6,-49
14846,"descendez de quatre-vingt-quatre , puis allez de quatre-vingt-cinq à gauche",-85,-84
14847,"descendez de soixante-trois , puis allez de soixante-dix-neuf à gauche",-79,-63
14848,"descendez de quarante-trois , puis allez de soixante-douze à gauche",-72,-43
14849,"descendez de vingt-trois , puis allez de huit à gauche",-8,-23
14850,"descendez de vingt-sept , puis allez de quatre à gauche",-4,-27
14851,"descendez de quarante-quatre , puis allez de soixante-seize à gauche",-76,-44
14852,"descendez de trente-sept , puis allez de trente et un à gauche",-31,-37
14853,"descendez de quatre-vingt-dix-sept , puis allez de six à gauche",-6,-97
14854,"descendez de vingt-huit , puis allez de soixante-quatre à gauche",-64,-28
14855,"descendez de soixante-neuf , puis allez de cinquante et un à gauche",-51,-69
14856,"descendez de cinquante-quatre , puis allez de quarante-six à gauche",-46,-54
14857,"descendez de douze , puis allez de quatre-vingt-treize à gauche",-93,-12
14858,"descendez de vingt-deux , puis allez de dix à gauche",-10,-22
14859,"descendez de soixante et un , puis allez de quatre-vingt-dix-neuf à gauche",-99,-61
14860,"descendez de six , puis allez de soixante-six à gauche",-66,-6
14861,"descendez de quatre-vingt-dix , puis allez de quatre-vingt-six à gauche",-86,-90
14862,"descendez de quatre-vingt-neuf , puis allez de dix-huit à gauche",-18,-89
14863,"descendez de quatre-vingt-quatorze , puis allez de dix-huit à gauche",-18,-94
14864,"descendez de quatre-vingt-douze , puis allez de quarante-sept à gauche",-47,-92
14865,"descendez de treize , puis allez de soixante-huit à gauche",-68,-13
14866,"descendez de douze , puis allez de vingt-deux à gauche",-22,-12
14867,"descendez de soixante-trois , puis allez de quatre-vingt-quatorze à gauche",-94,-63
14868,"descendez de dix-huit , puis allez de quarante-trois à gauche",-43,-18
14869,"descendez de cinquante et un , puis allez de vingt à gauche",-20,-51
14870,"descendez de soixante et un , puis allez de vingt et un à gauche",-21,-61
14871,"descendez de onze , puis allez de soixante-quatre à gauche",-64,-11
14872,"descendez de quatre-vingt-trois , puis allez de soixante-neuf à gauche",-69,-83
14873,"descendez de trente-quatre , puis allez de trente-trois à gauche",-33,-34
14874,"descendez de dix-sept , puis allez de vingt à gauche",-20,-17
14875,"descendez de quatre-vingt-douze , puis allez de quatre-vingt-six à gauche",-86,-92
14876,"descendez de quatre-vingt-sept , puis allez de quatre-vingt-quinze à gauche",-95,-87
14877,"descendez de trente-quatre , puis allez de quarante-neuf à gauche",-49,-34
14878,"descendez de quatre-vingt-cinq , puis allez de huit à gauche",-8,-85
14879,"descendez de un , puis allez de trente et un à gauche",-31,-1
14880,"descendez de quatre-vingt-treize , puis allez de vingt-six à gauche",-26,-93
14881,"descendez de quatre-vingt-douze , puis allez de soixante-huit à gauche",-68,-92
14882,"descendez de quarante-deux , puis allez de cinquante-trois à gauche",-53,-42
14883,"descendez de vingt , puis allez de trente et un à gauche",-31,-20
14884,"descendez de neuf , puis allez de seize à gauche",-16,-9
14885,"descendez de quatre-vingt-huit , puis allez de quatre-vingt-quatorze à gauche",-94,-88
14886,"descendez de vingt-cinq , puis allez de quatre-vingt-un à gauche",-81,-25
14887,"descendez de soixante , puis allez de soixante-quinze à gauche",-75,-60
14888,"descendez de soixante-douze , puis allez de vingt-neuf à gauche",-29,-72
14889,"descendez de quatre-vingt-six , puis allez de quatre-vingt-quinze à gauche",-95,-86
14890,"descendez de soixante-dix , puis allez de seize à gauche",-16,-70
14891,"descendez de soixante-dix-huit , puis allez de cinquante-trois à gauche",-53,-78
14892,"descendez de vingt-huit , puis allez de quatorze à gauche",-14,-28
14893,"descendez de soixante , puis allez de trente à gauche",-30,-60
14894,"descendez de cinquante-huit , puis allez de quatre à gauche",-4,-58
14895,"descendez de quatre-vingt-six , puis allez de soixante-quatre à gauche",-64,-86
14896,"descendez de soixante et un , puis allez de treize à gauche",-13,-61
14897,"descendez de trente-six , puis allez de soixante-treize à gauche",-73,-36
14898,"descendez de cent , puis allez de quinze à gauche",-15,-100
14899,"descendez de cinquante-six , puis allez de soixante à gauche",-60,-56
14900,"descendez de vingt-six , puis allez de quatre-vingt-quinze à gauche",-95,-26
14901,"descendez de dix-neuf , puis allez de trente-sept à gauche",-37,-19
14902,"descendez de douze , puis allez de quatre-vingt-huit à gauche",-88,-12
14903,"descendez de soixante-dix , puis allez de quatre-vingt-six à gauche",-86,-70
14904,"descendez de soixante-neuf , puis allez de quatre-vingt-deux à gauche",-82,-69
14905,"descendez de cinquante-neuf , puis allez de quarante-quatre à gauche",-44,-59
14906,"descendez de soixante-dix-neuf , puis allez de quarante-six à gauche",-46,-79
14907,"descendez de quarante-quatre , puis allez de onze à gauche",-11,-44
14908,"descendez de soixante-quatre , puis allez de quatre-vingt-dix-sept à gauche",-97,-64
14909,"descendez de trois , puis allez de vingt-cinq à gauche",-25,-3
14910,"descendez de quatre-vingt-dix-sept , puis allez de quatre-vingt-dix à gauche",-90,-97
14911,"descendez de quatre-vingt-onze , puis allez de cinquante à gauche",-50,-91
14912,"descendez de soixante-dix-neuf , puis allez de soixante-dix-huit à gauche",-78,-79
14913,"descendez de quatre-vingt-cinq , puis allez de soixante-treize à gauche",-73,-85
14914,"descendez de dix-sept , puis allez de soixante-deux à gauche",-62,-17
14915,"descendez de quinze , puis allez de vingt-sept à gauche",-27,-15
14916,"descendez de quarante-six , puis allez de soixante-huit à gauche",-68,-46
14917,"descendez de cinquante-cinq , puis allez de soixante et onze à gauche",-71,-55
14918,"descendez de quarante et un , puis allez de quarante-quatre à gauche",-44,-41
14919,"descendez de soixante-quinze , puis allez de trente-quatre à gauche",-34,-75
14920,"descendez de quatre-vingt-deux , puis allez de quarante-huit à gauche",-48,-82
14921,"descendez de vingt-sept , puis allez de quatre-vingts à gauche",-80,-27
14922,"descendez de vingt-quatre , puis allez de dix-neuf à gauche",-19,-24
14923,"descendez de trois , puis allez de quatre-vingts à gauche",-80,-3
14924,"descendez de vingt-trois , puis allez de quatre-vingt-douze à gauche",-92,-23
14925,"descendez de quarante-six , puis allez de deux à gauche",-2,-46
14926,"descendez de quatre-vingt-neuf , puis allez de quatre-vingt-dix à gauche",-90,-89
14927,"descendez de soixante-cinq , puis allez de soixante-quinze à gauche",-75,-65
14928,"descendez de quatre-vingt-seize , puis allez de soixante-six à gauche",-66,-96
14929,"descendez de quatre-vingt-dix , puis allez de trente-six à gauche",-36,-90
14930,"descendez de seize , puis allez de cinq à gauche",-5,-16
14931,"descendez de soixante-six , puis allez de soixante-treize à gauche",-73,-66
14932,"descendez de trente-huit , puis allez de soixante-dix-huit à gauche",-78,-38
14933,"descendez de cinquante-huit , puis allez de cinq à gauche",-5,-58
14934,"descendez de cinquante-neuf , puis allez de quarante et un à gauche",-41,-59
14935,"descendez de quatre-vingt-dix-sept , puis allez de quarante à gauche",-40,-97
14936,"descendez de soixante et un , puis allez de quatre-vingt-dix-huit à gauche",-98,-61
14937,"descendez de trente-quatre , puis allez de cinquante-neuf à gauche",-59,-34
14938,"descendez de huit , puis allez de quarante-quatre à gauche",-44,-8
14939,"descendez de quatre-vingt-cinq , puis allez de quarante-quatre à gauche",-44,-85
14940,"descendez de soixante-quatorze , puis allez de trente-cinq à gauche",-35,-74
14941,"descendez de quarante et un , puis allez de soixante-dix-sept à gauche",-77,-41
14942,"descendez de seize , puis allez de quinze à gauche",-15,-16
14943,"descendez de soixante et onze , puis allez de vingt-trois à gauche",-23,-71
14944,"descendez de trente-trois , puis allez de quatre-vingt-trois à gauche",-83,-33
14945,"descendez de trente-six , puis allez de soixante-cinq à gauche",-65,-36
14946,"descendez de deux , puis allez de soixante-quatre à gauche",-64,-2
14947,"descendez de quatre , puis allez de vingt-quatre à gauche",-24,-4
14948,"descendez de soixante-dix-huit , puis allez de huit à gauche",-8,-78
14949,"descendez de cinquante-deux , puis allez de cinquante-quatre à gauche",-54,-52
14950,"descendez de cinquante-quatre , puis allez de quatre-vingt-douze à gauche",-92,-54
14951,"descendez de vingt-trois , puis allez de soixante-six à gauche",-66,-23
14952,"descendez de quarante et un , puis allez de soixante-quatre à gauche",-64,-41
14953,"descendez de quatre-vingt-onze , puis allez de trente à gauche",-30,-91
14954,"descendez de cinquante , puis allez de soixante-cinq à gauche",-65,-50
14955,"descendez de soixante-sept , puis allez de trente et un à gauche",-31,-67
14956,"descendez de soixante-sept , puis allez de vingt-neuf à gauche",-29,-67
14957,"descendez de soixante et un , puis allez de quatre-vingt-sept à gauche",-87,-61
14958,"descendez de quarante-neuf , puis allez de soixante-neuf à gauche",-69,-49
14959,"descendez de quarante-quatre , puis allez de un à gauche",-1,-44
14960,"descendez de cinquante , puis allez de quatre-vingt-un à gauche",-81,-50
14961,"descendez de soixante et onze , puis allez de sept à gauche",-7,-71
14962,"descendez de soixante-quinze , puis allez de cinquante-cinq à gauche",-55,-75
14963,"descendez de quinze , puis allez de quatre-vingt-douze à gauche",-92,-15
14964,"descendez de seize , puis allez de quatre-vingt-neuf à gauche",-89,-16
14965,"descendez de quatre-vingt-deux , puis allez de trente et un à gauche",-31,-82
14966,"descendez de treize , puis allez de trente à gauche",-30,-13
14967,"descendez de quatre-vingt-quatre , puis allez de cinquante-neuf à gauche",-59,-84
14968,"descendez de neuf , puis allez de cinquante et un à gauche",-51,-9
14969,"descendez de cinquante-six , puis allez de quatre-vingt-quatorze à gauche",-94,-56
14970,"descendez de dix-huit , puis allez de treize à gauche",-13,-18
14971,"descendez de soixante-treize , puis allez de un à gauche",-1,-73
14972,"descendez de cinquante-cinq , puis allez de trente-deux à gauche",-32,-55
14973,"descendez de soixante-dix , puis allez de soixante-neuf à gauche",-69,-70
14974,"descendez de quatre-vingt-deux , puis allez de trois à gauche",-3,-82
14975,"descendez de vingt , puis allez de trente-neuf à gauche",-39,-20
14976,"descendez de trente-neuf , puis allez de quarante-sept à gauche",-47,-39
14977,"descendez de cinquante et un , puis allez de cinq à gauche",-5,-51
14978,"descendez de quatre-vingt-dix-neuf , puis allez de quatre-vingt-six à gauche",-86,-99
14979,"descendez de douze , puis allez de cinquante-trois à gauche",-53,-12
14980,"descendez de soixante-six , puis allez de vingt-quatre à gauche",-24,-66
14981,"descendez de soixante-trois , puis allez de soixante et un à gauche",-61,-63
14982,"descendez de cinquante-sept , puis allez de onze à gauche",-11,-57
14983,"descendez de soixante-quatorze , puis allez de soixante-seize à gauche",-76,-74
14984,"descendez de dix-sept , puis allez de trente-trois à gauche",-33,-17
14985,"descendez de trente-deux , puis allez de soixante-quinze à gauche",-75,-32
14986,"descendez de trente-six , puis allez de quatorze à gauche",-14,-36
14987,"descendez de cinquante , puis allez de quarante-huit à gauche",-48,-50
14988,"descendez de quatorze , puis allez de quatre-vingt-dix-neuf à gauche",-99,-14
14989,"descendez de dix-sept , puis allez de treize à gauche",-13,-17
14990,"descendez de douze , puis allez de soixante-dix-neuf à gauche",-79,-12
14991,"descendez de trente-deux , puis allez de quatre à gauche",-4,-32
14992,"descendez de quatre-vingt-un , puis allez de quinze à gauche",-15,-81
14993,"descendez de soixante-quatorze , puis allez de cent à gauche",-100,-74
14994,"descendez de soixante et un , puis allez de vingt-neuf à gauche",-29,-61
14995,"descendez de neuf , puis allez de quarante-six à gauche",-46,-9
14996,"descendez de quarante-six , puis allez de soixante-quatorze à gauche",-74,-46
14997,"descendez de vingt-deux , puis allez de quatre-vingt-dix-neuf à gauche",-99,-22
14998,"descendez de vingt-neuf , puis allez de quatre-vingt-huit à gauche",-88,-29
14999,"descendez de cinquante-sept , puis allez de quatre-vingt-trois à gauche",-83,-57
15000,"descendez de vingt-huit , puis allez de quarante-sept à droite",47,-28
15001,"descendez de quarante-trois , puis allez de soixante-huit à droite",68,-43
15002,"descendez de quarante-neuf , puis allez de soixante-douze à droite",72,-49
15003,"descendez de cinquante-neuf , puis allez de cinquante-trois à droite",53,-59
15004,"descendez de soixante-quatre , puis allez de trente-quatre à droite",34,-64
15005,"descendez de trente-quatre , puis allez de cinquante-neuf à droite",59,-34
15006,"descendez de soixante-deux , puis allez de cinq à droite",5,-62
15007,"descendez de soixante-cinq , puis allez de quatre-vingt-quatre à droite",84,-65
15008,"descendez de quarante et un , puis allez de quatre-vingt-quinze à droite",95,-41
15009,"descendez de quarante-sept , puis allez de huit à droite",8,-47
15010,"descendez de vingt-six , puis allez de quarante-neuf à droite",49,-26
15011,"descendez de soixante-quinze , puis allez de quatre à droite",4,-75
15012,"descendez de vingt-six , puis allez de dix à droite",10,-26
15013,"descendez de douze , puis allez de soixante et un à droite",61,-12
15014,"descendez de soixante-dix-sept , puis allez de quatre-vingt-six à droite",86,-77
15015,"descendez de soixante-cinq , puis allez de trente-cinq à droite",35,-65
15016,"descendez de seize , puis allez de soixante-cinq à droite",65,-16
15017,"descendez de quatre-vingt-treize , puis allez de quatre à droite",4,-93
15018,"descendez de soixante , puis allez de cinq à droite",5,-60
15019,"descendez de vingt-quatre , puis allez de onze à droite",11,-24
15020,"descendez de vingt-quatre , puis allez de quarante-cinq à droite",45,-24
15021,"descendez de quatre-vingt-seize , puis allez de quarante-trois à droite",43,-96
15022,"descendez de quarante-cinq , puis allez de cinquante-six à droite",56,-45
15023,"descendez de vingt-cinq , puis allez de treize à droite",13,-25
15024,"descendez de deux , puis allez de soixante-quinze à droite",75,-2
15025,"descendez de quarante-deux , puis allez de treize à droite",13,-42
15026,"descendez de onze , puis allez de vingt-huit à droite",28,-11
15027,"descendez de quarante-cinq , puis allez de soixante-quatorze à droite",74,-45
15028,"descendez de trente et un , puis allez de vingt et un à droite",21,-31
15029,"descendez de cinquante-cinq , puis allez de quatre-vingts à droite",80,-55
15030,"descendez de vingt-quatre , puis allez de quarante-huit à droite",48,-24
15031,"descendez de soixante-treize , puis allez de quatre-vingt-un à droite",81,-73
15032,"descendez de quarante-neuf , puis allez de quatre-vingt-quatre à droite",84,-49
15033,"descendez de cinquante-sept , puis allez de quatre-vingt-six à droite",86,-57
15034,"descendez de treize , puis allez de soixante-dix-sept à droite",77,-13
15035,"descendez de quatre-vingt-huit , puis allez de quarante-deux à droite",42,-88
15036,"descendez de dix-sept , puis allez de huit à droite",8,-17
15037,"descendez de vingt-quatre , puis allez de soixante-quatre à droite",64,-24
15038,"descendez de douze , puis allez de vingt-cinq à droite",25,-12
15039,"descendez de dix-sept , puis allez de vingt-sept à droite",27,-17
15040,"descendez de quatre-vingt-dix-neuf , puis allez de treize à droite",13,-99
15041,"descendez de vingt , puis allez de cinquante-cinq à droite",55,-20
15042,"descendez de cent , puis allez de soixante-dix-huit à droite",78,-100
15043,"descendez de soixante-quinze , puis allez de quatre-vingt-cinq à droite",85,-75
15044,"descendez de quatre-vingt-un , puis allez de cinquante-cinq à droite",55,-81
15045,"descendez de quatre-vingt-quinze , puis allez de soixante-dix-neuf à droite",79,-95
15046,"descendez de trente-quatre , puis allez de cinquante à droite",50,-34
15047,"descendez de trente-trois , puis allez de quatre-vingt-six à droite",86,-33
15048,"descendez de soixante-huit , puis allez de quatre-vingt-sept à droite",87,-68
15049,"descendez de quatre-vingt-douze , puis allez de quarante-sept à droite",47,-92
15050,"descendez de trente et un , puis allez de quatre-vingt-dix-huit à droite",98,-31
15051,"descendez de vingt-sept , puis allez de seize à droite",16,-27
15052,"descendez de soixante-sept , puis allez de soixante-quatorze à droite",74,-67
15053,"descendez de quatre-vingt-cinq , puis allez de soixante et un à droite",61,-85
15054,"descendez de vingt-trois , puis allez de quarante à droite",40,-23
15055,"descendez de quatre-vingt-sept , puis allez de vingt-trois à droite",23,-87
15056,"descendez de trente-huit , puis allez de huit à droite",8,-38
15057,"descendez de quinze , puis allez de seize à droite",16,-15
15058,"descendez de vingt-neuf , puis allez de cinquante-huit à droite",58,-29
15059,"descendez de soixante-quatre , puis allez de deux à droite",2,-64
15060,"descendez de soixante-deux , puis allez de vingt-quatre à droite",24,-62
15061,"descendez de quarante-neuf , puis allez de cinquante-deux à droite",52,-49
15062,"descendez de trente-cinq , puis allez de quatre-vingt-trois à droite",83,-35
15063,"descendez de quatre-vingt-treize , puis allez de sept à droite",7,-93
15064,"descendez de soixante-douze , puis allez de vingt et un à droite",21,-72
15065,"descendez de quatre-vingt-six , puis allez de soixante-trois à droite",63,-86
15066,"descendez de quatre-vingt-onze , puis allez de soixante et onze à droite",71,-91
15067,"descendez de quatre-vingt-treize , puis allez de quarante et un à droite",41,-93
15068,"descendez de soixante et onze , puis allez de soixante à droite",60,-71
15069,"descendez de deux , puis allez de quatre-vingt-quatorze à droite",94,-2
15070,"descendez de vingt et un , puis allez de soixante-seize à droite",76,-21
15071,"descendez de treize , puis allez de soixante et un à droite",61,-13
15072,"descendez de trente-quatre , puis allez de quarante-huit à droite",48,-34
15073,"descendez de soixante-dix-neuf , puis allez de quarante-six à droite",46,-79
15074,"descendez de huit , puis allez de trente-trois à droite",33,-8
15075,"descendez de cinq , puis allez de trente-deux à droite",32,-5
15076,"descendez de quatre , puis allez de sept à droite",7,-4
15077,"descendez de soixante-six , puis allez de quarante-quatre à droite",44,-66
15078,"descendez de quatre-vingt-deux , puis allez de trente-sept à droite",37,-82
15079,"descendez de cinquante-deux , puis allez de quatre-vingt-deux à droite",82,-52
15080,"descendez de quatre-vingt-un , puis allez de vingt-quatre à droite",24,-81
15081,"descendez de quatre , puis allez de trente-huit à droite",38,-4
15082,"descendez de quatre-vingt-un , puis allez de cinquante-deux à droite",52,-81
15083,"descendez de cinq , puis allez de quarante-quatre à droite",44,-5
15084,"descendez de quarante-neuf , puis allez de vingt-huit à droite",28,-49
15085,"descendez de quatre-vingts , puis allez de quatre-vingt-dix-sept à droite",97,-80
15086,"descendez de quatre-vingt-treize , puis allez de un à droite",1,-93
15087,"descendez de dix-neuf , puis allez de soixante-treize à droite",73,-19
15088,"descendez de soixante-seize , puis allez de soixante-sept à droite",67,-76
15089,"descendez de trente-sept , puis allez de cinquante-cinq à droite",55,-37
15090,"descendez de quatre-vingt-trois , puis allez de vingt-trois à droite",23,-83
15091,"descendez de quatre-vingt-dix-huit , puis allez de quarante-deux à droite",42,-98
15092,"descendez de cinquante-trois , puis allez de quinze à droite",15,-53
15093,"descendez de cinquante-deux , puis allez de soixante-treize à droite",73,-52
15094,"descendez de quarante-huit , puis allez de trois à droite",3,-48
15095,"descendez de huit , puis allez de quarante à droite",40,-8
15096,"descendez de vingt-six , puis allez de vingt-trois à droite",23,-26
15097,"descendez de quatre-vingt-seize , puis allez de cinquante et un à droite",51,-96
15098,"descendez de cinquante-trois , puis allez de quarante à droite",40,-53
15099,"descendez de vingt , puis allez de soixante-huit à droite",68,-20
15100,"descendez de quarante-neuf , puis allez de quarante-cinq à droite",45,-49
15101,"descendez de vingt , puis allez de cinquante-cinq à droite",55,-20
15102,"descendez de soixante-dix-neuf , puis allez de quarante à droite",40,-79
15103,"descendez de quarante-six , puis allez de soixante-trois à droite",63,-46
15104,"descendez de cinquante-cinq , puis allez de quatre-vingt-quatre à droite",84,-55
15105,"descendez de six , puis allez de cinquante à droite",50,-6
15106,"descendez de cinquante-trois , puis allez de soixante-douze à droite",72,-53
15107,"descendez de quatre-vingt-quatre , puis allez de quarante-cinq à droite",45,-84
15108,"descendez de quatre-vingt-dix , puis allez de cinq à droite",5,-90
15109,"descendez de cinquante-trois , puis allez de dix-sept à droite",17,-53
15110,"descendez de onze , puis allez de quarante-neuf à droite",49,-11
15111,"descendez de onze , puis allez de vingt-quatre à droite",24,-11
15112,"descendez de quarante-trois , puis allez de trente-huit à droite",38,-43
15113,"descendez de cinquante , puis allez de cinquante à droite",50,-50
15114,"descendez de soixante-huit , puis allez de quatre-vingts à droite",80,-68
15115,"descendez de soixante-cinq , puis allez de vingt-quatre à droite",24,-65
15116,"descendez de cinquante , puis allez de vingt-deux à droite",22,-50
15117,"descendez de soixante-six , puis allez de soixante-dix-neuf à droite",79,-66
15118,"descendez de trente-quatre , puis allez de quatre-vingt-douze à droite",92,-34
15119,"descendez de deux , puis allez de quatre-vingt-un à droite",81,-2
15120,"descendez de dix , puis allez de soixante-quinze à droite",75,-10
15121,"descendez de soixante-treize , puis allez de cinquante-trois à droite",53,-73
15122,"descendez de soixante-dix-sept , puis allez de deux à droite",2,-77
15123,"descendez de soixante-dix-neuf , puis allez de soixante-quinze à droite",75,-79
15124,"descendez de trente et un , puis allez de cinquante-deux à droite",52,-31
15125,"descendez de neuf , puis allez de soixante-cinq à droite",65,-9
15126,"descendez de quarante-neuf , puis allez de quatre-vingt-sept à droite",87,-49
15127,"descendez de quarante-trois , puis allez de quatre-vingt-sept à droite",87,-43
15128,"descendez de quatre-vingt-treize , puis allez de quatre-vingt-six à droite",86,-93
15129,"descendez de vingt-cinq , puis allez de soixante-dix à droite",70,-25
15130,"descendez de soixante-neuf , puis allez de trente-quatre à droite",34,-69
15131,"descendez de vingt , puis allez de soixante-quatorze à droite",74,-20
15132,"descendez de soixante-cinq , puis allez de treize à droite",13,-65
15133,"descendez de quatre-vingt-douze , puis allez de quatre-vingt-trois à droite",83,-92
15134,"descendez de quatre-vingt-six , puis allez de quatre-vingt-huit à droite",88,-86
15135,"descendez de quatre-vingt-cinq , puis allez de cinquante et un à droite",51,-85
15136,"descendez de soixante-quinze , puis allez de dix-sept à droite",17,-75
15137,"descendez de quarante-deux , puis allez de trente-neuf à droite",39,-42
15138,"descendez de cinquante , puis allez de vingt-trois à droite",23,-50
15139,"descendez de soixante-quatre , puis allez de soixante-douze à droite",72,-64
15140,"descendez de soixante et un , puis allez de quatorze à droite",14,-61
15141,"descendez de quatre-vingt-onze , puis allez de soixante-quatre à droite",64,-91
15142,"descendez de vingt-sept , puis allez de soixante à droite",60,-27
15143,"descendez de deux , puis allez de quatre-vingt-douze à droite",92,-2
15144,"descendez de quarante-cinq , puis allez de vingt et un à droite",21,-45
15145,"descendez de cinquante-deux , puis allez de soixante et onze à droite",71,-52
15146,"descendez de cinquante-deux , puis allez de quatre-vingt-dix-sept à droite",97,-52
15147,"descendez de soixante , puis allez de soixante-cinq à droite",65,-60
15148,"descendez de neuf , puis allez de seize à droite",16,-9
15149,"descendez de dix-sept , puis allez de quatre-vingt-quinze à droite",95,-17
15150,"descendez de vingt-huit , puis allez de soixante-trois à droite",63,-28
15151,"descendez de quarante-huit , puis allez de trente-deux à droite",32,-48
15152,"descendez de quatre-vingt-deux , puis allez de vingt-deux à droite",22,-82
15153,"descendez de soixante-huit , puis allez de quatre-vingt-treize à droite",93,-68
15154,"descendez de six , puis allez de vingt-cinq à droite",25,-6
15155,"descendez de soixante-trois , puis allez de quatre-vingt-onze à droite",91,-63
15156,"descendez de trente-huit , puis allez de soixante-quatorze à droite",74,-38
15157,"descendez de treize , puis allez de vingt-neuf à droite",29,-13
15158,"descendez de soixante-quinze , puis allez de quatre-vingt-quinze à droite",95,-75
15159,"descendez de quatre-vingt-dix-neuf , puis allez de trente-neuf à droite",39,-99
15160,"descendez de quarante-quatre , puis allez de quatre-vingt-deux à droite",82,-44
15161,"descendez de cent , puis allez de dix-sept à droite",17,-100
15162,"descendez de quatre-vingt-sept , puis allez de soixante-dix-sept à droite",77,-87
15163,"descendez de trente et un , puis allez de soixante et un à droite",61,-31
15164,"descendez de quarante-cinq , puis allez de un à droite",1,-45
15165,"descendez de cinquante-quatre , puis allez de dix-sept à droite",17,-54
15166,"descendez de quarante-deux , puis allez de soixante-treize à droite",73,-42
15167,"descendez de quatre-vingt-dix-neuf , puis allez de soixante-dix-huit à droite",78,-99
15168,"descendez de quatre-vingt-dix-huit , puis allez de cinquante-sept à droite",57,-98
15169,"descendez de quatre-vingt-huit , puis allez de trente-quatre à droite",34,-88
15170,"descendez de soixante et un , puis allez de cinquante-six à droite",56,-61
15171,"descendez de trente-sept , puis allez de quarante-neuf à droite",49,-37
15172,"descendez de quatre-vingt-trois , puis allez de soixante-dix-sept à droite",77,-83
15173,"descendez de vingt-deux , puis allez de huit à droite",8,-22
15174,"descendez de vingt-sept , puis allez de treize à droite",13,-27
15175,"descendez de quarante-neuf , puis allez de seize à droite",16,-49
15176,"descendez de quatre-vingt-dix , puis allez de trente et un à droite",31,-90
15177,"descendez de soixante-neuf , puis allez de quatre-vingts à droite",80,-69
15178,"descendez de dix-sept , puis allez de soixante-neuf à droite",69,-17
15179,"descendez de sept , puis allez de soixante-cinq à droite",65,-7
15180,"descendez de soixante , puis allez de cinquante à droite",50,-60
15181,"descendez de quarante-sept , puis allez de vingt et un à droite",21,-47
15182,"descendez de quatre-vingt-seize , puis allez de quatre-vingt-onze à droite",91,-96
15183,"descendez de quarante-huit , puis allez de quarante-deux à droite",42,-48
15184,"descendez de cinquante , puis allez de trois à droite",3,-50
15185,"descendez de quarante-huit , puis allez de soixante-sept à droite",67,-48
15186,"descendez de soixante-dix-neuf , puis allez de cinq à droite",5,-79
15187,"descendez de vingt-trois , puis allez de cinquante à droite",50,-23
15188,"descendez de quatre-vingts , puis allez de trente-cinq à droite",35,-80
15189,"descendez de dix-neuf , puis allez de trente-six à droite",36,-19
15190,"descendez de vingt-deux , puis allez de quarante à droite",40,-22
15191,"descendez de cinquante , puis allez de soixante-douze à droite",72,-50
15192,"descendez de trente et un , puis allez de quatre-vingt-un à droite",81,-31
15193,"descendez de trente-deux , puis allez de cent à droite",100,-32
15194,"descendez de quatre-vingt-quinze , puis allez de trente-huit à droite",38,-95
15195,"descendez de sept , puis allez de cent à droite",100,-7
15196,"descendez de quatre-vingt-dix , puis allez de seize à droite",16,-90
15197,"descendez de soixante-dix-neuf , puis allez de trente-six à droite",36,-79
15198,"descendez de trente-deux , puis allez de quatre-vingt-cinq à droite",85,-32
15199,"descendez de quatre-vingt-six , puis allez de vingt-cinq à droite",25,-86
15200,"descendez de soixante-quatre , puis allez de cinquante-trois à droite",53,-64
15201,"descendez de cinquante , puis allez de soixante-treize à droite",73,-50
15202,"descendez de deux , puis allez de trente à droite",30,-2
15203,"descendez de quatre-vingt-seize , puis allez de vingt et un à droite",21,-96
15204,"descendez de trois , puis allez de quatre-vingt-dix à droite",90,-3
15205,"descendez de quatre-vingt-dix-neuf , puis allez de trente à droite",30,-99
15206,"descendez de onze , puis allez de deux à droite",2,-11
15207,"descendez de un , puis allez de quatre-vingts à droite",80,-1
15208,"descendez de vingt-trois , puis allez de vingt-trois à droite",23,-23
15209,"descendez de soixante et onze , puis allez de quatre-vingt-neuf à droite",89,-71
15210,"descendez de trois , puis allez de quatre-vingt-deux à droite",82,-3
15211,"descendez de quatre-vingt-quatre , puis allez de quatre à droite",4,-84
15212,"descendez de quatre-vingt-dix , puis allez de treize à droite",13,-90
15213,"descendez de quarante-neuf , puis allez de quatre-vingt-cinq à droite",85,-49
15214,"descendez de soixante-dix-huit , puis allez de soixante-dix-huit à droite",78,-78
15215,"descendez de cinquante-six , puis allez de cinquante et un à droite",51,-56
15216,"descendez de un , puis allez de soixante-huit à droite",68,-1
15217,"descendez de quarante-huit , puis allez de quatre-vingt-cinq à droite",85,-48
15218,"descendez de quarante-trois , puis allez de trente et un à droite",31,-43
15219,"descendez de onze , puis allez de quatre-vingt-huit à droite",88,-11
15220,"descendez de huit , puis allez de trente-quatre à droite",34,-8
15221,"descendez de cinquante , puis allez de vingt-quatre à droite",24,-50
15222,"descendez de quatre , puis allez de vingt et un à droite",21,-4
15223,"descendez de trente-six , puis allez de trente-trois à droite",33,-36
15224,"descendez de trente-quatre , puis allez de quatre-vingt-sept à droite",87,-34
15225,"descendez de soixante-sept , puis allez de cinquante-neuf à droite",59,-67
15226,"descendez de deux , puis allez de vingt-huit à droite",28,-2
15227,"descendez de deux , puis allez de quatre-vingt-treize à droite",93,-2
15228,"descendez de treize , puis allez de quarante à droite",40,-13
15229,"descendez de quatre-vingt-quinze , puis allez de vingt-neuf à droite",29,-95
15230,"descendez de cent , puis allez de soixante-dix-neuf à droite",79,-100
15231,"descendez de sept , puis allez de quinze à droite",15,-7
15232,"descendez de trente-cinq , puis allez de soixante-trois à droite",63,-35
15233,"descendez de quarante et un , puis allez de vingt-huit à droite",28,-41
15234,"descendez de soixante-huit , puis allez de dix-huit à droite",18,-68
15235,"descendez de quarante-sept , puis allez de quarante-huit à droite",48,-47
15236,"descendez de vingt-cinq , puis allez de cinquante-neuf à droite",59,-25
15237,"descendez de quinze , puis allez de onze à droite",11,-15
15238,"descendez de quatre , puis allez de soixante-seize à droite",76,-4
15239,"descendez de quatre-vingt-quatorze , puis allez de trente-six à droite",36,-94
15240,"descendez de cinquante-cinq , puis allez de cinq à droite",5,-55
15241,"descendez de quatre-vingts , puis allez de quatre à droite",4,-80
15242,"descendez de quatre-vingt-neuf , puis allez de soixante-deux à droite",62,-89
15243,"descendez de cinquante-six , puis allez de quatre-vingt-dix-sept à droite",97,-56
15244,"descendez de quatre-vingt-treize , puis allez de trente-cinq à droite",35,-93
15245,"descendez de soixante-dix-neuf , puis allez de soixante-dix-neuf à droite",79,-79
15246,"descendez de quatre-vingt-cinq , puis allez de soixante-cinq à droite",65,-85
15247,"descendez de quatre-vingt-douze , puis allez de quatre-vingt-dix à droite",90,-92
15248,"descendez de quatre-vingt-treize , puis allez de vingt à droite",20,-93
15249,"descendez de dix-huit , puis allez de vingt-sept à droite",27,-18
15250,"descendez de quatre-vingt-quatorze , puis allez de quatre-vingt-treize à droite",93,-94
15251,"descendez de vingt-deux , puis allez de trente à droite",30,-22
15252,"descendez de quatre-vingt-deux , puis allez de dix-sept à droite",17,-82
15253,"descendez de quarante et un , puis allez de cinquante à droite",50,-41
15254,"descendez de quatre-vingt-un , puis allez de deux à droite",2,-81
15255,"descendez de cinquante-quatre , puis allez de trente-quatre à droite",34,-54
15256,"descendez de quatre-vingt-trois , puis allez de trente-cinq à droite",35,-83
15257,"descendez de quarante-six , puis allez de trente et un à droite",31,-46
15258,"descendez de huit , puis allez de soixante-huit à droite",68,-8
15259,"descendez de cinquante-trois , puis allez de vingt à droite",20,-53
15260,"descendez de quarante-cinq , puis allez de soixante-treize à droite",73,-45
15261,"descendez de quatre-vingt-dix-sept , puis allez de douze à droite",12,-97
15262,"descendez de soixante-dix , puis allez de un à droite",1,-70
15263,"descendez de douze , puis allez de quatre-vingt-quatre à droite",84,-12
15264,"descendez de deux , puis allez de soixante-trois à droite",63,-2
15265,"descendez de vingt-neuf , puis allez de soixante-dix-neuf à droite",79,-29
15266,"descendez de huit , puis allez de cinquante-deux à droite",52,-8
15267,"descendez de trente-six , puis allez de quatre-vingt-six à droite",86,-36
15268,"descendez de cinquante-sept , puis allez de soixante-dix-neuf à droite",79,-57
15269,"descendez de quatre-vingt-onze , puis allez de quatre-vingt-seize à droite",96,-91
15270,"descendez de deux , puis allez de soixante-seize à droite",76,-2
15271,"descendez de trente-sept , puis allez de soixante-trois à droite",63,-37
15272,"descendez de cinquante-neuf , puis allez de quatre-vingt-quatre à droite",84,-59
15273,"descendez de soixante-quinze , puis allez de quatre-vingt-douze à droite",92,-75
15274,"descendez de cinquante et un , puis allez de dix-neuf à droite",19,-51
15275,"descendez de soixante-douze , puis allez de dix-sept à droite",17,-72
15276,"descendez de dix-sept , puis allez de un à droite",1,-17
15277,"descendez de trente-huit , puis allez de seize à droite",16,-38
15278,"descendez de soixante-cinq , puis allez de quatre-vingts à droite",80,-65
15279,"descendez de sept , puis allez de soixante-quatre à droite",64,-7
15280,"descendez de soixante , puis allez de soixante-cinq à droite",65,-60
15281,"descendez de vingt-trois , puis allez de soixante-dix à droite",70,-23
15282,"descendez de quatre-vingt-quatre , puis allez de douze à droite",12,-84
15283,"descendez de vingt , puis allez de cinquante et un à droite",51,-20
15284,"descendez de soixante-treize , puis allez de cinquante-neuf à droite",59,-73
15285,"descendez de soixante-trois , puis allez de vingt à droite",20,-63
15286,"descendez de huit , puis allez de treize à droite",13,-8
15287,"descendez de vingt-cinq , puis allez de un à droite",1,-25
15288,"descendez de soixante-neuf , puis allez de quatre-vingt-deux à droite",82,-69
15289,"descendez de soixante-douze , puis allez de neuf à droite",9,-72
15290,"descendez de quatre , puis allez de seize à droite",16,-4
15291,"descendez de trois , puis allez de dix-huit à droite",18,-3
15292,"descendez de cinquante-deux , puis allez de quatre-vingt-deux à droite",82,-52
15293,"descendez de soixante-dix-neuf , puis allez de soixante-dix-neuf à droite",79,-79
15294,"descendez de quatre-vingt-dix , puis allez de quatre-vingt-cinq à droite",85,-90
15295,"descendez de trente-sept , puis allez de quarante-huit à droite",48,-37
15296,"descendez de soixante-six , puis allez de deux à droite",2,-66
15297,"descendez de quatre-vingt-un , puis allez de soixante-douze à droite",72,-81
15298,"descendez de dix-sept , puis allez de soixante-quatorze à droite",74,-17
15299,"descendez de quatre-vingt-dix-neuf , puis allez de soixante-quatorze à droite",74,-99
15300,"descendez de quatre-vingt-trois , puis allez de vingt à droite",20,-83
15301,"descendez de trois , puis allez de quarante-deux à droite",42,-3
15302,"descendez de cinquante-neuf , puis allez de vingt-deux à droite",22,-59
15303,"descendez de soixante , puis allez de trente-trois à droite",33,-60
15304,"descendez de quatre-vingt-un , puis allez de quinze à droite",15,-81
15305,"descendez de soixante-dix-huit , puis allez de soixante-huit à droite",68,-78
15306,"descendez de quarante-cinq , puis allez de trente-cinq à droite",35,-45
15307,"descendez de soixante-deux , puis allez de soixante-seize à droite",76,-62
15308,"descendez de quatre-vingt-dix , puis allez de quatre-vingt-dix-sept à droite",97,-90
15309,"descendez de trente-huit , puis allez de quatre-vingt-onze à droite",91,-38
15310,"descendez de soixante-dix-neuf , puis allez de quatre-vingt-quatorze à droite",94,-79
15311,"descendez de cinquante-cinq , puis allez de cinquante à droite",50,-55
15312,"descendez de quarante-trois , puis allez de vingt-deux à droite",22,-43
15313,"descendez de cinquante-neuf , puis allez de onze à droite",11,-59
15314,"descendez de dix-neuf , puis allez de soixante-dix-neuf à droite",79,-19
15315,"descendez de trente-huit , puis allez de soixante-dix-sept à droite",77,-38
15316,"descendez de dix-neuf , puis allez de six à droite",6,-19
15317,"descendez de treize , puis allez de quatre-vingt-seize à droite",96,-13
15318,"descendez de quatre-vingt-sept , puis allez de seize à droite",16,-87
15319,"descendez de quatre , puis allez de quatre-vingt-neuf à droite",89,-4
15320,"descendez de quatre-vingt-sept , puis allez de dix-neuf à droite",19,-87
15321,"descendez de soixante-cinq , puis allez de soixante-quinze à droite",75,-65
15322,"descendez de quatre-vingt-dix-sept , puis allez de vingt-trois à droite",23,-97
15323,"descendez de soixante-deux , puis allez de sept à droite",7,-62
15324,"descendez de sept , puis allez de soixante-trois à droite",63,-7
15325,"descendez de quatre-vingt-neuf , puis allez de vingt-sept à droite",27,-89
15326,"descendez de cinquante-sept , puis allez de trente-six à droite",36,-57
15327,"descendez de quatre-vingt-quinze , puis allez de vingt-neuf à droite",29,-95
15328,"descendez de deux , puis allez de trente-cinq à droite",35,-2
15329,"descendez de cinquante , puis allez de soixante-trois à droite",63,-50
15330,"descendez de cinquante-quatre , puis allez de trente et un à droite",31,-54
15331,"descendez de cinquante-sept , puis allez de quatorze à droite",14,-57
15332,"descendez de soixante-huit , puis allez de soixante-douze à droite",72,-68
15333,"descendez de quatre-vingt-onze , puis allez de quatorze à droite",14,-91
15334,"descendez de cinquante-trois , puis allez de quarante-six à droite",46,-53
15335,"descendez de six , puis allez de quatre-vingt-quatre à droite",84,-6
15336,"descendez de soixante-dix-huit , puis allez de quatre-vingt-six à droite",86,-78
15337,"descendez de vingt-huit , puis allez de cinq à droite",5,-28
15338,"descendez de quarante et un , puis allez de soixante-neuf à droite",69,-41
15339,"descendez de soixante-dix , puis allez de quatre-vingt-trois à droite",83,-70
15340,"descendez de cinquante-deux , puis allez de cinquante-huit à droite",58,-52
15341,"descendez de quarante-cinq , puis allez de cinq à droite",5,-45
15342,"descendez de treize , puis allez de trois à droite",3,-13
15343,"descendez de soixante-quinze , puis allez de trente-trois à droite",33,-75
15344,"descendez de cinquante-trois , puis allez de huit à droite",8,-53
15345,"descendez de sept , puis allez de sept à droite",7,-7
15346,"descendez de vingt-sept , puis allez de soixante-quinze à droite",75,-27
15347,"descendez de trente-quatre , puis allez de vingt-six à droite",26,-34
15348,"descendez de quatre-vingt-dix-neuf , puis allez de quarante-sept à droite",47,-99
15349,"descendez de quatre-vingt-quatorze , puis allez de soixante-cinq à droite",65,-94
15350,"descendez de vingt-huit , puis allez de trente à droite",30,-28
15351,"descendez de quatre-vingt-quatorze , puis allez de trente-six à droite",36,-94
15352,"descendez de quatorze , puis allez de quatre-vingt-huit à droite",88,-14
15353,"descendez de quatre-vingts , puis allez de vingt-deux à droite",22,-80
15354,"descendez de soixante-quatorze , puis allez de treize à droite",13,-74
15355,"descendez de vingt-sept , puis allez de vingt-sept à droite",27,-27
15356,"descendez de trois , puis allez de huit à droite",8,-3
15357,"descendez de soixante-deux , puis allez de quatre-vingt-onze à droite",91,-62
15358,"descendez de cent , puis allez de quarante-sept à droite",47,-100
15359,"descendez de trente-neuf , puis allez de soixante-treize à droite",73,-39
15360,"descendez de soixante-seize , puis allez de vingt-huit à droite",28,-76
15361,"descendez de vingt-sept , puis allez de cinquante-quatre à droite",54,-27
15362,"descendez de quatre-vingt-seize , puis allez de soixante et un à droite",61,-96
15363,"descendez de trente-neuf , puis allez de vingt-cinq à droite",25,-39
15364,"descendez de quatre-vingt-douze , puis allez de soixante-treize à droite",73,-92
15365,"descendez de quatre-vingt-un , puis allez de vingt-deux à droite",22,-81
15366,"descendez de vingt-six , puis allez de quinze à droite",15,-26
15367,"descendez de treize , puis allez de douze à droite",12,-13
15368,"descendez de soixante-dix-neuf , puis allez de soixante-dix à droite",70,-79
15369,"descendez de vingt-cinq , puis allez de trente-quatre à droite",34,-25
15370,"descendez de quatre-vingt-deux , puis allez de quatre à droite",4,-82
15371,"descendez de trente , puis allez de quatre-vingt-trois à droite",83,-30
15372,"descendez de quatre-vingt-quatre , puis allez de soixante-neuf à droite",69,-84
15373,"descendez de quatre-vingt-quatorze , puis allez de vingt-trois à droite",23,-94
15374,"descendez de soixante et onze , puis allez de quatre-vingt-trois à droite",83,-71
15375,"descendez de vingt et un , puis allez de vingt-deux à droite",22,-21
15376,"descendez de quarante et un , puis allez de quarante-six à droite",46,-41
15377,"descendez de quatre-vingt-trois , puis allez de cinquante-huit à droite",58,-83
15378,"descendez de trente et un , puis allez de soixante-dix à droite",70,-31
15379,"descendez de quarante-quatre , puis allez de quatre à droite",4,-44
15380,"descendez de quatre-vingt-dix-sept , puis allez de quatre-vingt-trois à droite",83,-97
15381,"descendez de soixante-dix-huit , puis allez de quatre-vingt-treize à droite",93,-78
15382,"descendez de vingt , puis allez de trente-deux à droite",32,-20
15383,"descendez de vingt-cinq , puis allez de soixante-dix à droite",70,-25
15384,"descendez de dix-sept , puis allez de trente-trois à droite",33,-17
15385,"descendez de quatre-vingt-onze , puis allez de quarante à droite",40,-91
15386,"descendez de soixante-quinze , puis allez de quarante-six à droite",46,-75
15387,"descendez de seize , puis allez de soixante-quatre à droite",64,-16
15388,"descendez de soixante et onze , puis allez de deux à droite",2,-71
15389,"descendez de quatre-vingt-seize , puis allez de quatre-vingt-quatorze à droite",94,-96
15390,"descendez de soixante-neuf , puis allez de trente-quatre à droite",34,-69
15391,"descendez de quarante et un , puis allez de soixante-trois à droite",63,-41
15392,"descendez de quatre-vingt-quatorze , puis allez de vingt-six à droite",26,-94
15393,"descendez de sept , puis allez de quatre-vingt-dix à droite",90,-7
15394,"descendez de quarante-six , puis allez de quatre-vingt-treize à droite",93,-46
15395,"descendez de cinquante-deux , puis allez de quarante-neuf à droite",49,-52
15396,"descendez de quatre-vingt-seize , puis allez de soixante-sept à droite",67,-96
15397,"descendez de quarante-neuf , puis allez de douze à droite",12,-49
15398,"descendez de quarante-deux , puis allez de quatre-vingt-six à droite",86,-42
15399,"descendez de soixante-dix-neuf , puis allez de vingt-quatre à droite",24,-79
15400,"descendez de quatre-vingt-douze , puis allez de quatre à droite",4,-92
15401,"descendez de soixante-trois , puis allez de trente à droite",30,-63
15402,"descendez de vingt-neuf , puis allez de vingt à droite",20,-29
15403,"descendez de trente-trois , puis allez de cent à droite",100,-33
15404,"descendez de cinquante-quatre , puis allez de quarante et un à droite",41,-54
15405,"descendez de soixante-deux , puis allez de quarante-quatre à droite",44,-62
15406,"descendez de quatre-vingt-six , puis allez de vingt-six à droite",26,-86
15407,"descendez de soixante-dix-neuf , puis allez de soixante à droite",60,-79
15408,"descendez de soixante-dix , puis allez de trente-quatre à droite",34,-70
15409,"descendez de quatre-vingt-douze , puis allez de quatre-vingt-sept à droite",87,-92
15410,"descendez de soixante et un , puis allez de quarante-neuf à droite",49,-61
15411,"descendez de quarante , puis allez de vingt à droite",20,-40
15412,"descendez de soixante , puis allez de dix-sept à droite",17,-60
15413,"descendez de cinquante-neuf , puis allez de quatre-vingt-douze à droite",92,-59
15414,"descendez de cinquante-six , puis allez de vingt-deux à droite",22,-56
15415,"descendez de quatre-vingt-trois , puis allez de quatre-vingt-huit à droite",88,-83
15416,"descendez de trente , puis allez de vingt-deux à droite",22,-30
15417,"descendez de quatre-vingt-cinq , puis allez de soixante-dix-sept à droite",77,-85
15418,"descendez de soixante-six , puis allez de trente à droite",30,-66
15419,"descendez de quatre-vingt-dix , puis allez de quatre-vingt-dix-sept à droite",97,-90
15420,"descendez de trente-trois , puis allez de quatre-vingt-un à droite",81,-33
15421,"descendez de soixante-treize , puis allez de soixante-dix à droite",70,-73
15422,"descendez de soixante-treize , puis allez de cinquante-huit à droite",58,-73
15423,"descendez de vingt , puis allez de quarante-neuf à droite",49,-20
15424,"descendez de quarante-neuf , puis allez de quarante-neuf à droite",49,-49
15425,"descendez de cent , puis allez de un à droite",1,-100
15426,"descendez de quatre-vingt-cinq , puis allez de soixante et un à droite",61,-85
15427,"descendez de quatre-vingt-quatre , puis allez de soixante-deux à droite",62,-84
15428,"descendez de quarante , puis allez de quatre-vingt-trois à droite",83,-40
15429,"descendez de soixante-six , puis allez de vingt-trois à droite",23,-66
15430,"descendez de neuf , puis allez de vingt-deux à droite",22,-9
15431,"descendez de quarante et un , puis allez de quatre-vingt-quinze à droite",95,-41
15432,"descendez de quatre , puis allez de soixante-seize à droite",76,-4
15433,"descendez de cinq , puis allez de quatre-vingt-dix-huit à droite",98,-5
15434,"descendez de soixante-treize , puis allez de vingt-huit à droite",28,-73
15435,"descendez de dix-sept , puis allez de vingt-neuf à droite",29,-17
15436,"descendez de quatre-vingt-trois , puis allez de quinze à droite",15,-83
15437,"descendez de soixante-douze , puis allez de dix-huit à droite",18,-72
15438,"descendez de trente-six , puis allez de cinquante-cinq à droite",55,-36
15439,"descendez de quatre-vingt-quinze , puis allez de quatre-vingt-quatorze à droite",94,-95
15440,"descendez de quatre-vingt-neuf , puis allez de soixante-douze à droite",72,-89
15441,"descendez de huit , puis allez de cinquante-six à droite",56,-8
15442,"descendez de quatorze , puis allez de quatre-vingt-quatre à droite",84,-14
15443,"descendez de quatre-vingt-seize , puis allez de cinquante-six à droite",56,-96
15444,"descendez de trente-cinq , puis allez de quatre-vingt-quatre à droite",84,-35
15445,"descendez de vingt-neuf , puis allez de quinze à droite",15,-29
15446,"descendez de soixante-dix-neuf , puis allez de soixante-quinze à droite",75,-79
15447,"descendez de soixante , puis allez de dix-huit à droite",18,-60
15448,"descendez de cinquante-quatre , puis allez de cinquante-sept à droite",57,-54
15449,"descendez de quatre-vingt-six , puis allez de treize à droite",13,-86
15450,"descendez de trois , puis allez de trente-sept à droite",37,-3
15451,"descendez de quarante-six , puis allez de trente et un à droite",31,-46
15452,"descendez de quarante-huit , puis allez de cinquante-six à droite",56,-48
15453,"descendez de quarante-cinq , puis allez de cinquante et un à droite",51,-45
15454,"descendez de sept , puis allez de quatre-vingt-dix-huit à droite",98,-7
15455,"descendez de trente , puis allez de quatre-vingt-neuf à droite",89,-30
15456,"descendez de quatre-vingts , puis allez de six à droite",6,-80
15457,"descendez de onze , puis allez de soixante-huit à droite",68,-11
15458,"descendez de quarante-neuf , puis allez de vingt-trois à droite",23,-49
15459,"descendez de quatre-vingt-un , puis allez de seize à droite",16,-81
15460,"descendez de quatre-vingt-deux , puis allez de trente et un à droite",31,-82
15461,"descendez de quatre-vingt-douze , puis allez de trente-huit à droite",38,-92
15462,"descendez de vingt , puis allez de trente-huit à droite",38,-20
15463,"descendez de soixante-dix-neuf , puis allez de quarante-huit à droite",48,-79
15464,"descendez de soixante-huit , puis allez de trente-trois à droite",33,-68
15465,"descendez de vingt-neuf , puis allez de vingt-neuf à droite",29,-29
15466,"descendez de soixante-seize , puis allez de onze à droite",11,-76
15467,"descendez de cinquante et un , puis allez de quarante-huit à droite",48,-51
15468,"descendez de quatre-vingts , puis allez de vingt-huit à droite",28,-80
15469,"descendez de quatre-vingt-six , puis allez de cinquante-neuf à droite",59,-86
15470,"descendez de vingt et un , puis allez de quatre-vingt-dix-huit à droite",98,-21
15471,"descendez de vingt-trois , puis allez de quatre à droite",4,-23
15472,"descendez de soixante et onze , puis allez de soixante-cinq à droite",65,-71
15473,"descendez de trente et un , puis allez de quatre-vingt-un à droite",81,-31
15474,"descendez de cinquante-six , puis allez de dix à droite",10,-56
15475,"descendez de quatre-vingt-six , puis allez de quatre-vingt-six à droite",86,-86
15476,"descendez de seize , puis allez de quatre-vingt-quinze à droite",95,-16
15477,"descendez de soixante et un , puis allez de cinquante-sept à droite",57,-61
15478,"descendez de dix-neuf , puis allez de trente-cinq à droite",35,-19
15479,"descendez de soixante-dix-neuf , puis allez de soixante-deux à droite",62,-79
15480,"descendez de vingt-six , puis allez de soixante-dix à droite",70,-26
15481,"descendez de quatre-vingt-dix-sept , puis allez de soixante-seize à droite",76,-97
15482,"descendez de vingt-trois , puis allez de quatre-vingt-huit à droite",88,-23
15483,"descendez de quatre-vingt-dix-sept , puis allez de quarante-six à droite",46,-97
15484,"descendez de quatre-vingts , puis allez de soixante-dix-neuf à droite",79,-80
15485,"descendez de soixante-quinze , puis allez de dix-huit à droite",18,-75
15486,"descendez de quatre-vingt-un , puis allez de treize à droite",13,-81
15487,"descendez de trente-neuf , puis allez de soixante-dix-neuf à droite",79,-39
15488,"descendez de six , puis allez de soixante-sept à droite",67,-6
15489,"descendez de vingt-huit , puis allez de vingt à droite",20,-28
15490,"descendez de seize , puis allez de soixante-quinze à droite",75,-16
15491,"descendez de trente-deux , puis allez de six à droite",6,-32
15492,"descendez de soixante-dix-neuf , puis allez de trente-sept à droite",37,-79
15493,"descendez de quarante-neuf , puis allez de quarante-neuf à droite",49,-49
15494,"descendez de cinquante-huit , puis allez de vingt-cinq à droite",25,-58
15495,"descendez de treize , puis allez de soixante-huit à droite",68,-13
15496,"descendez de quarante-six , puis allez de trente-cinq à droite",35,-46
15497,"descendez de soixante-quatorze , puis allez de cinquante et un à droite",51,-74
15498,"descendez de six , puis allez de quarante-cinq à droite",45,-6
15499,"descendez de quatre-vingt-quatre , puis allez de cinquante à droite",50,-84
15500,"descendez de quatre-vingt-neuf , puis allez de soixante-treize à droite",73,-89
15501,"descendez de vingt-neuf , puis allez de un à droite",1,-29
15502,"descendez de trente-huit , puis allez de quatre-vingt-douze à droite",92,-38
15503,"descendez de trente-quatre , puis allez de quarante-huit à droite",48,-34
15504,"descendez de quatre-vingt-dix , puis allez de quarante-deux à droite",42,-90
15505,"descendez de quatre-vingt-deux , puis allez de quarante-deux à droite",42,-82
15506,"descendez de vingt-sept , puis allez de cinquante-quatre à droite",54,-27
15507,"descendez de soixante-quinze , puis allez de soixante-dix-sept à droite",77,-75
15508,"descendez de quatre-vingt-cinq , puis allez de quatre-vingt-six à droite",86,-85
15509,"descendez de soixante-sept , puis allez de cent à droite",100,-67
15510,"descendez de cinq , puis allez de quarante-six à droite",46,-5
15511,"descendez de trente-trois , puis allez de dix-neuf à droite",19,-33
15512,"descendez de treize , puis allez de vingt-neuf à droite",29,-13
15513,"descendez de cinquante-deux , puis allez de soixante-dix-sept à droite",77,-52
15514,"descendez de quarante et un , puis allez de quatre-vingt-un à droite",81,-41
15515,"descendez de trente-neuf , puis allez de soixante-douze à droite",72,-39
15516,"descendez de quatre-vingt-quatorze , puis allez de quatre-vingt-dix-neuf à droite",99,-94
15517,"descendez de soixante-dix-sept , puis allez de trente-neuf à droite",39,-77
15518,"descendez de quarante-neuf , puis allez de vingt-six à droite",26,-49
15519,"descendez de quatorze , puis allez de quatre-vingt-dix à droite",90,-14
15520,"descendez de soixante-huit , puis allez de soixante-cinq à droite",65,-68
15521,"descendez de soixante-quatorze , puis allez de un à droite",1,-74
15522,"descendez de quatre-vingt-trois , puis allez de quarante-six à droite",46,-83
15523,"descendez de soixante et un , puis allez de vingt-cinq à droite",25,-61
15524,"descendez de soixante et onze , puis allez de dix à droite",10,-71
15525,"descendez de trente-deux , puis allez de quatre-vingt-onze à droite",91,-32
15526,"descendez de soixante-cinq , puis allez de onze à droite",11,-65
15527,"descendez de vingt , puis allez de quatre-vingt-quatre à droite",84,-20
15528,"descendez de vingt-deux , puis allez de trente et un à droite",31,-22
15529,"descendez de soixante-quinze , puis allez de soixante-quatre à droite",64,-75
15530,"descendez de soixante-dix-neuf , puis allez de quatre-vingt-quatorze à droite",94,-79
15531,"descendez de soixante-huit , puis allez de quatre-vingt-deux à droite",82,-68
15532,"descendez de quatre-vingt-un , puis allez de un à droite",1,-81
15533,"descendez de quarante-quatre , puis allez de quatre-vingt-dix à droite",90,-44
15534,"descendez de vingt-deux , puis allez de soixante-cinq à droite",65,-22
15535,"descendez de quarante-sept , puis allez de cinquante-huit à droite",58,-47
15536,"descendez de quarante-huit , puis allez de vingt-trois à droite",23,-48
15537,"descendez de trente-cinq , puis allez de soixante-six à droite",66,-35
15538,"descendez de quarante-neuf , puis allez de huit à droite",8,-49
15539,"descendez de quarante-deux , puis allez de cinquante-six à droite",56,-42
15540,"descendez de soixante-six , puis allez de cinq à droite",5,-66
15541,"descendez de soixante-quatre , puis allez de soixante-deux à droite",62,-64
15542,"descendez de quarante-six , puis allez de douze à droite",12,-46
15543,"descendez de vingt-huit , puis allez de soixante-douze à droite",72,-28
15544,"descendez de quatre-vingt-sept , puis allez de quarante-trois à droite",43,-87
15545,"descendez de cinquante-quatre , puis allez de deux à droite",2,-54
15546,"descendez de quarante-huit , puis allez de quatre-vingt-deux à droite",82,-48
15547,"descendez de quatre-vingt-huit , puis allez de vingt-huit à droite",28,-88
15548,"descendez de trente-cinq , puis allez de vingt-six à droite",26,-35
15549,"descendez de quatre-vingt-trois , puis allez de quatre-vingt-dix-sept à droite",97,-83
15550,"descendez de soixante-dix-neuf , puis allez de quatre-vingt-quatre à droite",84,-79
15551,"descendez de quarante et un , puis allez de quatre à droite",4,-41
15552,"descendez de quatre-vingt-six , puis allez de soixante et un à droite",61,-86
15553,"descendez de cinquante-cinq , puis allez de quatorze à droite",14,-55
15554,"descendez de soixante-treize , puis allez de trente-huit à droite",38,-73
15555,"descendez de sept , puis allez de sept à droite",7,-7
15556,"descendez de quatre-vingt-quatre , puis allez de cinquante-six à droite",56,-84
15557,"descendez de trente-sept , puis allez de quatre-vingt-trois à droite",83,-37
15558,"descendez de cinquante-deux , puis allez de dix-neuf à droite",19,-52
15559,"descendez de soixante-dix-neuf , puis allez de trente à droite",30,-79
15560,"descendez de vingt-neuf , puis allez de six à droite",6,-29
15561,"descendez de soixante-huit , puis allez de soixante-cinq à droite",65,-68
15562,"descendez de vingt , puis allez de quatre-vingt-trois à droite",83,-20
15563,"descendez de dix-neuf , puis allez de deux à droite",2,-19
15564,"descendez de quatorze , puis allez de soixante-dix-neuf à droite",79,-14
15565,"descendez de vingt , puis allez de quarante-cinq à droite",45,-20
15566,"descendez de quatre-vingt-six , puis allez de soixante à droite",60,-86
15567,"descendez de quatre-vingt-onze , puis allez de trente-cinq à droite",35,-91
15568,"descendez de trente , puis allez de dix-neuf à droite",19,-30
15569,"descendez de cinquante , puis allez de six à droite",6,-50
15570,"descendez de quatre , puis allez de vingt-cinq à droite",25,-4
15571,"descendez de soixante-dix , puis allez de soixante-quinze à droite",75,-70
15572,"descendez de sept , puis allez de quatre-vingt-sept à droite",87,-7
15573,"descendez de quarante-trois , puis allez de vingt-huit à droite",28,-43
15574,"descendez de quatre-vingt-dix , puis allez de quatre-vingt-sept à droite",87,-90
15575,"descendez de dix-neuf , puis allez de trente-trois à droite",33,-19
15576,"descendez de quatre-vingt-dix-neuf , puis allez de soixante-sept à droite",67,-99
15577,"descendez de quatorze , puis allez de quatre-vingt-douze à droite",92,-14
15578,"descendez de quarante et un , puis allez de quatorze à droite",14,-41
15579,"descendez de soixante-dix-huit , puis allez de quarante et un à droite",41,-78
15580,"descendez de soixante-seize , puis allez de cinquante-six à droite",56,-76
15581,"descendez de un , puis allez de dix-huit à droite",18,-1
15582,"descendez de neuf , puis allez de trente-trois à droite",33,-9
15583,"descendez de quatre , puis allez de quatre-vingt-cinq à droite",85,-4
15584,"descendez de quatorze , puis allez de quatre-vingt-dix à droite",90,-14
15585,"descendez de vingt et un , puis allez de trente-neuf à droite",39,-21
15586,"descendez de onze , puis allez de quarante-neuf à droite",49,-11
15587,"descendez de quatre-vingt-dix-huit , puis allez de cinquante-neuf à droite",59,-98
15588,"descendez de trente-cinq , puis allez de trente-six à droite",36,-35
15589,"descendez de quatorze , puis allez de vingt-neuf à droite",29,-14
15590,"descendez de trois , puis allez de soixante et un à droite",61,-3
15591,"descendez de soixante-deux , puis allez de quatre-vingts à droite",80,-62
15592,"descendez de cinquante-trois , puis allez de cent à droite",100,-53
15593,"descendez de quatre-vingt-treize , puis allez de quatorze à droite",14,-93
15594,"descendez de cinquante-trois , puis allez de quatre-vingt-onze à droite",91,-53
15595,"descendez de quatorze , puis allez de dix-huit à droite",18,-14
15596,"descendez de cent , puis allez de vingt-six à droite",26,-100
15597,"descendez de soixante-deux , puis allez de quatre-vingt-neuf à droite",89,-62
15598,"descendez de quatre-vingt-dix-sept , puis allez de soixante-cinq à droite",65,-97
15599,"descendez de soixante-douze , puis allez de soixante-dix-sept à droite",77,-72
15600,"descendez de quatre-vingt-dix-huit , puis allez de quatre-vingt-huit à droite",88,-98
15601,"descendez de soixante-quinze , puis allez de huit à droite",8,-75
15602,"descendez de neuf , puis allez de vingt-deux à droite",22,-9
15603,"descendez de cent , puis allez de huit à droite",8,-100
15604,"descendez de neuf , puis allez de trente et un à droite",31,-9
15605,"descendez de quarante-sept , puis allez de quarante-quatre à droite",44,-47
15606,"descendez de cinquante-six , puis allez de trente-trois à droite",33,-56
15607,"descendez de soixante-neuf , puis allez de soixante-quatre à droite",64,-69
15608,"descendez de quatre-vingt-sept , puis allez de quarante-six à droite",46,-87
15609,"descendez de quatre-vingt-treize , puis allez de vingt et un à droite",21,-93
15610,"descendez de soixante-trois , puis allez de trente-neuf à droite",39,-63
15611,"descendez de soixante-deux , puis allez de quatre-vingt-dix à droite",90,-62
15612,"descendez de quatre-vingt-deux , puis allez de soixante-deux à droite",62,-82
15613,"descendez de sept , puis allez de vingt-deux à droite",22,-7
15614,"descendez de onze , puis allez de dix à droite",10,-11
15615,"descendez de six , puis allez de quarante-six à droite",46,-6
15616,"descendez de quarante et un , puis allez de cinquante-huit à droite",58,-41
15617,"descendez de soixante-six , puis allez de cent à droite",100,-66
15618,"descendez de dix , puis allez de quatre-vingt-un à droite",81,-10
15619,"descendez de treize , puis allez de quatre-vingt-huit à droite",88,-13
15620,"descendez de vingt-six , puis allez de vingt-sept à droite",27,-26
15621,"descendez de quatre-vingt-quatre , puis allez de soixante-dix à droite",70,-84
15622,"descendez de vingt-cinq , puis allez de quatre-vingt-dix-huit à droite",98,-25
15623,"descendez de soixante et un , puis allez de trente à droite",30,-61
15624,"descendez de quarante-neuf , puis allez de quarante-cinq à droite",45,-49
15625,"descendez de quarante et un , puis allez de dix-huit à droite",18,-41
15626,"descendez de cinquante-cinq , puis allez de vingt à droite",20,-55
15627,"descendez de soixante-dix , puis allez de cinquante-neuf à droite",59,-70
15628,"descendez de vingt-quatre , puis allez de soixante-dix à droite",70,-24
15629,"descendez de trente-huit , puis allez de cinquante-neuf à droite",59,-38
15630,"descendez de soixante-douze , puis allez de quatre-vingt-dix à droite",90,-72
15631,"descendez de cinquante-huit , puis allez de quarante-quatre à droite",44,-58
15632,"descendez de quatre-vingt-seize , puis allez de quatre-vingt-trois à droite",83,-96
15633,"descendez de quinze , puis allez de soixante-quatre à droite",64,-15
15634,"descendez de soixante-six , puis allez de vingt-cinq à droite",25,-66
15635,"descendez de cinquante-trois , puis allez de vingt-deux à droite",22,-53
15636,"descendez de quatorze , puis allez de soixante à droite",60,-14
15637,"descendez de vingt-cinq , puis allez de vingt-trois à droite",23,-25
15638,"descendez de vingt-sept , puis allez de vingt-quatre à droite",24,-27
15639,"descendez de soixante-quatorze , puis allez de neuf à droite",9,-74
15640,"descendez de quatorze , puis allez de vingt-quatre à droite",24,-14
15641,"descendez de soixante-deux , puis allez de neuf à droite",9,-62
15642,"descendez de soixante-quatorze , puis allez de seize à droite",16,-74
15643,"descendez de cent , puis allez de vingt-six à droite",26,-100
15644,"descendez de quatre-vingt-trois , puis allez de cinq à droite",5,-83
15645,"descendez de quarante , puis allez de trente-neuf à droite",39,-40
15646,"descendez de seize , puis allez de vingt-huit à droite",28,-16
15647,"descendez de quarante-trois , puis allez de quatre-vingt-onze à droite",91,-43
15648,"descendez de quarante-cinq , puis allez de trente-cinq à droite",35,-45
15649,"descendez de quatre-vingt-deux , puis allez de soixante-douze à droite",72,-82
15650,"descendez de vingt-neuf , puis allez de vingt à droite",20,-29
15651,"descendez de onze , puis allez de quatre-vingt-seize à droite",96,-11
15652,"descendez de dix-sept , puis allez de vingt à droite",20,-17
15653,"descendez de soixante-seize , puis allez de quarante-six à droite",46,-76
15654,"descendez de soixante-douze , puis allez de cinquante-sept à droite",57,-72
15655,"descendez de vingt-six , puis allez de quatre-vingt-neuf à droite",89,-26
15656,"descendez de quatre-vingt-huit , puis allez de vingt-six à droite",26,-88
15657,"descendez de soixante-dix-huit , puis allez de quarante et un à droite",41,-78
15658,"descendez de quatre-vingt-onze , puis allez de cinquante-trois à droite",53,-91
15659,"descendez de trente-quatre , puis allez de trente à droite",30,-34
15660,"descendez de soixante-treize , puis allez de un à droite",1,-73
15661,"descendez de quarante-sept , puis allez de soixante-dix-huit à droite",78,-47
15662,"descendez de quatre-vingt-quatre , puis allez de trente et un à droite",31,-84
15663,"descendez de quarante-deux , puis allez de quatre-vingt-dix-neuf à droite",99,-42
15664,"descendez de quarante-sept , puis allez de soixante-dix-sept à droite",77,-47
15665,"descendez de quarante-cinq , puis allez de quarante-trois à droite",43,-45
15666,"descendez de quarante-huit , puis allez de soixante-cinq à droite",65,-48
15667,"descendez de soixante-deux , puis allez de sept à droite",7,-62
15668,"descendez de trente-neuf , puis allez de vingt-cinq à droite",25,-39
15669,"descendez de cinquante-sept , puis allez de trente à droite",30,-57
15670,"descendez de vingt-huit , puis allez de seize à droite",16,-28
15671,"descendez de sept , puis allez de un à droite",1,-7
15672,"descendez de vingt et un , puis allez de quatre-vingt-dix à droite",90,-21
15673,"descendez de cinquante-trois , puis allez de quarante-trois à droite",43,-53
15674,"descendez de dix , puis allez de quatre-vingt-cinq à droite",85,-10
15675,"descendez de soixante-quatre , puis allez de soixante-dix à droite",70,-64
15676,"descendez de soixante et onze , puis allez de quarante-sept à droite",47,-71
15677,"descendez de trente-huit , puis allez de soixante-six à droite",66,-38
15678,"descendez de quarante , puis allez de trente à droite",30,-40
15679,"descendez de trois , puis allez de quarante-sept à droite",47,-3
15680,"descendez de quarante-trois , puis allez de trente-trois à droite",33,-43
15681,"descendez de quatre-vingt-huit , puis allez de quatre-vingt-dix-neuf à droite",99,-88
15682,"descendez de vingt-cinq , puis allez de cinquante et un à droite",51,-25
15683,"descendez de vingt-six , puis allez de un à droite",1,-26
15684,"descendez de soixante-quinze , puis allez de trente et un à droite",31,-75
15685,"descendez de cinquante-sept , puis allez de cinquante et un à droite",51,-57
15686,"descendez de quatre-vingts , puis allez de cinquante-sept à droite",57,-80
15687,"descendez de trente-quatre , puis allez de soixante-quinze à droite",75,-34
15688,"descendez de cinquante-six , puis allez de dix à droite",10,-56
15689,"descendez de soixante , puis allez de quatre-vingt-douze à droite",92,-60
15690,"descendez de cinquante-deux , puis allez de quarante-sept à droite",47,-52
15691,"descendez de soixante-dix-neuf , puis allez de cinq à droite",5,-79
15692,"descendez de vingt , puis allez de quarante et un à droite",41,-20
15693,"descendez de quatre-vingt-deux , puis allez de cinquante-huit à droite",58,-82
15694,"descendez de onze , puis allez de soixante-dix-neuf à droite",79,-11
15695,"descendez de trois , puis allez de soixante-trois à droite",63,-3
15696,"descendez de trente-trois , puis allez de soixante-dix à droite",70,-33
15697,"descendez de vingt-trois , puis allez de quatre-vingts à droite",80,-23
15698,"descendez de vingt et un , puis allez de cinquante-huit à droite",58,-21
15699,"descendez de vingt , puis allez de soixante-sept à droite",67,-20
15700,"descendez de dix-huit , puis allez de quatre à droite",4,-18
15701,"descendez de quatre-vingt-sept , puis allez de soixante-huit à droite",68,-87
15702,"descendez de vingt-cinq , puis allez de cinquante à droite",50,-25
15703,"descendez de quatre-vingts , puis allez de quatre-vingt-deux à droite",82,-80
15704,"descendez de cinquante-cinq , puis allez de quarante-deux à droite",42,-55
15705,"descendez de quatre-vingt-quinze , puis allez de cinquante-neuf à droite",59,-95
15706,"descendez de soixante-cinq , puis allez de soixante-quinze à droite",75,-65
15707,"descendez de soixante-douze , puis allez de vingt-sept à droite",27,-72
15708,"descendez de soixante-seize , puis allez de douze à droite",12,-76
15709,"descendez de quatre-vingt-quatre , puis allez de sept à droite",7,-84
15710,"descendez de cinquante-quatre , puis allez de vingt et un à droite",21,-54
15711,"descendez de quatre-vingt-trois , puis allez de cinquante-huit à droite",58,-83
15712,"descendez de vingt-neuf , puis allez de soixante-sept à droite",67,-29
15713,"descendez de soixante-quinze , puis allez de neuf à droite",9,-75
15714,"descendez de cinquante et un , puis allez de quatre-vingt-quatorze à droite",94,-51
15715,"descendez de soixante-douze , puis allez de trente et un à droite",31,-72
15716,"descendez de cent , puis allez de quatre-vingt-seize à droite",96,-100
15717,"descendez de quatre-vingt-quinze , puis allez de soixante-sept à droite",67,-95
15718,"descendez de vingt , puis allez de quatre-vingt-sept à droite",87,-20
15719,"descendez de quatre-vingt-dix-neuf , puis allez de cinquante-six à droite",56,-99
15720,"descendez de vingt-trois , puis allez de quatre-vingt-quinze à droite",95,-23
15721,"descendez de soixante et un , puis allez de soixante-trois à droite",63,-61
15722,"descendez de cinq , puis allez de vingt-deux à droite",22,-5
15723,"descendez de soixante-huit , puis allez de soixante-treize à droite",73,-68
15724,"descendez de quatre-vingt-onze , puis allez de dix-neuf à droite",19,-91
15725,"descendez de quatre-vingt-deux , puis allez de quatre-vingt-neuf à droite",89,-82
15726,"descendez de dix-sept , puis allez de trente-sept à droite",37,-17
15727,"descendez de trente-neuf , puis allez de quatre-vingt-sept à droite",87,-39
15728,"descendez de soixante-dix-huit , puis allez de quarante-cinq à droite",45,-78
15729,"descendez de quarante-six , puis allez de vingt et un à droite",21,-46
15730,"descendez de treize , puis allez de quatorze à droite",14,-13
15731,"descendez de trente-sept , puis allez de quatre-vingt-quatre à droite",84,-37
15732,"descendez de soixante et un , puis allez de deux à droite",2,-61
15733,"descendez de vingt-six , puis allez de trente et un à droite",31,-26
15734,"descendez de trente-cinq , puis allez de cinquante-quatre à droite",54,-35
15735,"descendez de soixante-quatre , puis allez de trois à droite",3,-64
15736,"descendez de quatre-vingt-dix , puis allez de quatre-vingt-trois à droite",83,-90
15737,"descendez de trente et un , puis allez de quarante-neuf à droite",49,-31
15738,"descendez de trente-deux , puis allez de soixante-six à droite",66,-32
15739,"descendez de cinquante-huit , puis allez de quarante à droite",40,-58
15740,"descendez de trente-trois , puis allez de quatre-vingt-douze à droite",92,-33
15741,"descendez de soixante-dix-neuf , puis allez de quarante-neuf à droite",49,-79
15742,"descendez de vingt-trois , puis allez de trente-six à droite",36,-23
15743,"descendez de quatre-vingt-quinze , puis allez de quarante-deux à droite",42,-95
15744,"descendez de dix , puis allez de vingt-trois à droite",23,-10
15745,"descendez de vingt-six , puis allez de quatre-vingt-douze à droite",92,-26
15746,"descendez de quatre-vingt-neuf , puis allez de cinquante-neuf à droite",59,-89
15747,"descendez de quinze , puis allez de quarante-neuf à droite",49,-15
15748,"descendez de cinquante et un , puis allez de cinquante-deux à droite",52,-51
15749,"descendez de vingt-quatre , puis allez de sept à droite",7,-24
15750,"descendez de quarante-six , puis allez de quarante-huit à droite",48,-46
15751,"descendez de dix-neuf , puis allez de quatre-vingt-dix-huit à droite",98,-19
15752,"descendez de dix-sept , puis allez de quatre-vingt-un à droite",81,-17
15753,"descendez de cinquante-sept , puis allez de soixante-six à droite",66,-57
15754,"descendez de quarante-neuf , puis allez de dix à droite",10,-49
15755,"descendez de quatre-vingt-dix-neuf , puis allez de six à droite",6,-99
15756,"descendez de quatre-vingts , puis allez de soixante-seize à droite",76,-80
15757,"descendez de trente-deux , puis allez de cinquante-sept à droite",57,-32
15758,"descendez de soixante-trois , puis allez de dix-huit à droite",18,-63
15759,"descendez de dix , puis allez de dix-neuf à droite",19,-10
15760,"descendez de soixante , puis allez de treize à droite",13,-60
15761,"descendez de soixante-huit , puis allez de soixante-huit à droite",68,-68
15762,"descendez de vingt-deux , puis allez de quarante-trois à droite",43,-22
15763,"descendez de quatre-vingt-dix , puis allez de dix-huit à droite",18,-90
15764,"descendez de cinquante , puis allez de seize à droite",16,-50
15765,"descendez de quarante et un , puis allez de trente-six à droite",36,-41
15766,"descendez de soixante-trois , puis allez de cinq à droite",5,-63
15767,"descendez de dix , puis allez de quatre-vingt-treize à droite",93,-10
15768,"descendez de quarante-neuf , puis allez de quatre-vingt-onze à droite",91,-49
15769,"descendez de cent , puis allez de trente à droite",30,-100
15770,"descendez de quatre-vingt-cinq , puis allez de quatre-vingt-quatorze à droite",94,-85
15771,"descendez de cinquante-six , puis allez de soixante-seize à droite",76,-56
15772,"descendez de vingt-sept , puis allez de soixante-deux à droite",62,-27
15773,"descendez de quatre-vingt-un , puis allez de cinquante-deux à droite",52,-81
15774,"descendez de trente-trois , puis allez de quatre-vingts à droite",80,-33
15775,"descendez de soixante-douze , puis allez de quarante-quatre à droite",44,-72
15776,"descendez de vingt , puis allez de vingt-quatre à droite",24,-20
15777,"descendez de vingt , puis allez de quarante-cinq à droite",45,-20
15778,"descendez de quatre-vingt-quinze , puis allez de soixante-sept à droite",67,-95
15779,"descendez de quatre-vingt-neuf , puis allez de soixante-trois à droite",63,-89
15780,"descendez de trente-six , puis allez de quatre-vingt-un à droite",81,-36
15781,"descendez de cinquante-sept , puis allez de vingt et un à droite",21,-57
15782,"descendez de trente-six , puis allez de dix-neuf à droite",19,-36
15783,"descendez de cinquante-trois , puis allez de cinquante-cinq à droite",55,-53
15784,"descendez de vingt-cinq , puis allez de quarante-cinq à droite",45,-25
15785,"descendez de vingt-trois , puis allez de soixante-six à droite",66,-23
15786,"descendez de vingt-cinq , puis allez de quarante et un à droite",41,-25
15787,"descendez de cinquante-huit , puis allez de quarante-trois à droite",43,-58
15788,"descendez de quatre-vingt-deux , puis allez de cinquante-six à droite",56,-82
15789,"descendez de cinquante-quatre , puis allez de quarante et un à droite",41,-54
15790,"descendez de quatre-vingt-trois , puis allez de quatre-vingt-treize à droite",93,-83
15791,"descendez de un , puis allez de trente à droite",30,-1
15792,"descendez de cinquante-cinq , puis allez de quatre-vingt-seize à droite",96,-55
15793,"descendez de cinquante-sept , puis allez de soixante-seize à droite",76,-57
15794,"descendez de treize , puis allez de trente et un à droite",31,-13
15795,"descendez de cinquante-neuf , puis allez de trente-huit à droite",38,-59
15796,"descendez de quarante-quatre , puis allez de soixante-quinze à droite",75,-44
15797,"descendez de cinquante-six , puis allez de dix à droite",10,-56
15798,"descendez de soixante-sept , puis allez de trente-deux à droite",32,-67
15799,"descendez de quarante-sept , puis allez de quatre-vingt-dix à droite",90,-47
15800,"descendez de vingt-huit , puis allez de quatre-vingt-quatre à droite",84,-28
15801,"descendez de soixante-sept , puis allez de quatre-vingt-seize à droite",96,-67
15802,"descendez de vingt-deux , puis allez de soixante-deux à droite",62,-22
15803,"descendez de quatre-vingt-dix-sept , puis allez de cinquante-quatre à droite",54,-97
15804,"descendez de soixante-deux , puis allez de cinquante-six à droite",56,-62
15805,"descendez de soixante-dix-huit , puis allez de cinquante-cinq à droite",55,-78
15806,"descendez de soixante-deux , puis allez de quatre-vingt-douze à droite",92,-62
15807,"descendez de soixante-douze , puis allez de quarante-sept à droite",47,-72
15808,"descendez de soixante-quatorze , puis allez de vingt et un à droite",21,-74
15809,"descendez de vingt-quatre , puis allez de douze à droite",12,-24
15810,"descendez de quatre , puis allez de trente-huit à droite",38,-4
15811,"descendez de trente-quatre , puis allez de soixante-cinq à droite",65,-34
15812,"descendez de soixante-quatre , puis allez de cent à droite",100,-64
15813,"descendez de soixante-dix-sept , puis allez de huit à droite",8,-77
15814,"descendez de quarante-cinq , puis allez de seize à droite",16,-45
15815,"descendez de quatre-vingt-quatre , puis allez de vingt-trois à droite",23,-84
15816,"descendez de soixante-sept , puis allez de soixante-six à droite",66,-67
15817,"descendez de vingt-huit , puis allez de un à droite",1,-28
15818,"descendez de soixante-quatre , puis allez de trente à droite",30,-64
15819,"descendez de dix , puis allez de cinquante-deux à droite",52,-10
15820,"descendez de vingt-deux , puis allez de soixante-sept à droite",67,-22
15821,"descendez de quarante-huit , puis allez de quatre-vingts à droite",80,-48
15822,"descendez de soixante-neuf , puis allez de soixante-neuf à droite",69,-69
15823,"descendez de dix-sept , puis allez de quatre-vingt-sept à droite",87,-17
15824,"descendez de quatre-vingt-neuf , puis allez de quarante-cinq à droite",45,-89
15825,"descendez de soixante-six , puis allez de trente-cinq à droite",35,-66
15826,"descendez de trois , puis allez de quatre-vingt-quatorze à droite",94,-3
15827,"descendez de quarante-neuf , puis allez de vingt-cinq à droite",25,-49
15828,"descendez de soixante-dix , puis allez de trente-huit à droite",38,-70
15829,"descendez de quatre-vingt-onze , puis allez de quarante-huit à droite",48,-91
15830,"descendez de quarante et un , puis allez de quatre-vingt-onze à droite",91,-41
15831,"descendez de neuf , puis allez de quarante-neuf à droite",49,-9
15832,"descendez de vingt-sept , puis allez de cinquante et un à droite",51,-27
15833,"descendez de cinquante-trois , puis allez de dix-huit à droite",18,-53
15834,"descendez de quatre-vingt-treize , puis allez de soixante-dix à droite",70,-93
15835,"descendez de quatre-vingt-dix-neuf , puis allez de vingt-huit à droite",28,-99
15836,"descendez de dix-sept , puis allez de quarante à droite",40,-17
15837,"descendez de cinq , puis allez de huit à droite",8,-5
15838,"descendez de quarante-cinq , puis allez de douze à droite",12,-45
15839,"descendez de cinquante-sept , puis allez de seize à droite",16,-57
15840,"descendez de soixante-dix , puis allez de dix-huit à droite",18,-70
15841,"descendez de vingt-neuf , puis allez de quatre-vingt-cinq à droite",85,-29
15842,"descendez de soixante et onze , puis allez de trente-neuf à droite",39,-71
15843,"descendez de soixante-sept , puis allez de dix-neuf à droite",19,-67
15844,"descendez de trente-deux , puis allez de vingt à droite",20,-32
15845,"descendez de onze , puis allez de un à droite",1,-11
15846,"descendez de cinquante-trois , puis allez de trente et un à droite",31,-53
15847,"descendez de soixante , puis allez de dix à droite",10,-60
15848,"descendez de quatre-vingt-quatorze , puis allez de soixante-dix à droite",70,-94
15849,"descendez de soixante-douze , puis allez de sept à droite",7,-72
15850,"descendez de soixante-douze , puis allez de neuf à droite",9,-72
15851,"descendez de quarante-huit , puis allez de soixante-quatorze à droite",74,-48
15852,"descendez de cinquante-trois , puis allez de soixante-six à droite",66,-53
15853,"descendez de quatre , puis allez de quarante-six à droite",46,-4
15854,"descendez de vingt-cinq , puis allez de trente-sept à droite",37,-25
15855,"descendez de trente-trois , puis allez de soixante-dix-neuf à droite",79,-33
15856,"descendez de soixante-quatorze , puis allez de quatre-vingt-douze à droite",92,-74
15857,"descendez de soixante-six , puis allez de trente-sept à droite",37,-66
15858,"descendez de soixante et onze , puis allez de soixante et onze à droite",71,-71
15859,"descendez de seize , puis allez de quatre-vingt-trois à droite",83,-16
15860,"descendez de quinze , puis allez de quatre-vingt-trois à droite",83,-15
15861,"descendez de quatre-vingt-six , puis allez de onze à droite",11,-86
15862,"descendez de quarante , puis allez de quarante-cinq à droite",45,-40
15863,"descendez de trente-huit , puis allez de soixante-douze à droite",72,-38
15864,"descendez de trente-sept , puis allez de cinquante-trois à droite",53,-37
15865,"descendez de soixante-quatorze , puis allez de quatre-vingt-trois à droite",83,-74
15866,"descendez de quarante-cinq , puis allez de deux à droite",2,-45
15867,"descendez de quarante-cinq , puis allez de huit à droite",8,-45
15868,"descendez de quatre-vingt-huit , puis allez de soixante à droite",60,-88
15869,"descendez de soixante-quatorze , puis allez de dix-sept à droite",17,-74
15870,"descendez de vingt-sept , puis allez de soixante-neuf à droite",69,-27
15871,"descendez de cinquante-trois , puis allez de quinze à droite",15,-53
15872,"descendez de quatre-vingt-huit , puis allez de quatre-vingt-cinq à droite",85,-88
15873,"descendez de soixante et un , puis allez de quarante-quatre à droite",44,-61
15874,"descendez de soixante-treize , puis allez de cinquante-trois à droite",53,-73
15875,"descendez de quatre-vingt-quinze , puis allez de treize à droite",13,-95
15876,"descendez de cent , puis allez de soixante et onze à droite",71,-100
15877,"descendez de vingt-six , puis allez de six à droite",6,-26
15878,"descendez de soixante-six , puis allez de trente-quatre à droite",34,-66
15879,"descendez de trente-sept , puis allez de quarante à droite",40,-37
15880,"descendez de quarante-sept , puis allez de soixante-sept à droite",67,-47
15881,"descendez de quatre-vingt-six , puis allez de quatre-vingt-dix-huit à droite",98,-86
15882,"descendez de quarante-quatre , puis allez de quatre-vingt-dix à droite",90,-44
15883,"descendez de quarante-huit , puis allez de trois à droite",3,-48
15884,"descendez de soixante-deux , puis allez de cinquante-deux à droite",52,-62
15885,"descendez de quatre-vingt-cinq , puis allez de soixante et un à droite",61,-85
15886,"descendez de cinquante-deux , puis allez de quatre-vingt-onze à droite",91,-52
15887,"descendez de quatre-vingt-neuf , puis allez de quatre-vingt-treize à droite",93,-89
15888,"descendez de dix-neuf , puis allez de quatre-vingt-sept à droite",87,-19
15889,"descendez de soixante-deux , puis allez de quatre-vingt-quatorze à droite",94,-62
15890,"descendez de quatre-vingt-dix-neuf , puis allez de douze à droite",12,-99
15891,"descendez de trente-neuf , puis allez de vingt-huit à droite",28,-39
15892,"descendez de soixante-dix-sept , puis allez de quatre-vingt-seize à droite",96,-77
15893,"descendez de cinq , puis allez de quatre-vingt-neuf à droite",89,-5
15894,"descendez de cinquante-sept , puis allez de soixante-dix-sept à droite",77,-57
15895,"descendez de douze , puis allez de dix-neuf à droite",19,-12
15896,"descendez de soixante-quatorze , puis allez de vingt-quatre à droite",24,-74
15897,"descendez de soixante , puis allez de soixante et un à droite",61,-60
15898,"descendez de six , puis allez de quatre-vingt-quatre à droite",84,-6
15899,"descendez de quinze , puis allez de cinquante et un à droite",51,-15
15900,"descendez de quarante-trois , puis allez de cinquante-quatre à droite",54,-43
15901,"descendez de trente-neuf , puis allez de cinquante-neuf à droite",59,-39
15902,"descendez de quarante-six , puis allez de quatre-vingt-deux à droite",82,-46
15903,"descendez de cinquante-neuf , puis allez de vingt-neuf à droite",29,-59
15904,"descendez de treize , puis allez de quarante-deux à droite",42,-13
15905,"descendez de quatre-vingt-sept , puis allez de dix-neuf à droite",19,-87
15906,"descendez de soixante-neuf , puis allez de quarante-neuf à droite",49,-69
15907,"descendez de quatre-vingt-quatre , puis allez de soixante-treize à droite",73,-84
15908,"descendez de soixante-cinq , puis allez de vingt-cinq à droite",25,-65
15909,"descendez de soixante-huit , puis allez de cinquante-sept à droite",57,-68
15910,"descendez de quatre-vingt-quatre , puis allez de soixante et onze à droite",71,-84
15911,"descendez de vingt-trois , puis allez de quatre-vingt-douze à droite",92,-23
15912,"descendez de dix , puis allez de quatre-vingt-neuf à droite",89,-10
15913,"descendez de trente-trois , puis allez de soixante-quatorze à droite",74,-33
15914,"descendez de cinquante-trois , puis allez de quatre-vingt-seize à droite",96,-53
15915,"descendez de onze , puis allez de quarante-neuf à droite",49,-11
15916,"descendez de dix , puis allez de quatre-vingt-quatorze à droite",94,-10
15917,"descendez de dix-sept , puis allez de trente-trois à droite",33,-17
15918,"descendez de trente-trois , puis allez de quarante-sept à droite",47,-33
15919,"descendez de quatorze , puis allez de trente-huit à droite",38,-14
15920,"descendez de trente-deux , puis allez de douze à droite",12,-32
15921,"descendez de vingt-huit , puis allez de quatre-vingt-dix-sept à droite",97,-28
15922,"descendez de cinquante-huit , puis allez de quatre-vingt-sept à droite",87,-58
15923,"descendez de quatre-vingt-dix , puis allez de quarante-deux à droite",42,-90
15924,"descendez de trente et un , puis allez de cinquante-deux à droite",52,-31
15925,"descendez de six , puis allez de soixante-huit à droite",68,-6
15926,"descendez de vingt-sept , puis allez de vingt-trois à droite",23,-27
15927,"descendez de quatorze , puis allez de quatre-vingt-trois à droite",83,-14
15928,"descendez de un , puis allez de soixante-quinze à droite",75,-1
15929,"descendez de vingt , puis allez de cinquante-sept à droite",57,-20
15930,"descendez de vingt-huit , puis allez de deux à droite",2,-28
15931,"descendez de vingt-trois , puis allez de douze à droite",12,-23
15932,"descendez de quarante , puis allez de vingt-sept à droite",27,-40
15933,"descendez de quarante-neuf , puis allez de soixante-dix à droite",70,-49
15934,"descendez de soixante-dix-huit , puis allez de vingt et un à droite",21,-78
15935,"descendez de quatre-vingt-sept , puis allez de quatre-vingt-huit à droite",88,-87
15936,"descendez de dix-sept , puis allez de cinquante-huit à droite",58,-17
15937,"descendez de trente-neuf , puis allez de soixante-dix-neuf à droite",79,-39
15938,"descendez de quinze , puis allez de soixante-douze à droite",72,-15
15939,"descendez de trente , puis allez de quarante-deux à droite",42,-30
15940,"descendez de soixante-dix-neuf , puis allez de soixante-trois à droite",63,-79
15941,"descendez de trente-deux , puis allez de quatre-vingt-treize à droite",93,-32
15942,"descendez de vingt-sept , puis allez de quarante-sept à droite",47,-27
15943,"descendez de vingt et un , puis allez de neuf à droite",9,-21
15944,"descendez de soixante-dix , puis allez de quatre-vingt-quatre à droite",84,-70
15945,"descendez de douze , puis allez de cinquante-six à droite",56,-12
15946,"descendez de trente-cinq , puis allez de cent à droite",100,-35
15947,"descendez de quarante-quatre , puis allez de dix-neuf à droite",19,-44
15948,"descendez de quatre-vingt-treize , puis allez de dix-neuf à droite",19,-93
15949,"descendez de deux , puis allez de soixante-deux à droite",62,-2
15950,"descendez de soixante-cinq , puis allez de cinq à droite",5,-65
15951,"descendez de soixante-dix-neuf , puis allez de quatre-vingt-onze à droite",91,-79
15952,"descendez de vingt , puis allez de quatre-vingt-quatorze à droite",94,-20
15953,"descendez de quarante et un , puis allez de quatre-vingt-deux à droite",82,-41
15954,"descendez de vingt-six , puis allez de soixante-dix-neuf à droite",79,-26
15955,"descendez de quarante-neuf , puis allez de trente à droite",30,-49
15956,"descendez de douze , puis allez de quarante-six à droite",46,-12
15957,"descendez de trente-cinq , puis allez de soixante-douze à droite",72,-35
15958,"descendez de trente-sept , puis allez de vingt et un à droite",21,-37
15959,"descendez de vingt-deux , puis allez de vingt-sept à droite",27,-22
15960,"descendez de soixante-douze , puis allez de sept à droite",7,-72
15961,"descendez de quarante , puis allez de cinquante-deux à droite",52,-40
15962,"descendez de quarante-deux , puis allez de trente-six à droite",36,-42
15963,"descendez de deux , puis allez de quatre-vingt-quatorze à droite",94,-2
15964,"descendez de vingt-deux , puis allez de soixante-quatorze à droite",74,-22
15965,"descendez de quatre-vingt-huit , puis allez de quatre-vingt-huit à droite",88,-88
15966,"descendez de trente-deux , puis allez de quatre-vingt-trois à droite",83,-32
15967,"descendez de quatre , puis allez de vingt-cinq à droite",25,-4
15968,"descendez de quinze , puis allez de quarante-quatre à droite",44,-15
15969,"descendez de quatre-vingt-huit , puis allez de dix-huit à droite",18,-88
15970,"descendez de cinquante-huit , puis allez de trente-quatre à droite",34,-58
15971,"descendez de trente-trois , puis allez de quatre-vingt-dix-sept à droite",97,-33
15972,"descendez de trente et un , puis allez de cinquante à droite",50,-31
15973,"descendez de quatre , puis allez de quatre-vingt-dix à droite",90,-4
15974,"descendez de soixante-sept , puis allez de soixante-douze à droite",72,-67
15975,"descendez de vingt-neuf , puis allez de cinquante-trois à droite",53,-29
15976,"descendez de huit , puis allez de dix-neuf à droite",19,-8
15977,"descendez de quatre-vingt-quatorze , puis allez de trente-deux à droite",32,-94
15978,"descendez de six , puis allez de cinq à droite",5,-6
15979,"descendez de soixante-dix-sept , puis allez de quatre-vingt-onze à droite",91,-77
15980,"descendez de quatre-vingt-cinq , puis allez de cinquante-huit à droite",58,-85
15981,"descendez de vingt et un , puis allez de cinquante-sept à droite",57,-21
15982,"descendez de quatre-vingt-onze , puis allez de vingt et un à droite",21,-91
15983,"descendez de quatre-vingt-deux , puis allez de six à droite",6,-82
15984,"descendez de six , puis allez de quatre-vingt-trois à droite",83,-6
15985,"descendez de quatre-vingt-quatre , puis allez de quarante-neuf à droite",49,-84
15986,"descendez de soixante-sept , puis allez de quarante-sept à droite",47,-67
15987,"descendez de quarante-deux , puis allez de quatre-vingt-seize à droite",96,-42
15988,"descendez de quarante et un , puis allez de quarante-huit à droite",48,-41
15989,"descendez de cinquante et un , puis allez de cinquante-sept à droite",57,-51
15990,"descendez de cinquante-sept , puis allez de quatre-vingt-sept à droite",87,-57
15991,"descendez de quarante-cinq , puis allez de vingt-quatre à droite",24,-45
15992,"descendez de soixante-seize , puis allez de un à droite",1,-76
15993,"descendez de vingt-huit , puis allez de trente-neuf à droite",39,-28
15994,"descendez de onze , puis allez de douze à droite",12,-11
15995,"descendez de seize , puis allez de six à droite",6,-16
15996,"descendez de quarante , puis allez de neuf à droite",9,-40
15997,"descendez de quatorze , puis allez de deux à droite",2,-14
15998,"descendez de dix-huit , puis allez de quatre-vingt-treize à droite",93,-18
15999,"descendez de vingt-huit , puis allez de quatre-vingt-dix-sept à droite",97,-28
16000,montez de soixante-douze puis allez de quarante-deux à gauche,-42,72
16001,montez de quatre-vingt-douze puis allez de trente-six à gauche,-36,92
16002,montez de trente-deux puis allez de neuf à gauche,-9,32
16003,montez de dix puis allez de deux à gauche,-2,10
16004,montez de vingt-quatre puis allez de quarante-huit à gauche,-48,24
16005,montez de soixante-quatorze puis allez de deux à gauche,-2,74
16006,montez de soixante-huit puis allez de trente-huit à gauche,-38,68
16007,montez de soixante-dix-huit puis allez de vingt-trois à gauche,-23,78
16008,montez de soixante-dix-huit puis allez de soixante à gauche,-60,78
16009,montez de vingt-trois puis allez de quatre-vingt-neuf à gauche,-89,23
16010,montez de un puis allez de quarante-huit à gauche,-48,1
16011,montez de quatre-vingts puis allez de soixante-dix-sept à gauche,-77,80
16012,montez de cinquante puis allez de soixante-dix-neuf à gauche,-79,50
16013,montez de cinquante-quatre puis allez de cinquante-sept à gauche,-57,54
16014,montez de huit puis allez de vingt-deux à gauche,-22,8
16015,montez de soixante-sept puis allez de soixante-seize à gauche,-76,67
16016,montez de soixante-dix-huit puis allez de quatre-vingt-onze à gauche,-91,78
16017,montez de quarante et un puis allez de vingt et un à gauche,-21,41
16018,montez de six puis allez de soixante-treize à gauche,-73,6
16019,montez de soixante et onze puis allez de trente à gauche,-30,71
16020,montez de soixante et onze puis allez de quarante-quatre à gauche,-44,71
16021,montez de dix-huit puis allez de quarante-neuf à gauche,-49,18
16022,montez de soixante-sept puis allez de soixante-quinze à gauche,-75,67
16023,montez de trente puis allez de un à gauche,-1,30
16024,montez de quarante et un puis allez de soixante-dix-huit à gauche,-78,41
16025,montez de trois puis allez de cent à gauche,-100,3
16026,montez de douze puis allez de douze à gauche,-12,12
16027,montez de vingt-six puis allez de soixante-quinze à gauche,-75,26
16028,montez de trente-cinq puis allez de quarante-deux à gauche,-42,35
16029,montez de vingt-cinq puis allez de quatre-vingt-onze à gauche,-91,25
16030,montez de dix-neuf puis allez de quatre-vingt-douze à gauche,-92,19
16031,montez de quatre-vingt-dix-huit puis allez de trente-cinq à gauche,-35,98
16032,montez de trente-cinq puis allez de soixante-deux à gauche,-62,35
16033,montez de quatre puis allez de vingt-sept à gauche,-27,4
16034,montez de quatre-vingt-dix-sept puis allez de cinquante-sept à gauche,-57,97
16035,montez de quatre-vingt-cinq puis allez de soixante-huit à gauche,-68,85
16036,montez de quarante-deux puis allez de soixante-quatorze à gauche,-74,42
16037,montez de quatre-vingt-un puis allez de vingt-cinq à gauche,-25,81
16038,montez de deux puis allez de cinquante à gauche,-50,2
16039,montez de quatre-vingt-sept puis allez de vingt et un à gauche,-21,87
16040,montez de quatre-vingt-seize puis allez de cinquante-huit à gauche,-58,96
16041,montez de quarante-six puis allez de vingt et un à gauche,-21,46
16042,montez de soixante-six puis allez de soixante-trois à gauche,-63,66
16043,montez de soixante et un puis allez de quarante-huit à gauche,-48,61
16044,montez de trente-huit puis allez de soixante-douze à gauche,-72,38
16045,montez de quatre-vingt-dix-neuf puis allez de soixante-quatorze à gauche,-74,99
16046,montez de six puis allez de vingt-six à gauche,-26,6
16047,montez de cinquante et un puis allez de cinquante-deux à gauche,-52,51
16048,montez de soixante-seize puis allez de quatre-vingt-six à gauche,-86,76
16049,montez de quatre-vingt-dix-huit puis allez de soixante-quinze à gauche,-75,98
16050,montez de soixante-quinze puis allez de trente-cinq à gauche,-35,75
16051,montez de cinquante-cinq puis allez de cinquante et un à gauche,-51,55
16052,montez de vingt-trois puis allez de quatre-vingt-dix-huit à gauche,-98,23
16053,montez de trente-huit puis allez de quatre-vingt-quatre à gauche,-84,38
16054,montez de quatre puis allez de dix-sept à gauche,-17,4
16055,montez de vingt et un puis allez de quatre-vingt-six à gauche,-86,21
16056,montez de soixante-deux puis allez de cinquante-sept à gauche,-57,62
16057,montez de onze puis allez de soixante-seize à gauche,-76,11
16058,montez de quatre-vingt-quatorze puis allez de soixante-quatre à gauche,-64,94
16059,montez de soixante-six puis allez de cinquante-quatre à gauche,-54,66
16060,montez de onze puis allez de quarante-cinq à gauche,-45,11
16061,montez de quatre-vingt-neuf puis allez de quatre-vingt-seize à gauche,-96,89
16062,montez de vingt-sept puis allez de soixante-dix à gauche,-70,27
16063,montez de quatre-vingt-quatorze puis allez de quatre-vingt-treize à gauche,-93,94
16064,montez de soixante puis allez de cinquante-quatre à gauche,-54,60
16065,montez de soixante-quinze puis allez de quarante-sept à gauche,-47,75
16066,montez de cinquante-deux puis allez de quarante-neuf à gauche,-49,52
16067,montez de quatre-vingt-huit puis allez de trente-trois à gauche,-33,88
16068,montez de vingt et un puis allez de quarante-quatre à gauche,-44,21
16069,montez de cinq puis allez de quatre-vingt-cinq à gauche,-85,5
16070,montez de quinze puis allez de vingt-cinq à gauche,-25,15
16071,montez de quatre-vingt-quatorze puis allez de trente-huit à gauche,-38,94
16072,montez de cinquante-huit puis allez de trente-neuf à gauche,-39,58
16073,montez de treize puis allez de quatre-vingt-sept à gauche,-87,13
16074,montez de huit puis allez de soixante et un à gauche,-61,8
16075,montez de soixante et onze puis allez de soixante-dix-huit à gauche,-78,71
16076,montez de vingt-deux puis allez de soixante-dix-sept à gauche,-77,22
16077,montez de soixante puis allez de quatre-vingt-dix-neuf à gauche,-99,60
16078,montez de dix-neuf puis allez de onze à gauche,-11,19
16079,montez de soixante-dix-neuf puis allez de soixante-dix-huit à gauche,-78,79
16080,montez de trente-neuf puis allez de quarante à gauche,-40,39
16081,montez de quatre-vingt-onze puis allez de dix à gauche,-10,91
16082,montez de trente-trois puis allez de quarante-deux à gauche,-42,33
16083,montez de dix puis allez de vingt-deux à gauche,-22,10
16084,montez de soixante et onze puis allez de huit à gauche,-8,71
16085,montez de cinquante-neuf puis allez de trois à gauche,-3,59
16086,montez de quatre-vingt-treize puis allez de soixante-cinq à gauche,-65,93
16087,montez de soixante-dix-huit puis allez de treize à gauche,-13,78
16088,montez de cinquante-neuf puis allez de quatre-vingt-quinze à gauche,-95,59
16089,montez de six puis allez de cinquante-deux à gauche,-52,6
16090,montez de quarante-sept puis allez de soixante-trois à gauche,-63,47
16091,montez de quatre-vingt-huit puis allez de douze à gauche,-12,88
16092,montez de trente et un puis allez de dix-neuf à gauche,-19,31
16093,montez de quarante-cinq puis allez de quarante-sept à gauche,-47,45
16094,montez de soixante-dix-huit puis allez de quarante-huit à gauche,-48,78
16095,montez de dix puis allez de quatre-vingt-neuf à gauche,-89,10
16096,montez de quarante-six puis allez de quatre-vingt-trois à gauche,-83,46
16097,montez de vingt-huit puis allez de soixante-quatre à gauche,-64,28
16098,montez de quatorze puis allez de douze à gauche,-12,14
16099,montez de cinquante-huit puis allez de quatorze à gauche,-14,58
16100,montez de quatre-vingts puis allez de soixante-deux à gauche,-62,80
16101,montez de quatre-vingt-dix puis allez de huit à gauche,-8,90
16102,montez de quatorze puis allez de soixante et un à gauche,-61,14
16103,montez de quarante-cinq puis allez de trente à gauche,-30,45
16104,montez de quatre-vingt-quinze puis allez de cinquante-cinq à gauche,-55,95
16105,montez de deux puis allez de cent à gauche,-100,2
16106,montez de soixante-quatre puis allez de quarante-quatre à gauche,-44,64
16107,montez de cinquante-six puis allez de soixante-cinq à gauche,-65,56
16108,montez de quatre-vingt-trois puis allez de soixante-dix à gauche,-70,83
16109,montez de vingt-quatre puis allez de cinquante à gauche,-50,24
16110,montez de quatre-vingt-sept puis allez de quatorze à gauche,-14,87
16111,montez de un puis allez de quatorze à gauche,-14,1
16112,montez de un puis allez de soixante-sept à gauche,-67,1
16113,montez de seize puis allez de vingt-neuf à gauche,-29,16
16114,montez de quarante-cinq puis allez de soixante-treize à gauche,-73,45
16115,montez de cinquante-quatre puis allez de quarante-sept à gauche,-47,54
16116,montez de cinquante-deux puis allez de trente-trois à gauche,-33,52
16117,montez de soixante puis allez de quarante et un à gauche,-41,60
16118,montez de onze puis allez de soixante-neuf à gauche,-69,11
16119,montez de quatre puis allez de quarante-cinq à gauche,-45,4
16120,montez de treize puis allez de quatre-vingt-un à gauche,-81,13
16121,montez de trois puis allez de quatre-vingt-deux à gauche,-82,3
16122,montez de trente-quatre puis allez de quatre-vingt-cinq à gauche,-85,34
16123,montez de quarante-cinq puis allez de trente et un à gauche,-31,45
16124,montez de trente-neuf puis allez de quarante-huit à gauche,-48,39
16125,montez de quatre-vingt-cinq puis allez de quatre-vingt-dix-sept à gauche,-97,85
16126,montez de vingt-huit puis allez de quatre-vingt-treize à gauche,-93,28
16127,montez de quarante-deux puis allez de quatre-vingt-dix-neuf à gauche,-99,42
16128,montez de soixante-six puis allez de vingt-cinq à gauche,-25,66
16129,montez de quarante-cinq puis allez de cent à gauche,-100,45
16130,montez de trente-trois puis allez de soixante-seize à gauche,-76,33
16131,montez de vingt-trois puis allez de soixante-quinze à gauche,-75,23
16132,montez de quarante-cinq puis allez de quatre-vingt-seize à gauche,-96,45
16133,montez de dix puis allez de quatre-vingt-quatorze à gauche,-94,10
16134,montez de cinquante-trois puis allez de quarante-huit à gauche,-48,53
16135,montez de cinquante puis allez de soixante-six à gauche,-66,50
16136,montez de vingt et un puis allez de deux à gauche,-2,21
16137,montez de vingt et un puis allez de cinquante-six à gauche,-56,21
16138,montez de cinquante-six puis allez de un à gauche,-1,56
16139,montez de cinquante-neuf puis allez de quatre-vingt-onze à gauche,-91,59
16140,montez de quatre-vingt-treize puis allez de quatre-vingts à gauche,-80,93
16141,montez de quatre puis allez de quatre-vingt-un à gauche,-81,4
16142,montez de quatre-vingt-un puis allez de quatre-vingt-douze à gauche,-92,81
16143,montez de quatre-vingt-treize puis allez de deux à gauche,-2,93
16144,montez de soixante et un puis allez de quatre-vingt-six à gauche,-86,61
16145,montez de trente-quatre puis allez de quatre-vingt-treize à gauche,-93,34
16146,montez de soixante-dix-sept puis allez de neuf à gauche,-9,77
16147,montez de treize puis allez de soixante-huit à gauche,-68,13
16148,montez de vingt-quatre puis allez de dix-neuf à gauche,-19,24
16149,montez de quarante-cinq puis allez de trente-deux à gauche,-32,45
16150,montez de vingt-neuf puis allez de sept à gauche,-7,29
16151,montez de quatre-vingt-onze puis allez de trente-cinq à gauche,-35,91
16152,montez de huit puis allez de soixante-dix-huit à gauche,-78,8
16153,montez de cinquante-neuf puis allez de cinquante-neuf à gauche,-59,59
16154,montez de soixante-dix-huit puis allez de quarante-huit à gauche,-48,78
16155,montez de cinquante-trois puis allez de trente à gauche,-30,53
16156,montez de soixante-treize puis allez de cinquante-cinq à gauche,-55,73
16157,montez de cinquante-six puis allez de soixante-deux à gauche,-62,56
16158,montez de cinquante-neuf puis allez de quatre-vingt-cinq à gauche,-85,59
16159,montez de soixante-dix-sept puis allez de soixante-sept à gauche,-67,77
16160,montez de soixante-quatorze puis allez de cinquante-sept à gauche,-57,74
16161,montez de quatre-vingt-six puis allez de vingt-trois à gauche,-23,86
16162,montez de quatre-vingt-onze puis allez de soixante-quatre à gauche,-64,91
16163,montez de cinquante-cinq puis allez de cinquante et un à gauche,-51,55
16164,montez de cinquante-sept puis allez de quarante à gauche,-40,57
16165,montez de soixante-neuf puis allez de vingt-sept à gauche,-27,69
16166,montez de cinq puis allez de trente-deux à gauche,-32,5
16167,montez de cinquante-sept puis allez de cinquante-deux à gauche,-52,57
16168,montez de cinquante puis allez de quatre-vingt-dix à gauche,-90,50
16169,montez de trente et un puis allez de seize à gauche,-16,31
16170,montez de quatre-vingts puis allez de quatre-vingt-neuf à gauche,-89,80
16171,montez de quatre-vingt-quatre puis allez de cinquante-six à gauche,-56,84
16172,montez de deux puis allez de soixante-neuf à gauche,-69,2
16173,montez de six puis allez de vingt-trois à gauche,-23,6
16174,montez de onze puis allez de quarante-six à gauche,-46,11
16175,montez de quatre-vingt-sept puis allez de soixante-sept à gauche,-67,87
16176,montez de quatre-vingt-cinq puis allez de trente-huit à gauche,-38,85
16177,montez de cinquante-deux puis allez de deux à gauche,-2,52
16178,montez de vingt-neuf puis allez de soixante-dix-sept à gauche,-77,29
16179,montez de quarante puis allez de soixante-six à gauche,-66,40
16180,montez de huit puis allez de douze à gauche,-12,8
16181,montez de quarante-neuf puis allez de quarante-six à gauche,-46,49
16182,montez de quatre-vingt-quinze puis allez de soixante-neuf à gauche,-69,95
16183,montez de quarante-six puis allez de quarante-cinq à gauche,-45,46
16184,montez de treize puis allez de un à gauche,-1,13
16185,montez de soixante-sept puis allez de cinquante-huit à gauche,-58,67
16186,montez de douze puis allez de cinquante-quatre à gauche,-54,12
16187,montez de quarante puis allez de quatre-vingt-seize à gauche,-96,40
16188,montez de trente-quatre puis allez de soixante-neuf à gauche,-69,34
16189,montez de quarante et un puis allez de quarante-sept à gauche,-47,41
16190,montez de soixante et onze puis allez de quinze à gauche,-15,71
16191,montez de trente-quatre puis allez de quarante-quatre à gauche,-44,34
16192,montez de cinquante-cinq puis allez de vingt-six à gauche,-26,55
16193,montez de trente-trois puis allez de trente-quatre à gauche,-34,33
16194,montez de deux puis allez de cinquante et un à gauche,-51,2
16195,montez de sept puis allez de cinquante et un à gauche,-51,7
16196,montez de quatre-vingt-quatorze puis allez de soixante-quinze à gauche,-75,94
16197,montez de soixante-dix-neuf puis allez de cinquante-trois à gauche,-53,79
16198,montez de quarante-six puis allez de quatre-vingt-un à gauche,-81,46
16199,montez de quatre-vingt-sept puis allez de quatre-vingt-dix-neuf à gauche,-99,87
16200,montez de vingt-huit puis allez de trente à gauche,-30,28
16201,montez de trente puis allez de soixante-six à gauche,-66,30
16202,montez de quarante-trois puis allez de quatre-vingt-deux à gauche,-82,43
16203,montez de dix-neuf puis allez de quarante à gauche,-40,19
16204,montez de cent puis allez de trois à gauche,-3,100
16205,montez de quatre puis allez de dix-huit à gauche,-18,4
16206,montez de quarante-deux puis allez de dix-sept à gauche,-17,42
16207,montez de trente-cinq puis allez de cinquante à gauche,-50,35
16208,montez de trois puis allez de soixante-dix-neuf à gauche,-79,3
16209,montez de deux puis allez de quatre-vingt-quatorze à gauche,-94,2
16210,montez de soixante-seize puis allez de quarante-sept à gauche,-47,76
16211,montez de trente-cinq puis allez de trente-cinq à gauche,-35,35
16212,montez de quatre-vingt-dix puis allez de soixante-dix-sept à gauche,-77,90
16213,montez de soixante-trois puis allez de soixante-dix-huit à gauche,-78,63
16214,montez de soixante-dix-neuf puis allez de cinquante-cinq à gauche,-55,79
16215,montez de trente-trois puis allez de soixante-huit à gauche,-68,33
16216,montez de soixante-seize puis allez de soixante-huit à gauche,-68,76
16217,montez de quatorze puis allez de trente-six à gauche,-36,14
16218,montez de soixante-dix puis allez de quarante-sept à gauche,-47,70
16219,montez de soixante-quatre puis allez de trente-sept à gauche,-37,64
16220,montez de soixante-dix-sept puis allez de soixante-treize à gauche,-73,77
16221,montez de quatre-vingt-quinze puis allez de vingt à gauche,-20,95
16222,montez de quatre-vingt-cinq puis allez de trente et un à gauche,-31,85
16223,montez de quarante-neuf puis allez de dix-huit à gauche,-18,49
16224,montez de soixante-neuf puis allez de cinquante à gauche,-50,69
16225,montez de cinq puis allez de vingt et un à gauche,-21,5
16226,montez de neuf puis allez de vingt-cinq à gauche,-25,9
16227,montez de quatre-vingt-seize puis allez de treize à gauche,-13,96
16228,montez de huit puis allez de cinquante-trois à gauche,-53,8
16229,montez de trente-cinq puis allez de trente-quatre à gauche,-34,35
16230,montez de onze puis allez de quatre-vingt-quatorze à gauche,-94,11
16231,montez de quarante-deux puis allez de soixante-dix-huit à gauche,-78,42
16232,montez de vingt-six puis allez de trente-huit à gauche,-38,26
16233,montez de cinquante et un puis allez de quatre-vingt-quatorze à gauche,-94,51
16234,montez de quatre-vingt-dix-neuf puis allez de soixante-douze à gauche,-72,99
16235,montez de soixante-quinze puis allez de cinquante-neuf à gauche,-59,75
16236,montez de trente et un puis allez de quatre-vingt-dix-sept à gauche,-97,31
16237,montez de quatre-vingt-cinq puis allez de quatre-vingt-cinq à gauche,-85,85
16238,montez de quarante-neuf puis allez de quatre-vingt-seize à gauche,-96,49
16239,montez de quinze puis allez de soixante-treize à gauche,-73,15
16240,montez de seize puis allez de trente-deux à gauche,-32,16
16241,montez de dix puis allez de vingt-cinq à gauche,-25,10
16242,montez de soixante et onze puis allez de huit à gauche,-8,71
16243,montez de quarante-deux puis allez de cinquante-neuf à gauche,-59,42
16244,montez de vingt-neuf puis allez de quarante-trois à gauche,-43,29
16245,montez de cinquante-huit puis allez de cinquante-neuf à gauche,-59,58
16246,montez de quatre-vingt-quinze puis allez de quatre-vingt-dix à gauche,-90,95
16247,montez de cinquante-sept puis allez de trente à gauche,-30,57
16248,montez de cinquante-huit puis allez de trente-deux à gauche,-32,58
16249,montez de soixante-quinze puis allez de quatre-vingt-seize à gauche,-96,75
16250,montez de cinquante-quatre puis allez de vingt et un à gauche,-21,54
16251,montez de dix puis allez de trente à gauche,-30,10
16252,montez de vingt-huit puis allez de soixante-deux à gauche,-62,28
16253,montez de trente-huit puis allez de soixante-dix-huit à gauche,-78,38
16254,montez de quatre-vingt-dix-neuf puis allez de quatre-vingt-dix-huit à gauche,-98,99
16255,montez de soixante-quinze puis allez de quarante-six à gauche,-46,75
16256,montez de vingt-deux puis allez de quatre-vingt-six à gauche,-86,22
16257,montez de quatre-vingt-six puis allez de quarante-sept à gauche,-47,86
16258,montez de dix puis allez de soixante-quinze à gauche,-75,10
16259,montez de six puis allez de huit à gauche,-8,6
16260,montez de quarante-sept puis allez de dix à gauche,-10,47
16261,montez de onze puis allez de quarante-sept à gauche,-47,11
16262,montez de trente-deux puis allez de quatre-vingt-dix-huit à gauche,-98,32
16263,montez de soixante-six puis allez de cinq à gauche,-5,66
16264,montez de sept puis allez de cinq à gauche,-5,7
16265,montez de cinquante et un puis allez de cinquante-cinq à gauche,-55,51
16266,montez de quatre-vingt-dix-neuf puis allez de trente-six à gauche,-36,99
16267,montez de trente-six puis allez de soixante-quatre à gauche,-64,36
16268,montez de quarante-cinq puis allez de quatre-vingt-dix-huit à gauche,-98,45
16269,montez de quatre-vingt-douze puis allez de trente-deux à gauche,-32,92
16270,montez de vingt-huit puis allez de cinquante-trois à gauche,-53,28
16271,montez de vingt et un puis allez de soixante-six à gauche,-66,21
16272,montez de quarante-neuf puis allez de soixante-dix-neuf à gauche,-79,49
16273,montez de vingt et un puis allez de quatre-vingt-sept à gauche,-87,21
16274,montez de quatre-vingt-cinq puis allez de quatre-vingt-onze à gauche,-91,85
16275,montez de cinquante-quatre puis allez de soixante-dix-sept à gauche,-77,54
16276,montez de trente-trois puis allez de quatre-vingt-dix-huit à gauche,-98,33
16277,montez de huit puis allez de douze à gauche,-12,8
16278,montez de quatre-vingt-seize puis allez de trente-quatre à gauche,-34,96
16279,montez de quarante-trois puis allez de cinquante-cinq à gauche,-55,43
16280,montez de quatre puis allez de trente et un à gauche,-31,4
16281,montez de dix-neuf puis allez de quatre-vingt-six à gauche,-86,19
16282,montez de quarante-deux puis allez de cinquante-quatre à gauche,-54,42
16283,montez de quatre-vingt-seize puis allez de trente-neuf à gauche,-39,96
16284,montez de soixante puis allez de quatre-vingt-quatorze à gauche,-94,60
16285,montez de soixante-douze puis allez de cinq à gauche,-5,72
16286,montez de quatre-vingt-quatorze puis allez de quarante à gauche,-40,94
16287,montez de trente-six puis allez de quarante-six à gauche,-46,36
16288,montez de soixante-quinze puis allez de soixante-cinq à gauche,-65,75
16289,montez de vingt-deux puis allez de quatre-vingt-quatorze à gauche,-94,22
16290,montez de quatre-vingt-cinq puis allez de trente-cinq à gauche,-35,85
16291,montez de quarante-trois puis allez de cinquante-sept à gauche,-57,43
16292,montez de deux puis allez de vingt-cinq à gauche,-25,2
16293,montez de soixante-seize puis allez de quatre à gauche,-4,76
16294,montez de vingt-quatre puis allez de quatre-vingt-six à gauche,-86,24
16295,montez de soixante-dix-neuf puis allez de vingt-neuf à gauche,-29,79
16296,montez de quatre-vingt-un puis allez de quatre-vingt-trois à gauche,-83,81
16297,montez de cinquante-deux puis allez de quarante à gauche,-40,52
16298,montez de soixante-douze puis allez de quatre-vingt-sept à gauche,-87,72
16299,montez de dix-huit puis allez de trente-six à gauche,-36,18
16300,montez de trente-sept puis allez de trente-trois à gauche,-33,37
16301,montez de quatre-vingt-cinq puis allez de quarante-huit à gauche,-48,85
16302,montez de huit puis allez de quatre-vingt-trois à gauche,-83,8
16303,montez de cinquante-trois puis allez de cinquante-huit à gauche,-58,53
16304,montez de soixante-douze puis allez de quatre-vingt-dix-sept à gauche,-97,72
16305,montez de cinquante-sept puis allez de quatre-vingt-dix à gauche,-90,57
16306,montez de vingt-deux puis allez de quarante-neuf à gauche,-49,22
16307,montez de vingt-deux puis allez de quarante à gauche,-40,22
16308,montez de vingt-neuf puis allez de soixante et onze à gauche,-71,29
16309,montez de cinquante-trois puis allez de soixante-seize à gauche,-76,53
16310,montez de quarante-huit puis allez de douze à gauche,-12,48
16311,montez de quarante-six puis allez de trente-sept à gauche,-37,46
16312,montez de cent puis allez de douze à gauche,-12,100
16313,montez de vingt-cinq puis allez de quatre-vingt-dix-sept à gauche,-97,25
16314,montez de douze puis allez de quarante-deux à gauche,-42,12
16315,montez de trente-neuf puis allez de quarante-sept à gauche,-47,39
16316,montez de dix-sept puis allez de trente-deux à gauche,-32,17
16317,montez de trente-trois puis allez de cinquante-cinq à gauche,-55,33
16318,montez de vingt-trois puis allez de quarante-trois à gauche,-43,23
16319,montez de cinq puis allez de soixante et un à gauche,-61,5
16320,montez de quatre-vingt-huit puis allez de quatre-vingt-douze à gauche,-92,88
16321,montez de vingt puis allez de quarante-deux à gauche,-42,20
16322,montez de trente et un puis allez de trente-deux à gauche,-32,31
16323,montez de vingt et un puis allez de quarante-cinq à gauche,-45,21
16324,montez de quatre-vingt-seize puis allez de quarante-trois à gauche,-43,96
16325,montez de quarante-cinq puis allez de six à gauche,-6,45
16326,montez de vingt-sept puis allez de quatre à gauche,-4,27
16327,montez de un puis allez de soixante-deux à gauche,-62,1
16328,montez de soixante-dix-neuf puis allez de sept à gauche,-7,79
16329,montez de quatre-vingt-treize puis allez de trente et un à gauche,-31,93
16330,montez de quarante et un puis allez de vingt-cinq à gauche,-25,41
16331,montez de quarante-six puis allez de cinquante-huit à gauche,-58,46
16332,montez de quatre-vingt-dix puis allez de onze à gauche,-11,90
16333,montez de huit puis allez de cinquante-six à gauche,-56,8
16334,montez de cinquante-sept puis allez de quatre-vingt-deux à gauche,-82,57
16335,montez de vingt-sept puis allez de vingt-six à gauche,-26,27
16336,montez de soixante-quatorze puis allez de quatorze à gauche,-14,74
16337,montez de soixante-trois puis allez de cinquante-six à gauche,-56,63
16338,montez de quarante et un puis allez de cinquante-trois à gauche,-53,41
16339,montez de neuf puis allez de soixante-treize à gauche,-73,9
16340,montez de quatre-vingt-douze puis allez de quatre-vingt-quinze à gauche,-95,92
16341,montez de vingt-trois puis allez de soixante-huit à gauche,-68,23
16342,montez de vingt-deux puis allez de quatre-vingt-huit à gauche,-88,22
16343,montez de quatre-vingt-trois puis allez de vingt à gauche,-20,83
16344,montez de quatre-vingts puis allez de dix-sept à gauche,-17,80
16345,montez de quatorze puis allez de quarante-quatre à gauche,-44,14
16346,montez de deux puis allez de quatre-vingt-quinze à gauche,-95,2
16347,montez de trente-huit puis allez de quatre-vingt-dix à gauche,-90,38
16348,montez de vingt-sept puis allez de cent à gauche,-100,27
16349,montez de trente-six puis allez de trente-six à gauche,-36,36
16350,montez de quatre-vingt-six puis allez de vingt-sept à gauche,-27,86
16351,montez de quatre-vingt-neuf puis allez de trente-six à gauche,-36,89
16352,montez de quarante-cinq puis allez de quatre-vingt-dix-neuf à gauche,-99,45
16353,montez de six puis allez de soixante-quatre à gauche,-64,6
16354,montez de huit puis allez de soixante à gauche,-60,8
16355,montez de dix-huit puis allez de cinquante-deux à gauche,-52,18
16356,montez de soixante-dix puis allez de cinquante-huit à gauche,-58,70
16357,montez de trente puis allez de soixante-huit à gauche,-68,30
16358,montez de soixante-six puis allez de quarante-quatre à gauche,-44,66
16359,montez de trente puis allez de soixante et onze à gauche,-71,30
16360,montez de neuf puis allez de cinquante-quatre à gauche,-54,9
16361,montez de quarante puis allez de quatre-vingts à gauche,-80,40
16362,montez de quatorze puis allez de trois à gauche,-3,14
16363,montez de cinq puis allez de neuf à gauche,-9,5
16364,montez de trente-huit puis allez de douze à gauche,-12,38
16365,montez de trente-six puis allez de soixante-dix-huit à gauche,-78,36
16366,montez de vingt et un puis allez de quatre-vingt-quinze à gauche,-95,21
16367,montez de soixante-huit puis allez de soixante-seize à gauche,-76,68
16368,montez de quatorze puis allez de quarante-deux à gauche,-42,14
16369,montez de treize puis allez de vingt-sept à gauche,-27,13
16370,montez de soixante-trois puis allez de soixante-quatorze à gauche,-74,63
16371,montez de soixante puis allez de quarante-quatre à gauche,-44,60
16372,montez de vingt-deux puis allez de trois à gauche,-3,22
16373,montez de cinquante-neuf puis allez de quatre-vingt-six à gauche,-86,59
16374,montez de un puis allez de quatre-vingt-trois à gauche,-83,1
16375,montez de seize puis allez de quatre-vingt-quatre à gauche,-84,16
16376,montez de cinquante et un puis allez de quatre-vingt-deux à gauche,-82,51
16377,montez de soixante-dix-sept puis allez de douze à gauche,-12,77
16378,montez de quarante-huit puis allez de quinze à gauche,-15,48
16379,montez de cent puis allez de soixante à gauche,-60,100
16380,montez de quatre-vingt-trois puis allez de quarante-sept à gauche,-47,83
16381,montez de quarante-trois puis allez de trente-huit à gauche,-38,43
16382,montez de quatre-vingt-huit puis allez de huit à gauche,-8,88
16383,montez de soixante-seize puis allez de quatre-vingt-seize à gauche,-96,76
16384,montez de quatre-vingt-quinze puis allez de soixante-dix-sept à gauche,-77,95
16385,montez de soixante-six puis allez de vingt-deux à gauche,-22,66
16386,montez de quatre-vingt-quinze puis allez de quarante-deux à gauche,-42,95
16387,montez de cinquante-cinq puis allez de seize à gauche,-16,55
16388,montez de quarante-huit puis allez de neuf à gauche,-9,48
16389,montez de treize puis allez de trente-cinq à gauche,-35,13
16390,montez de dix puis allez de cinquante-neuf à gauche,-59,10
16391,montez de quatre-vingt-dix-sept puis allez de quatre-vingts à gauche,-80,97
16392,montez de soixante-seize puis allez de quatre-vingt-seize à gauche,-96,76
16393,montez de vingt et un puis allez de dix-sept à gauche,-17,21
16394,montez de dix-neuf puis allez de douze à gauche,-12,19
16395,montez de cinquante-huit puis allez de quarante et un à gauche,-41,58
16396,montez de quatre-vingt-dix-neuf puis allez de quarante-huit à gauche,-48,99
16397,montez de soixante-cinq puis allez de cinq à gauche,-5,65
16398,montez de quarante-quatre puis allez de quatre-vingt-douze à gauche,-92,44
16399,montez de quatre-vingt-sept puis allez de cinquante et un à gauche,-51,87
16400,montez de quatre-vingt-trois puis allez de trente-trois à gauche,-33,83
16401,montez de cinquante-quatre puis allez de quatre-vingt-quatre à gauche,-84,54
16402,montez de quatre-vingt-quatorze puis allez de quatre-vingt-seize à gauche,-96,94
16403,montez de soixante-seize puis allez de seize à gauche,-16,76
16404,montez de six puis allez de quatre-vingt-huit à gauche,-88,6
16405,montez de quatre-vingt-dix-sept puis allez de quatre-vingt-seize à gauche,-96,97
16406,montez de dix puis allez de douze à gauche,-12,10
16407,montez de vingt-neuf puis allez de neuf à gauche,-9,29
16408,montez de trente-deux puis allez de vingt-neuf à gauche,-29,32
16409,montez de cinquante et un puis allez de trente-neuf à gauche,-39,51
16410,montez de vingt-sept puis allez de quatre-vingt-dix à gauche,-90,27
16411,montez de cinquante-huit puis allez de trente-neuf à gauche,-39,58
16412,montez de quinze puis allez de vingt-huit à gauche,-28,15
16413,montez de quatre-vingt-huit puis allez de six à gauche,-6,88
16414,montez de vingt-quatre puis allez de quatre-vingt-seize à gauche,-96,24
16415,montez de quatre-vingt-dix-sept puis allez de soixante à gauche,-60,97
16416,montez de quarante puis allez de douze à gauche,-12,40
16417,montez de neuf puis allez de quarante-quatre à gauche,-44,9
16418,montez de quarante-sept puis allez de soixante et onze à gauche,-71,47
16419,montez de cent puis allez de dix-sept à gauche,-17,100
16420,montez de soixante-quinze puis allez de trente-six à gauche,-36,75
16421,montez de cinquante et un puis allez de deux à gauche,-2,51
16422,montez de quatre-vingt-onze puis allez de cinquante-quatre à gauche,-54,91
16423,montez de soixante-cinq puis allez de quatre-vingt-dix-sept à gauche,-97,65
16424,montez de trente-sept puis allez de soixante-deux à gauche,-62,37
16425,montez de quatre-vingt-un puis allez de soixante-treize à gauche,-73,81
16426,montez de trente puis allez de soixante-dix-neuf à gauche,-79,30
16427,montez de quarante-quatre puis allez de vingt-trois à gauche,-23,44
16428,montez de trois puis allez de quatre-vingt-treize à gauche,-93,3
16429,montez de quatre-vingt-un puis allez de quatre-vingt-dix-neuf à gauche,-99,81
16430,montez de quatre-vingt-seize puis allez de cinquante-neuf à gauche,-59,96
16431,montez de soixante-dix puis allez de soixante et onze à gauche,-71,70
16432,montez de vingt-sept puis allez de trente-quatre à gauche,-34,27
16433,montez de quatre-vingt-trois puis allez de dix-sept à gauche,-17,83
16434,montez de quatre-vingt-cinq puis allez de quatre-vingt-dix-neuf à gauche,-99,85
16435,montez de soixante puis allez de trente-cinq à gauche,-35,60
16436,montez de quatre-vingt-seize puis allez de vingt et un à gauche,-21,96
16437,montez de quarante-trois puis allez de vingt-sept à gauche,-27,43
16438,montez de soixante-deux puis allez de douze à gauche,-12,62
16439,montez de quarante-neuf puis allez de trente-quatre à gauche,-34,49
16440,montez de trente-deux puis allez de vingt à gauche,-20,32
16441,montez de trente-huit puis allez de trois à gauche,-3,38
16442,montez de cinquante-deux puis allez de soixante-quatorze à gauche,-74,52
16443,montez de quatre-vingt-trois puis allez de soixante-cinq à gauche,-65,83
16444,montez de dix-huit puis allez de soixante-dix-huit à gauche,-78,18
16445,montez de soixante-six puis allez de soixante-quatorze à gauche,-74,66
16446,montez de quatre-vingt-quatre puis allez de quatre-vingt-seize à gauche,-96,84
16447,montez de neuf puis allez de quatre-vingt-sept à gauche,-87,9
16448,montez de quatre-vingt-deux puis allez de soixante-cinq à gauche,-65,82
16449,montez de soixante-huit puis allez de dix-huit à gauche,-18,68
16450,montez de soixante-trois puis allez de trente-six à gauche,-36,63
16451,montez de cinquante-cinq puis allez de dix-huit à gauche,-18,55
16452,montez de quarante-six puis allez de huit à gauche,-8,46
16453,montez de cinquante-cinq puis allez de quatre-vingts à gauche,-80,55
16454,montez de quatre-vingt-onze puis allez de quinze à gauche,-15,91
16455,montez de cinquante-deux puis allez de trente-neuf à gauche,-39,52
16456,montez de quarante-trois puis allez de soixante-sept à gauche,-67,43
16457,montez de trente et un puis allez de douze à gauche,-12,31
16458,montez de cinquante-cinq puis allez de quarante-huit à gauche,-48,55
16459,montez de cinq puis allez de trente-six à gauche,-36,5
16460,montez de vingt-trois puis allez de trente-quatre à gauche,-34,23
16461,montez de treize puis allez de soixante-quinze à gauche,-75,13
16462,montez de sept puis allez de cinquante-huit à gauche,-58,7
16463,montez de soixante-dix-huit puis allez de cent à gauche,-100,78
16464,montez de quatre-vingt-onze puis allez de cinquante-neuf à gauche,-59,91
16465,montez de quatre-vingt-dix-sept puis allez de trente-quatre à gauche,-34,97
16466,montez de soixante-cinq puis allez de trente-trois à gauche,-33,65
16467,montez de seize puis allez de quarante-huit à gauche,-48,16
16468,montez de dix-neuf puis allez de quatre-vingt-dix-neuf à gauche,-99,19
16469,montez de quatre-vingt-neuf puis allez de quarante-six à gauche,-46,89
16470,montez de trente-deux puis allez de vingt-huit à gauche,-28,32
16471,montez de trente-neuf puis allez de soixante et onze à gauche,-71,39
16472,montez de quatre-vingt-quinze puis allez de soixante-dix-sept à gauche,-77,95
16473,montez de cinquante-trois puis allez de soixante-douze à gauche,-72,53
16474,montez de quarante-trois puis allez de quatre-vingt-dix-huit à gauche,-98,43
16475,montez de huit puis allez de quarante-cinq à gauche,-45,8
16476,montez de quatre-vingt-dix-sept puis allez de soixante-trois à gauche,-63,97
16477,montez de vingt-quatre puis allez de soixante-dix-sept à gauche,-77,24
16478,montez de quarante-trois puis allez de soixante-dix-neuf à gauche,-79,43
16479,montez de quatre-vingt-onze puis allez de vingt-neuf à gauche,-29,91
16480,montez de trente-sept puis allez de soixante-treize à gauche,-73,37
16481,montez de soixante et onze puis allez de vingt-deux à gauche,-22,71
16482,montez de vingt-sept puis allez de quatre-vingt-seize à gauche,-96,27
16483,montez de quinze puis allez de vingt-sept à gauche,-27,15
16484,montez de quarante-trois puis allez de quatre-vingt-deux à gauche,-82,43
16485,montez de huit puis allez de vingt-quatre à gauche,-24,8
16486,montez de quatre-vingt-neuf puis allez de soixante-quatre à gauche,-64,89
16487,montez de soixante-quatorze puis allez de soixante à gauche,-60,74
16488,montez de vingt-six puis allez de quarante-deux à gauche,-42,26
16489,montez de dix puis allez de quarante-deux à gauche,-42,10
16490,montez de huit puis allez de dix-neuf à gauche,-19,8
16491,montez de cinquante-quatre puis allez de soixante-trois à gauche,-63,54
16492,montez de quatre-vingt-deux puis allez de quatre-vingt-huit à gauche,-88,82
16493,montez de trente-quatre puis allez de quatre-vingt-dix-neuf à gauche,-99,34
16494,montez de six puis allez de trente-neuf à gauche,-39,6
16495,montez de vingt-sept puis allez de trente-deux à gauche,-32,27
16496,montez de quatre-vingt-dix-huit puis allez de seize à gauche,-16,98
16497,montez de vingt-deux puis allez de quatre-vingt-huit à gauche,-88,22
16498,montez de quarante-huit puis allez de trente à gauche,-30,48
16499,montez de cinquante-deux puis allez de quatre-vingt-huit à gauche,-88,52
16500,montez de quinze puis allez de cinquante-huit à gauche,-58,15
16501,montez de six puis allez de vingt-trois à gauche,-23,6
16502,montez de cinquante-six puis allez de quatre-vingt-onze à gauche,-91,56
16503,montez de trente-trois puis allez de vingt-six à gauche,-26,33
16504,montez de soixante et un puis allez de quatre à gauche,-4,61
16505,montez de quarante et un puis allez de vingt-sept à gauche,-27,41
16506,montez de soixante-quinze puis allez de trente-quatre à gauche,-34,75
16507,montez de quatre-vingt-neuf puis allez de quatre-vingt-sept à gauche,-87,89
16508,montez de quatre puis allez de un à gauche,-1,4
16509,montez de cent puis allez de trente à gauche,-30,100
16510,montez de cinq puis allez de seize à gauche,-16,5
16511,montez de soixante et un puis allez de huit à gauche,-8,61
16512,montez de quarante-six puis allez de trente-sept à gauche,-37,46
16513,montez de quatre-vingt-quatorze puis allez de cinquante à gauche,-50,94
16514,montez de vingt puis allez de cinquante-cinq à gauche,-55,20
16515,montez de cinquante-trois puis allez de sept à gauche,-7,53
16516,montez de soixante-treize puis allez de soixante et onze à gauche,-71,73
16517,montez de quarante-trois puis allez de soixante-dix-huit à gauche,-78,43
16518,montez de quatre-vingt-seize puis allez de onze à gauche,-11,96
16519,montez de quarante-cinq puis allez de cinquante-quatre à gauche,-54,45
16520,montez de trente-neuf puis allez de quatre-vingt-onze à gauche,-91,39
16521,montez de trente puis allez de douze à gauche,-12,30
16522,montez de cinquante et un puis allez de quatre-vingt-douze à gauche,-92,51
16523,montez de trente-trois puis allez de quatre-vingt-dix-sept à gauche,-97,33
16524,montez de quarante-cinq puis allez de trente-quatre à gauche,-34,45
16525,montez de soixante-cinq puis allez de quatre-vingt-quatorze à gauche,-94,65
16526,montez de quarante-neuf puis allez de cent à gauche,-100,49
16527,montez de seize puis allez de trente-deux à gauche,-32,16
16528,montez de cinquante-sept puis allez de quatre-vingt-huit à gauche,-88,57
16529,montez de huit puis allez de soixante-douze à gauche,-72,8
16530,montez de trente-neuf puis allez de trente-sept à gauche,-37,39
16531,montez de trente-six puis allez de quatre-vingt-dix-neuf à gauche,-99,36
16532,montez de quatre-vingt-quatorze puis allez de quatre-vingt-huit à gauche,-88,94
16533,montez de quarante-sept puis allez de quatre-vingt-dix-huit à gauche,-98,47
16534,montez de soixante-dix-neuf puis allez de quatre-vingt-sept à gauche,-87,79
16535,montez de trente-cinq puis allez de quinze à gauche,-15,35
16536,montez de trente-sept puis allez de vingt-deux à gauche,-22,37
16537,montez de quatre-vingt-cinq puis allez de soixante-dix à gauche,-70,85
16538,montez de soixante-dix-neuf puis allez de quarante et un à gauche,-41,79
16539,montez de trente-six puis allez de quatre-vingt-un à gauche,-81,36
16540,montez de vingt-neuf puis allez de soixante-trois à gauche,-63,29
16541,montez de soixante-dix puis allez de quatre-vingt-seize à gauche,-96,70
16542,montez de sept puis allez de soixante-dix-huit à gauche,-78,7
16543,montez de trente-quatre puis allez de quatre-vingt-dix-sept à gauche,-97,34
16544,montez de cinquante-sept puis allez de soixante-cinq à gauche,-65,57
16545,montez de vingt-cinq puis allez de quatre-vingt-quatorze à gauche,-94,25
16546,montez de quatre-vingt-dix-sept puis allez de vingt-quatre à gauche,-24,97
16547,montez de soixante-seize puis allez de soixante-quatorze à gauche,-74,76
16548,montez de quatre-vingt-douze puis allez de vingt-quatre à gauche,-24,92
16549,montez de quatre-vingt-seize puis allez de cinquante et un à gauche,-51,96
16550,montez de six puis allez de cinq à gauche,-5,6
16551,montez de vingt-quatre puis allez de huit à gauche,-8,24
16552,montez de trente-sept puis allez de vingt à gauche,-20,37
16553,montez de soixante-seize puis allez de quarante-trois à gauche,-43,76
16554,montez de soixante-dix-neuf puis allez de quatre-vingt-onze à gauche,-91,79
16555,montez de trente-quatre puis allez de dix à gauche,-10,34
16556,montez de quatre-vingt-neuf puis allez de trois à gauche,-3,89
16557,montez de trente-neuf puis allez de vingt-six à gauche,-26,39
16558,montez de dix-neuf puis allez de quatre-vingt-dix-sept à gauche,-97,19
16559,montez de quarante-huit puis allez de quarante-neuf à gauche,-49,48
16560,montez de quatre-vingt-deux puis allez de dix-huit à gauche,-18,82
16561,montez de soixante et un puis allez de vingt-huit à gauche,-28,61
16562,montez de vingt-huit puis allez de cent à gauche,-100,28
16563,montez de vingt-quatre puis allez de vingt-huit à gauche,-28,24
16564,montez de soixante-treize puis allez de quatre-vingt-onze à gauche,-91,73
16565,montez de cinquante-quatre puis allez de quarante-deux à gauche,-42,54
16566,montez de seize puis allez de trente-sept à gauche,-37,16
16567,montez de cinq puis allez de soixante-sept à gauche,-67,5
16568,montez de quarante et un puis allez de quatre-vingt-huit à gauche,-88,41
16569,montez de trois puis allez de cinquante-sept à gauche,-57,3
16570,montez de soixante-quatorze puis allez de trente-quatre à gauche,-34,74
16571,montez de quatorze puis allez de soixante-dix-sept à gauche,-77,14
16572,montez de trois puis allez de cinquante-six à gauche,-56,3
16573,montez de cinquante-neuf puis allez de vingt-huit à gauche,-28,59
16574,montez de cinquante-cinq puis allez de soixante-seize à gauche,-76,55
16575,montez de soixante puis allez de dix-huit à gauche,-18,60
16576,montez de soixante-neuf puis allez de trente et un à gauche,-31,69
16577,montez de cinquante et un puis allez de vingt-huit à gauche,-28,51
16578,montez de quatre-vingts puis allez de quinze à gauche,-15,80
16579,montez de quatre-vingt-quinze puis allez de quatre à gauche,-4,95
16580,montez de cinquante-deux puis allez de un à gauche,-1,52
16581,montez de trente-quatre puis allez de dix-sept à gauche,-17,34
16582,montez de quatre-vingt-douze puis allez de soixante et un à gauche,-61,92
16583,montez de dix puis allez de soixante-six à gauche,-66,10
16584,montez de quarante-huit puis allez de dix à gauche,-10,48
16585,montez de cinquante-trois puis allez de quarante-trois à gauche,-43,53
16586,montez de vingt-deux puis allez de vingt et un à gauche,-21,22
16587,montez de onze puis allez de trente à gauche,-30,11
16588,montez de treize puis allez de vingt-huit à gauche,-28,13
16589,montez de trente-sept puis allez de trente à gauche,-30,37
16590,montez de soixante-quatorze puis allez de soixante-dix à gauche,-70,74
16591,montez de trente puis allez de vingt-sept à gauche,-27,30
16592,montez de soixante-dix-neuf puis allez de soixante-quatorze à gauche,-74,79
16593,montez de quatre-vingt-sept puis allez de vingt-sept à gauche,-27,87
16594,montez de quatre-vingt-sept puis allez de onze à gauche,-11,87
16595,montez de vingt puis allez de soixante-deux à gauche,-62,20
16596,montez de quatre-vingt-dix-neuf puis allez de quarante-neuf à gauche,-49,99
16597,montez de cinquante-neuf puis allez de soixante-sept à gauche,-67,59
16598,montez de trente-deux puis allez de sept à gauche,-7,32
16599,montez de trente-cinq puis allez de trente-deux à gauche,-32,35
16600,montez de douze puis allez de cinquante-cinq à gauche,-55,12
16601,montez de quarante-cinq puis allez de vingt-trois à gauche,-23,45
16602,montez de quarante-sept puis allez de seize à gauche,-16,47
16603,montez de vingt puis allez de soixante-treize à gauche,-73,20
16604,montez de cinquante-sept puis allez de vingt-six à gauche,-26,57
16605,montez de un puis allez de vingt à gauche,-20,1
16606,montez de soixante-trois puis allez de quarante-cinq à gauche,-45,63
16607,montez de soixante-trois puis allez de cinquante à gauche,-50,63
16608,montez de quarante-neuf puis allez de vingt-quatre à gauche,-24,49
16609,montez de trente-deux puis allez de quarante-trois à gauche,-43,32
16610,montez de douze puis allez de quatre-vingt-dix-sept à gauche,-97,12
16611,montez de sept puis allez de quatre-vingt-sept à gauche,-87,7
16612,montez de dix-huit puis allez de cinquante-deux à gauche,-52,18
16613,montez de soixante-dix-sept puis allez de huit à gauche,-8,77
16614,montez de soixante et onze puis allez de soixante-dix-huit à gauche,-78,71
16615,montez de vingt-sept puis allez de soixante-seize à gauche,-76,27
16616,montez de soixante-dix puis allez de soixante-douze à gauche,-72,70
16617,montez de cinquante-sept puis allez de vingt-deux à gauche,-22,57
16618,montez de cinquante-neuf puis allez de soixante-dix-sept à gauche,-77,59
16619,montez de cinquante-six puis allez de quatre-vingt-quinze à gauche,-95,56
16620,montez de quarante-trois puis allez de quatre-vingt-sept à gauche,-87,43
16621,montez de soixante et onze puis allez de quarante-huit à gauche,-48,71
16622,montez de soixante-dix puis allez de quatre-vingt-deux à gauche,-82,70
16623,montez de quatre puis allez de quarante-huit à gauche,-48,4
16624,montez de soixante-quatre puis allez de vingt et un à gauche,-21,64
16625,montez de cinquante-six puis allez de cinq à gauche,-5,56
16626,montez de vingt-neuf puis allez de vingt-six à gauche,-26,29
16627,montez de quatre-vingt-quinze puis allez de dix à gauche,-10,95
16628,montez de vingt-sept puis allez de trente-sept à gauche,-37,27
16629,montez de treize puis allez de quatre-vingt-quinze à gauche,-95,13
16630,montez de soixante-sept puis allez de cinq à gauche,-5,67
16631,montez de quatre-vingt-cinq puis allez de soixante et un à gauche,-61,85
16632,montez de cinquante-six puis allez de quatre-vingts à gauche,-80,56
16633,montez de cent puis allez de cinquante-sept à gauche,-57,100
16634,montez de quatre-vingt-onze puis allez de trente-six à gauche,-36,91
16635,montez de cinquante-trois puis allez de soixante-quatorze à gauche,-74,53
16636,montez de trente-sept puis allez de soixante-trois à gauche,-63,37
16637,montez de soixante-seize puis allez de vingt à gauche,-20,76
16638,montez de deux puis allez de trente-six à gauche,-36,2
16639,montez de quarante-sept puis allez de soixante-treize à gauche,-73,47
16640,montez de cinquante-neuf puis allez de neuf à gauche,-9,59
16641,montez de onze puis allez de dix-sept à gauche,-17,11
16642,montez de trente-six puis allez de soixante-huit à gauche,-68,36
16643,montez de quatre puis allez de cinquante-deux à gauche,-52,4
16644,montez de soixante-six puis allez de cent à gauche,-100,66
16645,montez de quarante-quatre puis allez de dix à gauche,-10,44
16646,montez de vingt-cinq puis allez de vingt-six à gauche,-26,25
16647,montez de cinquante-quatre puis allez de quatre-vingt-treize à gauche,-93,54
16648,montez de quatre-vingt-quatorze puis allez de quarante à gauche,-40,94
16649,montez de cinquante-quatre puis allez de quarante-huit à gauche,-48,54
16650,montez de soixante-treize puis allez de cinquante-neuf à gauche,-59,73
16651,montez de soixante-dix-sept puis allez de cent à gauche,-100,77
16652,montez de trente et un puis allez de dix-huit à gauche,-18,31
16653,montez de cinquante-six puis allez de quarante-trois à gauche,-43,56
16654,montez de six puis allez de vingt-six à gauche,-26,6
16655,montez de quarante et un puis allez de quatre-vingt-quatorze à gauche,-94,41
16656,montez de trente puis allez de quarante-neuf à gauche,-49,30
16657,montez de quatre-vingt-neuf puis allez de quatre-vingts à gauche,-80,89
16658,montez de quarante-deux puis allez de soixante-neuf à gauche,-69,42
16659,montez de cinquante puis allez de trente-six à gauche,-36,50
16660,montez de trente-deux puis allez de quatre à gauche,-4,32
16661,montez de vingt-neuf puis allez de soixante-six à gauche,-66,29
16662,montez de cinquante-quatre puis allez de cinquante-six à gauche,-56,54
16663,montez de seize puis allez de cinquante-deux à gauche,-52,16
16664,montez de quarante-deux puis allez de quatre-vingt-un à gauche,-81,42
16665,montez de quarante et un puis allez de quatre-vingt-dix-sept à gauche,-97,41
16666,montez de neuf puis allez de soixante à gauche,-60,9
16667,montez de cinquante-neuf puis allez de un à gauche,-1,59
16668,montez de trente-neuf puis allez de neuf à gauche,-9,39
16669,montez de soixante et un puis allez de cinquante-deux à gauche,-52,61
16670,montez de dix-huit puis allez de trente-six à gauche,-36,18
16671,montez de soixante puis allez de trente-huit à gauche,-38,60
16672,montez de cinquante-trois puis allez de huit à gauche,-8,53
16673,montez de quarante-trois puis allez de quatre-vingt-dix à gauche,-90,43
16674,montez de onze puis allez de cinq à gauche,-5,11
16675,montez de cinquante-quatre puis allez de soixante-deux à gauche,-62,54
16676,montez de quatre-vingt-trois puis allez de trente à gauche,-30,83
16677,montez de cinq puis allez de trente-neuf à gauche,-39,5
16678,montez de quatre-vingt-neuf puis allez de soixante et un à gauche,-61,89
16679,montez de cinq puis allez de quatre-vingt-huit à gauche,-88,5
16680,montez de soixante-treize puis allez de soixante-huit à gauche,-68,73
16681,montez de cinquante-neuf puis allez de quatre-vingts à gauche,-80,59
16682,montez de soixante-deux puis allez de quatre-vingt-quinze à gauche,-95,62
16683,montez de soixante puis allez de quatre-vingt-dix à gauche,-90,60
16684,montez de dix-neuf puis allez de quarante-cinq à gauche,-45,19
16685,montez de trente-six puis allez de dix-neuf à gauche,-19,36
16686,montez de cinquante et un puis allez de trente-neuf à gauche,-39,51
16687,montez de seize puis allez de quatre-vingt-seize à gauche,-96,16
16688,montez de quatre-vingt-huit puis allez de quarante-neuf à gauche,-49,88
16689,montez de un puis allez de soixante-dix à gauche,-70,1
16690,montez de cinquante-six puis allez de cent à gauche,-100,56
16691,montez de soixante-neuf puis allez de soixante-huit à gauche,-68,69
16692,montez de quatre-vingt-cinq puis allez de cinquante-trois à gauche,-53,85
16693,montez de quarante-six puis allez de vingt-six à gauche,-26,46
16694,montez de soixante-sept puis allez de quatre-vingt-dix-huit à gauche,-98,67
16695,montez de soixante-quatre puis allez de cinquante-quatre à gauche,-54,64
16696,montez de onze puis allez de cinq à gauche,-5,11
16697,montez de soixante-six puis allez de soixante-quatre à gauche,-64,66
16698,montez de soixante-dix-huit puis allez de deux à gauche,-2,78
16699,montez de quatre-vingt-quatorze puis allez de vingt et un à gauche,-21,94
16700,montez de cent puis allez de trente à gauche,-30,100
16701,montez de seize puis allez de quarante-quatre à gauche,-44,16
16702,montez de cinquante-trois puis allez de soixante-douze à gauche,-72,53
16703,montez de quarante-cinq puis allez de un à gauche,-1,45
16704,montez de douze puis allez de cinquante-deux à gauche,-52,12
16705,montez de quarante-trois puis allez de quatre-vingt-onze à gauche,-91,43
16706,montez de trente-sept puis allez de vingt-six à gauche,-26,37
16707,montez de quatre-vingt-trois puis allez de quarante-trois à gauche,-43,83
16708,montez de quatre-vingt-deux puis allez de quatre-vingt-dix à gauche,-90,82
16709,montez de quarante puis allez de cinquante-cinq à gauche,-55,40
16710,montez de vingt-six puis allez de cinquante à gauche,-50,26
16711,montez de soixante-huit puis allez de vingt à gauche,-20,68
16712,montez de quatre-vingt-quatorze puis allez de vingt-sept à gauche,-27,94
16713,montez de vingt-trois puis allez de soixante-huit à gauche,-68,23
16714,montez de cinq puis allez de vingt-neuf à gauche,-29,5
16715,montez de quatorze puis allez de cinquante et un à gauche,-51,14
16716,montez de quatre-vingt-sept puis allez de soixante et un à gauche,-61,87
16717,montez de cinquante-neuf puis allez de dix-sept à gauche,-17,59
16718,montez de soixante-sept puis allez de cent à gauche,-100,67
16719,montez de onze puis allez de vingt-huit à gauche,-28,11
16720,montez de soixante-huit puis allez de quatre-vingt-dix à gauche,-90,68
16721,montez de quarante-cinq puis allez de vingt-sept à gauche,-27,45
16722,montez de dix-huit puis allez de quatre-vingt-quatorze à gauche,-94,18
16723,montez de trente puis allez de soixante-neuf à gauche,-69,30
16724,montez de douze puis allez de cinquante à gauche,-50,12
16725,montez de cinquante-cinq puis allez de quatre-vingt-seize à gauche,-96,55
16726,montez de cent puis allez de soixante-huit à gauche,-68,100
16727,montez de quarante-six puis allez de treize à gauche,-13,46
16728,montez de quatre puis allez de quarante-quatre à gauche,-44,4
16729,montez de cinquante puis allez de soixante-cinq à gauche,-65,50
16730,montez de quatre-vingt-quatorze puis allez de vingt-trois à gauche,-23,94
16731,montez de vingt-sept puis allez de dix-huit à gauche,-18,27
16732,montez de soixante-dix puis allez de cinquante à gauche,-50,70
16733,montez de cinquante-neuf puis allez de trente-huit à gauche,-38,59
16734,montez de soixante et onze puis allez de cinq à gauche,-5,71
16735,montez de cinquante et un puis allez de trente-sept à gauche,-37,51
16736,montez de soixante-treize puis allez de cinquante et un à gauche,-51,73
16737,montez de treize puis allez de cinquante-cinq à gauche,-55,13
16738,montez de quatre-vingt-onze puis allez de soixante-dix-sept à gauche,-77,91
16739,montez de quatre-vingts puis allez de quatre-vingt-dix à gauche,-90,80
16740,montez de vingt-sept puis allez de trente-neuf à gauche,-39,27
16741,montez de soixante-quatre puis allez de vingt-deux à gauche,-22,64
16742,montez de soixante-dix-neuf puis allez de trente-six à gauche,-36,79
16743,montez de vingt et un puis allez de cinquante-huit à gauche,-58,21
16744,montez de huit puis allez de quatre-vingt-douze à gauche,-92,8
16745,montez de quatre-vingt-cinq puis allez de vingt-neuf à gauche,-29,85
16746,montez de quatre-vingt-deux puis allez de quarante-cinq à gauche,-45,82
16747,montez de quatre-vingt-huit puis allez de vingt et un à gauche,-21,88
16748,montez de cinquante puis allez de cinquante-quatre à gauche,-54,50
16749,montez de cinquante-deux puis allez de soixante et onze à gauche,-71,52
16750,montez de soixante-seize puis allez de quarante-huit à gauche,-48,76
16751,montez de soixante-dix-sept puis allez de soixante-seize à gauche,-76,77
16752,montez de cinquante-neuf puis allez de trente-trois à gauche,-33,59
16753,montez de soixante-trois puis allez de huit à gauche,-8,63
16754,montez de quatre-vingt-sept puis allez de quarante-trois à gauche,-43,87
16755,montez de cinquante-huit puis allez de soixante-neuf à gauche,-69,58
16756,montez de quarante-neuf puis allez de douze à gauche,-12,49
16757,montez de trois puis allez de cinquante-cinq à gauche,-55,3
16758,montez de trois puis allez de quatre-vingt-huit à gauche,-88,3
16759,montez de quatre-vingt-huit puis allez de quatre-vingt-douze à gauche,-92,88
16760,montez de trente-cinq puis allez de quarante-sept à gauche,-47,35
16761,montez de soixante-treize puis allez de quatre-vingt-douze à gauche,-92,73
16762,montez de quatre-vingt-un puis allez de cinquante-quatre à gauche,-54,81
16763,montez de quatre-vingt-un puis allez de quatre-vingt-quinze à gauche,-95,81
16764,montez de quinze puis allez de vingt-sept à gauche,-27,15
16765,montez de trente-sept puis allez de quatre-vingt-deux à gauche,-82,37
16766,montez de vingt-quatre puis allez de quatre à gauche,-4,24
16767,montez de soixante-douze puis allez de quarante-quatre à gauche,-44,72
16768,montez de quatorze puis allez de cinquante-neuf à gauche,-59,14
16769,montez de soixante-cinq puis allez de quatre-vingt-dix-neuf à gauche,-99,65
16770,montez de soixante-douze puis allez de quatre-vingt-dix à gauche,-90,72
16771,montez de soixante-cinq puis allez de quatre-vingt-dix-huit à gauche,-98,65
16772,montez de dix puis allez de quarante-neuf à gauche,-49,10
16773,montez de quatorze puis allez de quarante-neuf à gauche,-49,14
16774,montez de vingt-cinq puis allez de un à gauche,-1,25
16775,montez de quinze puis allez de quatre-vingt-treize à gauche,-93,15
16776,montez de dix-neuf puis allez de un à gauche,-1,19
16777,montez de soixante-quatre puis allez de douze à gauche,-12,64
16778,montez de quatre-vingt-treize puis allez de vingt-neuf à gauche,-29,93
16779,montez de quarante et un puis allez de soixante-quinze à gauche,-75,41
16780,montez de vingt-deux puis allez de quarante à gauche,-40,22
16781,montez de vingt et un puis allez de neuf à gauche,-9,21
16782,montez de trente-neuf puis allez de cinquante-cinq à gauche,-55,39
16783,montez de cinquante-neuf puis allez de quarante-quatre à gauche,-44,59
16784,montez de seize puis allez de quatre-vingt-quatorze à gauche,-94,16
16785,montez de soixante-deux puis allez de soixante-dix à gauche,-70,62
16786,montez de un puis allez de vingt à gauche,-20,1
16787,montez de soixante-douze puis allez de quatre-vingt-cinq à gauche,-85,72
16788,montez de cinquante-trois puis allez de treize à gauche,-13,53
16789,montez de soixante-neuf puis allez de quarante et un à gauche,-41,69
16790,montez de quarante-sept puis allez de deux à gauche,-2,47
16791,montez de quatre-vingt-quatorze puis allez de douze à gauche,-12,94
16792,montez de soixante-dix-neuf puis allez de un à gauche,-1,79
16793,montez de quatre-vingt-dix-sept puis allez de trente-quatre à gauche,-34,97
16794,montez de vingt-trois puis allez de soixante-quatorze à gauche,-74,23
16795,montez de vingt-quatre puis allez de cinquante-sept à gauche,-57,24
16796,montez de quarante-trois puis allez de dix-sept à gauche,-17,43
16797,montez de quatre-vingt-onze puis allez de soixante-trois à gauche,-63,91
16798,montez de vingt puis allez de cent à gauche,-100,20
16799,montez de soixante-six puis allez de cinquante-six à gauche,-56,66
16800,montez de quarante-deux puis allez de cent à gauche,-100,42
16801,montez de douze puis allez de quatre-vingt-six à gauche,-86,12
16802,montez de dix-huit puis allez de dix à gauche,-10,18
16803,montez de vingt-cinq puis allez de vingt-trois à gauche,-23,25
16804,montez de quatre-vingt-deux puis allez de vingt à gauche,-20,82
16805,montez de vingt-cinq puis allez de soixante-six à gauche,-66,25
16806,montez de quarante puis allez de cent à gauche,-100,40
16807,montez de quatre-vingt-dix-sept puis allez de quatre-vingt-seize à gauche,-96,97
16808,montez de quarante-cinq puis allez de cinquante-cinq à gauche,-55,45
16809,montez de cinq puis allez de trente-huit à gauche,-38,5
16810,montez de quarante puis allez de trente-six à gauche,-36,40
16811,montez de quatre-vingt-huit puis allez de soixante-quinze à gauche,-75,88
16812,montez de six puis allez de quarante à gauche,-40,6
16813,montez de quarante-quatre puis allez de quarante-huit à gauche,-48,44
16814,montez de neuf puis allez de quatre-vingt-dix-huit à gauche,-98,9
16815,montez de soixante-seize puis allez de vingt-sept à gauche,-27,76
16816,montez de soixante-neuf puis allez de quatre-vingt-dix à gauche,-90,69
16817,montez de vingt-cinq puis allez de un à gauche,-1,25
16818,montez de soixante-quinze puis allez de soixante-dix-neuf à gauche,-79,75
16819,montez de un puis allez de soixante-six à gauche,-66,1
16820,montez de quatre-vingt-quinze puis allez de vingt-cinq à gauche,-25,95
16821,montez de quarante-trois puis allez de quatre-vingt-dix-huit à gauche,-98,43
16822,montez de vingt et un puis allez de cinq à gauche,-5,21
16823,montez de quatre-vingt-dix-sept puis allez de cinquante-deux à gauche,-52,97
16824,montez de trente-cinq puis allez de soixante-treize à gauche,-73,35
16825,montez de cent puis allez de vingt-huit à gauche,-28,100
16826,montez de cinquante-six puis allez de trente-huit à gauche,-38,56
16827,montez de quarante-deux puis allez de treize à gauche,-13,42
16828,montez de soixante-dix puis allez de soixante-sept à gauche,-67,70
16829,montez de vingt-six puis allez de soixante-huit à gauche,-68,26
16830,montez de cinquante-quatre puis allez de cinquante-sept à gauche,-57,54
16831,montez de vingt-sept puis allez de soixante-cinq à gauche,-65,27
16832,montez de cinquante-trois puis allez de quatre-vingt-dix-neuf à gauche,-99,53
16833,montez de quarante-cinq puis allez de soixante-quatorze à gauche,-74,45
16834,montez de cent puis allez de quatre-vingt-dix-huit à gauche,-98,100
16835,montez de vingt-sept puis allez de trente et un à gauche,-31,27
16836,montez de trente-deux puis allez de quatorze à gauche,-14,32
16837,montez de quarante-quatre puis allez de quinze à gauche,-15,44
16838,montez de vingt-neuf puis allez de quatre-vingt-quatre à gauche,-84,29
16839,montez de quatre-vingt-trois puis allez de vingt-deux à gauche,-22,83
16840,montez de quatre-vingt-onze puis allez de soixante-cinq à gauche,-65,91
16841,montez de soixante-sept puis allez de sept à gauche,-7,67
16842,montez de dix-huit puis allez de douze à gauche,-12,18
16843,montez de quinze puis allez de cinquante à gauche,-50,15
16844,montez de soixante-huit puis allez de soixante-seize à gauche,-76,68
16845,montez de huit puis allez de quarante-quatre à gauche,-44,8
16846,montez de cent puis allez de quarante-deux à gauche,-42,100
16847,montez de quarante-neuf puis allez de quarante-quatre à gauche,-44,49
16848,montez de quarante-cinq puis allez de soixante-dix à gauche,-70,45
16849,montez de vingt-sept puis allez de trente-sept à gauche,-37,27
16850,montez de cinquante-huit puis allez de trente à gauche,-30,58
16851,montez de dix-neuf puis allez de trente-cinq à gauche,-35,19
16852,montez de cinquante-deux puis allez de trente-neuf à gauche,-39,52
16853,montez de quarante-sept puis allez de quatre-vingt-cinq à gauche,-85,47
16854,montez de six puis allez de quatre-vingt-cinq à gauche,-85,6
16855,montez de quarante-deux puis allez de quatre-vingt-neuf à gauche,-89,42
16856,montez de dix-neuf puis allez de quarante-deux à gauche,-42,19
16857,montez de quarante-trois puis allez de quatre-vingts à gauche,-80,43
16858,montez de soixante-deux puis allez de soixante-douze à gauche,-72,62
16859,montez de neuf puis allez de quatre-vingt-six à gauche,-86,9
16860,montez de soixante-dix-sept puis allez de vingt-sept à gauche,-27,77
16861,montez de cinquante-quatre puis allez de quatre-vingt-dix-sept à gauche,-97,54
16862,montez de cinquante-quatre puis allez de soixante-quatre à gauche,-64,54
16863,montez de quatre-vingt-treize puis allez de quarante-deux à gauche,-42,93
16864,montez de soixante-sept puis allez de soixante-cinq à gauche,-65,67
16865,montez de soixante-cinq puis allez de quatre-vingt-dix-neuf à gauche,-99,65
16866,montez de quatre-vingt-treize puis allez de treize à gauche,-13,93
16867,montez de quarante et un puis allez de quarante-six à gauche,-46,41
16868,montez de quatre-vingt-huit puis allez de quatre-vingt-onze à gauche,-91,88
16869,montez de vingt-sept puis allez de trente-quatre à gauche,-34,27
16870,montez de quatre-vingts puis allez de quatre-vingts à gauche,-80,80
16871,montez de dix-sept puis allez de trente-sept à gauche,-37,17
16872,montez de quatre-vingt-dix-sept puis allez de trente-trois à gauche,-33,97
16873,montez de soixante puis allez de dix à gauche,-10,60
16874,montez de quatre-vingt-deux puis allez de quatre-vingt-cinq à gauche,-85,82
16875,montez de huit puis allez de vingt à gauche,-20,8
16876,montez de quatre-vingt-trois puis allez de quatre-vingt-sept à gauche,-87,83
16877,montez de quarante et un puis allez de cinquante-huit à gauche,-58,41
16878,montez de vingt-six puis allez de soixante-dix à gauche,-70,26
16879,montez de vingt-trois puis allez de neuf à gauche,-9,23
16880,montez de soixante-dix-sept puis allez de vingt-deux à gauche,-22,77
16881,montez de soixante-dix-sept puis allez de vingt-quatre à gauche,-24,77
16882,montez de neuf puis allez de quatre-vingt-quatre à gauche,-84,9
16883,montez de soixante puis allez de trente-sept à gauche,-37,60
16884,montez de soixante-neuf puis allez de neuf à gauche,-9,69
16885,montez de vingt-neuf puis allez de vingt à gauche,-20,29
16886,montez de quarante-neuf puis allez de quatre-vingt-un à gauche,-81,49
16887,montez de quatre-vingt-quatre puis allez de trente-sept à gauche,-37,84
16888,montez de vingt et un puis allez de soixante-quatre à gauche,-64,21
16889,montez de soixante-quatre puis allez de soixante-deux à gauche,-62,64
16890,montez de quatorze puis allez de quatorze à gauche,-14,14
16891,montez de quinze puis allez de quatre-vingt-dix-huit à gauche,-98,15
16892,montez de cinq puis allez de soixante-huit à gauche,-68,5
16893,montez de soixante-trois puis allez de quatre-vingt-un à gauche,-81,63
16894,montez de vingt-deux puis allez de quarante-trois à gauche,-43,22
16895,montez de soixante-trois puis allez de quatre-vingt-six à gauche,-86,63
16896,montez de quatre-vingt-huit puis allez de quarante-quatre à gauche,-44,88
16897,montez de quarante-cinq puis allez de quatre-vingt-deux à gauche,-82,45
16898,montez de quatre-vingt-onze puis allez de soixante-douze à gauche,-72,91
16899,montez de trente-trois puis allez de quarante et un à gauche,-41,33
16900,montez de quatre-vingt-douze puis allez de cinquante-quatre à gauche,-54,92
16901,montez de cinquante-sept puis allez de cinquante-huit à gauche,-58,57
16902,montez de quatre-vingt-onze puis allez de soixante-quatre à gauche,-64,91
16903,montez de quarante-deux puis allez de quatre-vingt-dix-huit à gauche,-98,42
16904,montez de soixante-huit puis allez de vingt-cinq à gauche,-25,68
16905,montez de quatre-vingt-deux puis allez de cinquante-neuf à gauche,-59,82
16906,montez de deux puis allez de dix-neuf à gauche,-19,2
16907,montez de vingt-quatre puis allez de quatre-vingt-dix-neuf à gauche,-99,24
16908,montez de quatre-vingt-un puis allez de cinquante-cinq à gauche,-55,81
16909,montez de onze puis allez de cinquante-six à gauche,-56,11
16910,montez de trois puis allez de vingt-huit à gauche,-28,3
16911,montez de soixante-douze puis allez de quarante-six à gauche,-46,72
16912,montez de quatre-vingt-dix-huit puis allez de six à gauche,-6,98
16913,montez de quatorze puis allez de quarante-trois à gauche,-43,14
16914,montez de quatre-vingt-quinze puis allez de soixante-quatorze à gauche,-74,95
16915,montez de cent puis allez de dix-huit à gauche,-18,100
16916,montez de quatre-vingt-quatre puis allez de vingt et un à gauche,-21,84
16917,montez de soixante-cinq puis allez de un à gauche,-1,65
16918,montez de trente-sept puis allez de cinquante à gauche,-50,37
16919,montez de soixante-quatorze puis allez de trente à gauche,-30,74
16920,montez de deux puis allez de quatre-vingt-seize à gauche,-96,2
16921,montez de dix-sept puis allez de vingt-quatre à gauche,-24,17
16922,montez de cinquante puis allez de quarante-six à gauche,-46,50
16923,montez de vingt-trois puis allez de soixante-huit à gauche,-68,23
16924,montez de quatre-vingt-dix-neuf puis allez de vingt-cinq à gauche,-25,99
16925,montez de seize puis allez de quatre-vingt-onze à gauche,-91,16
16926,montez de sept puis allez de soixante-dix-sept à gauche,-77,7
16927,montez de quatre-vingt-douze puis allez de quarante-sept à gauche,-47,92
16928,montez de soixante-quatorze puis allez de quatre-vingt-seize à gauche,-96,74
16929,montez de cinquante-sept puis allez de quatre-vingt-sept à gauche,-87,57
16930,montez de un puis allez de quatre-vingt-cinq à gauche,-85,1
16931,montez de quatre-vingt-douze puis allez de trois à gauche,-3,92
16932,montez de vingt-huit puis allez de soixante à gauche,-60,28
16933,montez de soixante-six puis allez de vingt-neuf à gauche,-29,66
16934,montez de trente-huit puis allez de soixante-sept à gauche,-67,38
16935,montez de quarante-sept puis allez de trente-trois à gauche,-33,47
16936,montez de vingt-trois puis allez de vingt-neuf à gauche,-29,23
16937,montez de quatre-vingt-douze puis allez de soixante-sept à gauche,-67,92
16938,montez de six puis allez de soixante et un à gauche,-61,6
16939,montez de quatre-vingt-treize puis allez de soixante-sept à gauche,-67,93
16940,montez de trente-neuf puis allez de vingt-deux à gauche,-22,39
16941,montez de quarante-neuf puis allez de trente et un à gauche,-31,49
16942,montez de quarante-sept puis allez de soixante-trois à gauche,-63,47
16943,montez de quarante-neuf puis allez de vingt à gauche,-20,49
16944,montez de soixante-dix-sept puis allez de soixante-neuf à gauche,-69,77
16945,montez de quatre-vingt-cinq puis allez de quatre à gauche,-4,85
16946,montez de soixante-neuf puis allez de trente-sept à gauche,-37,69
16947,montez de trente-quatre puis allez de quatre-vingt-dix-sept à gauche,-97,34
16948,montez de quarante-sept puis allez de quatre-vingt-quatorze à gauche,-94,47
16949,montez de soixante-sept puis allez de cinquante-huit à gauche,-58,67
16950,montez de huit puis allez de soixante-dix-sept à gauche,-77,8
16951,montez de trente et un puis allez de cinquante-cinq à gauche,-55,31
16952,montez de soixante-quatre puis allez de quarante-quatre à gauche,-44,64
16953,montez de vingt-trois puis allez de quatre-vingt-six à gauche,-86,23
16954,montez de quatre-vingt-huit puis allez de vingt-trois à gauche,-23,88
16955,montez de trente-trois puis allez de soixante-huit à gauche,-68,33
16956,montez de soixante puis allez de quatre-vingt-quinze à gauche,-95,60
16957,montez de soixante-six puis allez de dix-neuf à gauche,-19,66
16958,montez de quatre-vingt-quatre puis allez de soixante-dix-neuf à gauche,-79,84
16959,montez de trente-huit puis allez de cinquante-six à gauche,-56,38
16960,montez de soixante-quatorze puis allez de soixante-dix-sept à gauche,-77,74
16961,montez de quarante-deux puis allez de soixante-dix-huit à gauche,-78,42
16962,montez de quatre-vingt-huit puis allez de vingt-sept à gauche,-27,88
16963,montez de vingt-six puis allez de trente-six à gauche,-36,26
16964,montez de quarante-cinq puis allez de vingt-cinq à gauche,-25,45
16965,montez de vingt-sept puis allez de cinq à gauche,-5,27
16966,montez de trente-cinq puis allez de quarante-trois à gauche,-43,35
16967,montez de quatre-vingt-six puis allez de quatre-vingt-six à gauche,-86,86
16968,montez de cinquante-six puis allez de soixante-quatorze à gauche,-74,56
16969,montez de dix-neuf puis allez de soixante-quinze à gauche,-75,19
16970,montez de trente-sept puis allez de quatre-vingt-dix-sept à gauche,-97,37
16971,montez de quarante-neuf puis allez de soixante-dix-huit à gauche,-78,49
16972,montez de quatre-vingt-six puis allez de douze à gauche,-12,86
16973,montez de douze puis allez de trente-deux à gauche,-32,12
16974,montez de soixante-quatorze puis allez de seize à gauche,-16,74
16975,montez de vingt puis allez de quarante-neuf à gauche,-49,20
16976,montez de quarante-trois puis allez de vingt et un à gauche,-21,43
16977,montez de quarante-quatre puis allez de soixante-deux à gauche,-62,44
16978,montez de cinquante-neuf puis allez de onze à gauche,-11,59
16979,montez de cinquante-six puis allez de quarante-sept à gauche,-47,56
16980,montez de cent puis allez de deux à gauche,-2,100
16981,montez de cinquante-sept puis allez de quatre à gauche,-4,57
16982,montez de quarante-cinq puis allez de treize à gauche,-13,45
16983,montez de trente et un puis allez de quatre-vingt-seize à gauche,-96,31
16984,montez de treize puis allez de cinquante à gauche,-50,13
16985,montez de quatre-vingt-huit puis allez de trente-sept à gauche,-37,88
16986,montez de vingt-neuf puis allez de quatre-vingt-dix-sept à gauche,-97,29
16987,montez de soixante-neuf puis allez de dix-sept à gauche,-17,69
16988,montez de quatre-vingt-quatre puis allez de quatre à gauche,-4,84
16989,montez de seize puis allez de quatre-vingt-huit à gauche,-88,16
16990,montez de vingt-neuf puis allez de trente-deux à gauche,-32,29
16991,montez de cinquante-trois puis allez de quatorze à gauche,-14,53
16992,montez de quatre-vingt-un puis allez de vingt-neuf à gauche,-29,81
16993,montez de soixante-six puis allez de treize à gauche,-13,66
16994,montez de quatre-vingt-cinq puis allez de soixante-neuf à gauche,-69,85
16995,montez de soixante-dix-neuf puis allez de seize à gauche,-16,79
16996,montez de quatre-vingt-onze puis allez de trente-sept à gauche,-37,91
16997,montez de cinquante-cinq puis allez de soixante à gauche,-60,55
16998,montez de quarante-six puis allez de soixante et onze à gauche,-71,46
16999,montez de vingt-sept puis allez de six à gauche,-6,27
17000,montez de trente-deux puis allez de quatre à droite,4,32
17001,montez de trente-trois puis allez de cinquante-huit à droite,58,33
17002,montez de vingt-huit puis allez de quatre à droite,4,28
17003,montez de soixante et un puis allez de deux à droite,2,61
17004,montez de trente-six puis allez de cinquante-huit à droite,58,36
17005,montez de quatre puis allez de cinquante-cinq à droite,55,4
17006,montez de dix puis allez de cinquante-six à droite,56,10
17007,montez de soixante-quatre puis allez de soixante-treize à droite,73,64
17008,montez de cinquante-cinq puis allez de trente-sept à droite,37,55
17009,montez de quatre-vingt-six puis allez de trente et un à droite,31,86
17010,montez de soixante-six puis allez de quatre-vingt-treize à droite,93,66
17011,montez de quarante-six puis allez de cinquante-sept à droite,57,46
17012,montez de soixante-quinze puis allez de dix à droite,10,75
17013,montez de quatre-vingt-deux puis allez de quatre-vingt-huit à droite,88,82
17014,montez de quatre-vingt-onze puis allez de soixante-sept à droite,67,91
17015,montez de quatre-vingt-dix-neuf puis allez de trente-neuf à droite,39,99
17016,montez de quatre-vingt-un puis allez de neuf à droite,9,81
17017,montez de sept puis allez de quatre-vingt-onze à droite,91,7
17018,montez de quarante puis allez de quarante-cinq à droite,45,40
17019,montez de trente-sept puis allez de quatre-vingt-douze à droite,92,37
17020,montez de quatre-vingt-dix puis allez de cinquante-sept à droite,57,90
17021,montez de quarante et un puis allez de vingt-deux à droite,22,41
17022,montez de soixante-dix-huit puis allez de trente-neuf à droite,39,78
17023,montez de quatre-vingt-un puis allez de quatre-vingt-sept à droite,87,81
17024,montez de soixante-six puis allez de trente à droite,30,66
17025,montez de vingt et un puis allez de soixante et onze à droite,71,21
17026,montez de soixante-cinq puis allez de quarante-sept à droite,47,65
17027,montez de soixante puis allez de cinquante-six à droite,56,60
17028,montez de soixante et onze puis allez de quarante et un à droite,41,71
17029,montez de trente-six puis allez de quatre-vingt-dix-sept à droite,97,36
17030,montez de dix-sept puis allez de seize à droite,16,17
17031,montez de soixante et un puis allez de dix-huit à droite,18,61
17032,montez de quarante-sept puis allez de dix à droite,10,47
17033,montez de quatre-vingt-huit puis allez de soixante-trois à droite,63,88
17034,montez de soixante-cinq puis allez de quarante-trois à droite,43,65
17035,montez de trente puis allez de soixante et onze à droite,71,30
17036,montez de soixante-treize puis allez de quarante-six à droite,46,73
17037,montez de cinquante-huit puis allez de quarante à droite,40,58
17038,montez de deux puis allez de dix-sept à droite,17,2
17039,montez de cinquante-deux puis allez de trente-six à droite,36,52
17040,montez de soixante-treize puis allez de soixante-dix à droite,70,73
17041,montez de quinze puis allez de quarante-trois à droite,43,15
17042,montez de deux puis allez de cinquante-quatre à droite,54,2
17043,montez de trente puis allez de treize à droite,13,30
17044,montez de onze puis allez de soixante-douze à droite,72,11
17045,montez de six puis allez de quatre-vingt-quatorze à droite,94,6
17046,montez de dix-neuf puis allez de quatre-vingt-quatorze à droite,94,19
17047,montez de vingt-huit puis allez de quatre-vingt-seize à droite,96,28
17048,montez de quarante et un puis allez de quarante-deux à droite,42,41
17049,montez de quatre-vingt-seize puis allez de dix-huit à droite,18,96
17050,montez de cinquante-sept puis allez de soixante-neuf à droite,69,57
17051,montez de soixante-dix puis allez de soixante-dix-sept à droite,77,70
17052,montez de quarante-deux puis allez de soixante-dix à droite,70,42
17053,montez de trente-trois puis allez de quarante et un à droite,41,33
17054,montez de cinquante-huit puis allez de soixante-dix-huit à droite,78,58
17055,montez de vingt-quatre puis allez de quatre-vingt-six à droite,86,24
17056,montez de sept puis allez de vingt-quatre à droite,24,7
17057,montez de quatre-vingt-dix-huit puis allez de quatorze à droite,14,98
17058,montez de quatre-vingt-dix-huit puis allez de soixante-neuf à droite,69,98
17059,montez de soixante-dix-neuf puis allez de cinquante à droite,50,79
17060,montez de soixante-six puis allez de vingt-huit à droite,28,66
17061,montez de cent puis allez de quarante-sept à droite,47,100
17062,montez de dix-huit puis allez de cent à droite,100,18
17063,montez de trente-sept puis allez de huit à droite,8,37
17064,montez de quatre-vingt-douze puis allez de quatre-vingt-un à droite,81,92
17065,montez de soixante-cinq puis allez de vingt-neuf à droite,29,65
17066,montez de dix-neuf puis allez de sept à droite,7,19
17067,montez de quarante-neuf puis allez de quarante à droite,40,49
17068,montez de soixante-deux puis allez de quarante-huit à droite,48,62
17069,montez de dix-huit puis allez de quatre-vingt-un à droite,81,18
17070,montez de soixante-treize puis allez de trente-deux à droite,32,73
17071,montez de quatre-vingt-treize puis allez de onze à droite,11,93
17072,montez de soixante puis allez de soixante-douze à droite,72,60
17073,montez de vingt-quatre puis allez de trente-cinq à droite,35,24
17074,montez de soixante et un puis allez de quatre à droite,4,61
17075,montez de soixante-dix puis allez de trente-trois à droite,33,70
17076,montez de sept puis allez de quatre-vingt-dix-huit à droite,98,7
17077,montez de quarante puis allez de quatre-vingt-trois à droite,83,40
17078,montez de quatre-vingt-neuf puis allez de douze à droite,12,89
17079,montez de trente-six puis allez de vingt et un à droite,21,36
17080,montez de soixante-dix-neuf puis allez de vingt-sept à droite,27,79
17081,montez de quarante-deux puis allez de vingt-cinq à droite,25,42
17082,montez de quatre-vingt-quatorze puis allez de quarante-trois à droite,43,94
17083,montez de quarante puis allez de vingt-quatre à droite,24,40
17084,montez de trente-neuf puis allez de quatre-vingt-un à droite,81,39
17085,montez de vingt-six puis allez de quatre-vingt-trois à droite,83,26
17086,montez de vingt-sept puis allez de quinze à droite,15,27
17087,montez de trente-quatre puis allez de quatre-vingt-dix-huit à droite,98,34
17088,montez de quarante-sept puis allez de cinquante-neuf à droite,59,47
17089,montez de seize puis allez de soixante à droite,60,16
17090,montez de dix-huit puis allez de cinquante-sept à droite,57,18
17091,montez de trente-neuf puis allez de soixante-dix-sept à droite,77,39
17092,montez de quarante-trois puis allez de dix-huit à droite,18,43
17093,montez de cinquante-huit puis allez de soixante-sept à droite,67,58
17094,montez de quarante-huit puis allez de quatre-vingt-un à droite,81,48
17095,montez de vingt-quatre puis allez de trente-huit à droite,38,24
17096,montez de neuf puis allez de quatorze à droite,14,9
17097,montez de soixante puis allez de trente-trois à droite,33,60
17098,montez de cinquante-six puis allez de quatre-vingt-dix-huit à droite,98,56
17099,montez de cinquante-trois puis allez de douze à droite,12,53
17100,montez de huit puis allez de soixante-dix à droite,70,8
17101,montez de quatre-vingt-cinq puis allez de soixante-trois à droite,63,85
17102,montez de cinquante-cinq puis allez de deux à droite,2,55
17103,montez de seize puis allez de quatre-vingt-six à droite,86,16
17104,montez de vingt-cinq puis allez de cinquante à droite,50,25
17105,montez de soixante-dix-sept puis allez de quarante-six à droite,46,77
17106,montez de cinquante-trois puis allez de trente à droite,30,53
17107,montez de trente-deux puis allez de quarante-neuf à droite,49,32
17108,montez de soixante-dix-huit puis allez de soixante-huit à droite,68,78
17109,montez de vingt puis allez de quarante et un à droite,41,20
17110,montez de quatre-vingt-neuf puis allez de quatre-vingt-six à droite,86,89
17111,montez de trente-deux puis allez de cinquante-trois à droite,53,32
17112,montez de trente-deux puis allez de vingt-deux à droite,22,32
17113,montez de quatre-vingt-sept puis allez de soixante-dix-huit à droite,78,87
17114,montez de soixante-deux puis allez de quatre-vingt-quinze à droite,95,62
17115,montez de quatre-vingt-dix-neuf puis allez de trente-sept à droite,37,99
17116,montez de cinquante-huit puis allez de quarante-cinq à droite,45,58
17117,montez de deux puis allez de trente-six à droite,36,2
17118,montez de soixante et onze puis allez de soixante-deux à droite,62,71
17119,montez de trente-six puis allez de quatre-vingt-trois à droite,83,36
17120,montez de quarante-cinq puis allez de vingt-sept à droite,27,45
17121,montez de quatre-vingt-quinze puis allez de un à droite,1,95
17122,montez de deux puis allez de soixante-quatre à droite,64,2
17123,montez de quatre-vingt-quinze puis allez de vingt à droite,20,95
17124,montez de quarante-six puis allez de quatre à droite,4,46
17125,montez de douze puis allez de quarante-cinq à droite,45,12
17126,montez de vingt-cinq puis allez de cinquante à droite,50,25
17127,montez de onze puis allez de soixante et onze à droite,71,11
17128,montez de cinquante-sept puis allez de soixante-sept à droite,67,57
17129,montez de huit puis allez de quatre-vingt-cinq à droite,85,8
17130,montez de six puis allez de cinq à droite,5,6
17131,montez de douze puis allez de cinquante-huit à droite,58,12
17132,montez de treize puis allez de quarante-neuf à droite,49,13
17133,montez de trente et un puis allez de quatre-vingts à droite,80,31
17134,montez de quatre-vingt-dix-huit puis allez de seize à droite,16,98
17135,montez de vingt-sept puis allez de sept à droite,7,27
17136,montez de soixante-dix-huit puis allez de quatre-vingt-dix à droite,90,78
17137,montez de soixante-sept puis allez de cinquante-trois à droite,53,67
17138,montez de cinquante-huit puis allez de quatre-vingt-quatorze à droite,94,58
17139,montez de soixante et un puis allez de quatre-vingt-douze à droite,92,61
17140,montez de vingt-trois puis allez de soixante-quatre à droite,64,23
17141,montez de vingt et un puis allez de trente-cinq à droite,35,21
17142,montez de vingt-trois puis allez de quatre-vingt-neuf à droite,89,23
17143,montez de quarante-quatre puis allez de quarante à droite,40,44
17144,montez de cinquante-huit puis allez de trente et un à droite,31,58
17145,montez de soixante puis allez de quarante-quatre à droite,44,60
17146,montez de dix-neuf puis allez de neuf à droite,9,19
17147,montez de quinze puis allez de cinquante-huit à droite,58,15
17148,montez de quarante-six puis allez de quarante-neuf à droite,49,46
17149,montez de soixante-deux puis allez de quatre-vingt-un à droite,81,62
17150,montez de soixante-huit puis allez de quatre-vingt-trois à droite,83,68
17151,montez de douze puis allez de soixante-neuf à droite,69,12
17152,montez de dix-sept puis allez de trente-huit à droite,38,17
17153,montez de quatorze puis allez de quatre-vingt-cinq à droite,85,14
17154,montez de cinquante-deux puis allez de quatre-vingt-six à droite,86,52
17155,montez de soixante et onze puis allez de vingt-huit à droite,28,71
17156,montez de quarante-sept puis allez de trente-neuf à droite,39,47
17157,montez de vingt-deux puis allez de trente-cinq à droite,35,22
17158,montez de soixante-neuf puis allez de soixante-cinq à droite,65,69
17159,montez de trente-trois puis allez de quatre-vingt-quinze à droite,95,33
17160,montez de trente-six puis allez de quatre-vingt-onze à droite,91,36
17161,montez de quatre-vingt-deux puis allez de quarante-deux à droite,42,82
17162,montez de quatre-vingt-dix-huit puis allez de soixante-trois à droite,63,98
17163,montez de soixante-quatorze puis allez de soixante-seize à droite,76,74
17164,montez de quarante et un puis allez de vingt-cinq à droite,25,41
17165,montez de quinze puis allez de soixante-sept à droite,67,15
17166,montez de soixante-sept puis allez de cinquante-huit à droite,58,67
17167,montez de treize puis allez de soixante-neuf à droite,69,13
17168,montez de quarante-cinq puis allez de trente-quatre à droite,34,45
17169,montez de soixante-dix-huit puis allez de soixante et un à droite,61,78
17170,montez de quatre-vingt-six puis allez de soixante et un à droite,61,86
17171,montez de soixante-quatre puis allez de vingt-quatre à droite,24,64
17172,montez de cinquante et un puis allez de soixante-quatre à droite,64,51
17173,montez de trente-huit puis allez de quinze à droite,15,38
17174,montez de soixante-dix puis allez de quarante-six à droite,46,70
17175,montez de trente-quatre puis allez de six à droite,6,34
17176,montez de trente-huit puis allez de quinze à droite,15,38
17177,montez de vingt-cinq puis allez de soixante-treize à droite,73,25
17178,montez de cinquante-neuf puis allez de quarante-quatre à droite,44,59
17179,montez de sept puis allez de dix-neuf à droite,19,7
17180,montez de soixante-deux puis allez de trente-sept à droite,37,62
17181,montez de cinquante et un puis allez de six à droite,6,51
17182,montez de vingt puis allez de quatre-vingt-neuf à droite,89,20
17183,montez de trente-sept puis allez de cinq à droite,5,37
17184,montez de cinquante-deux puis allez de sept à droite,7,52
17185,montez de vingt-six puis allez de quatre-vingt-dix-neuf à droite,99,26
17186,montez de cinquante-huit puis allez de dix-huit à droite,18,58
17187,montez de quatre-vingt-un puis allez de treize à droite,13,81
17188,montez de seize puis allez de soixante et onze à droite,71,16
17189,montez de cinquante-trois puis allez de onze à droite,11,53
17190,montez de soixante-dix-neuf puis allez de onze à droite,11,79
17191,montez de cinquante-huit puis allez de un à droite,1,58
17192,montez de soixante-six puis allez de quatre-vingt-deux à droite,82,66
17193,montez de quarante-quatre puis allez de soixante à droite,60,44
17194,montez de onze puis allez de soixante et onze à droite,71,11
17195,montez de quarante-neuf puis allez de soixante-quatre à droite,64,49
17196,montez de cinq puis allez de vingt-deux à droite,22,5
17197,montez de soixante-quatorze puis allez de trente-deux à droite,32,74
17198,montez de treize puis allez de vingt-cinq à droite,25,13
17199,montez de cinq puis allez de soixante-treize à droite,73,5
17200,montez de seize puis allez de six à droite,6,16
17201,montez de dix-neuf puis allez de soixante-dix à droite,70,19
17202,montez de quatre-vingt-six puis allez de quatre-vingt-six à droite,86,86
17203,montez de soixante-sept puis allez de vingt-six à droite,26,67
17204,montez de quarante-six puis allez de trente à droite,30,46
17205,montez de cinquante-cinq puis allez de soixante-dix-huit à droite,78,55
17206,montez de quarante puis allez de soixante-quatorze à droite,74,40
17207,montez de six puis allez de quatre-vingt-onze à droite,91,6
17208,montez de vingt-huit puis allez de trente-six à droite,36,28
17209,montez de quatre-vingt-huit puis allez de douze à droite,12,88
17210,montez de quatre-vingt-quatre puis allez de treize à droite,13,84
17211,montez de soixante et un puis allez de quatre-vingt-huit à droite,88,61
17212,montez de cinquante-deux puis allez de trente et un à droite,31,52
17213,montez de neuf puis allez de quatre-vingt-sept à droite,87,9
17214,montez de cinquante-trois puis allez de quatre-vingt-onze à droite,91,53
17215,montez de trente-six puis allez de cinquante-trois à droite,53,36
17216,montez de soixante-six puis allez de treize à droite,13,66
17217,montez de vingt-neuf puis allez de neuf à droite,9,29
17218,montez de soixante-dix puis allez de quarante à droite,40,70
17219,montez de quatre-vingt-dix puis allez de deux à droite,2,90
17220,montez de quarante-huit puis allez de cinquante-sept à droite,57,48
17221,montez de quatre-vingt-seize puis allez de cinquante-huit à droite,58,96
17222,montez de vingt-trois puis allez de cinquante-trois à droite,53,23
17223,montez de vingt-huit puis allez de soixante et onze à droite,71,28
17224,montez de treize puis allez de quatre-vingt-douze à droite,92,13
17225,montez de quatre-vingt-onze puis allez de soixante-neuf à droite,69,91
17226,montez de soixante-quinze puis allez de soixante-seize à droite,76,75
17227,montez de quatre-vingt-trois puis allez de quatre-vingt-dix-sept à droite,97,83
17228,montez de quatre-vingt-douze puis allez de cinquante-cinq à droite,55,92
17229,montez de quarante-cinq puis allez de soixante-dix-huit à droite,78,45
17230,montez de un puis allez de quatre-vingt-dix-huit à droite,98,1
17231,montez de dix-huit puis allez de quarante à droite,40,18
17232,montez de quarante puis allez de soixante-dix à droite,70,40
17233,montez de cinquante-neuf puis allez de quatre-vingt-six à droite,86,59
17234,montez de vingt-deux puis allez de quatre-vingt-neuf à droite,89,22
17235,montez de soixante-douze puis allez de quarante-neuf à droite,49,72
17236,montez de trente et un puis allez de quatre-vingt-dix à droite,90,31
17237,montez de neuf puis allez de seize à droite,16,9
17238,montez de cinquante et un puis allez de soixante-dix à droite,70,51
17239,montez de vingt-trois puis allez de vingt-neuf à droite,29,23
17240,montez de trente-sept puis allez de vingt et un à droite,21,37
17241,montez de quatre-vingt-neuf puis allez de quarante-sept à droite,47,89
17242,montez de quatre-vingt-dix-neuf puis allez de soixante et onze à droite,71,99
17243,montez de trente puis allez de quatre-vingt-sept à droite,87,30
17244,montez de quatre-vingt-onze puis allez de quinze à droite,15,91
17245,montez de soixante-quatre puis allez de quarante-neuf à droite,49,64
17246,montez de quarante-trois puis allez de soixante-neuf à droite,69,43
17247,montez de vingt-six puis allez de vingt-deux à droite,22,26
17248,montez de quatre-vingt-quatorze puis allez de vingt et un à droite,21,94
17249,montez de trente-trois puis allez de trente-sept à droite,37,33
17250,montez de trente et un puis allez de quatre-vingt-douze à droite,92,31
17251,montez de soixante-neuf puis allez de quatre-vingt-cinq à droite,85,69
17252,montez de soixante-trois puis allez de quinze à droite,15,63
17253,montez de soixante-six puis allez de soixante-huit à droite,68,66
17254,montez de quatre-vingt-un puis allez de cinquante-neuf à droite,59,81
17255,montez de six puis allez de quatre-vingt-douze à droite,92,6
17256,montez de trente-huit puis allez de soixante-neuf à droite,69,38
17257,montez de cent puis allez de quatre-vingt-huit à droite,88,100
17258,montez de quatre-vingt-treize puis allez de quatre-vingt-trois à droite,83,93
17259,montez de quarante-six puis allez de soixante à droite,60,46
17260,montez de quarante-huit puis allez de soixante-deux à droite,62,48
17261,montez de quatre-vingt-quatorze puis allez de quatre-vingt-dix-sept à droite,97,94
17262,montez de quatre-vingt-onze puis allez de quatre-vingt-dix-huit à droite,98,91
17263,montez de quatre-vingt-douze puis allez de onze à droite,11,92
17264,montez de soixante puis allez de vingt-cinq à droite,25,60
17265,montez de quarante et un puis allez de quatre-vingt-treize à droite,93,41
17266,montez de quatre-vingt-treize puis allez de treize à droite,13,93
17267,montez de quatre-vingt-deux puis allez de quarante-cinq à droite,45,82
17268,montez de deux puis allez de quarante-neuf à droite,49,2
17269,montez de quatre-vingt-dix-huit puis allez de quatre-vingt-dix à droite,90,98
17270,montez de cinquante-quatre puis allez de cinq à droite,5,54
17271,montez de soixante-dix-huit puis allez de trente-quatre à droite,34,78
17272,montez de soixante-quinze puis allez de quatre-vingt-deux à droite,82,75
17273,montez de trente-neuf puis allez de quarante-deux à droite,42,39
17274,montez de quatre-vingt-six puis allez de quarante-deux à droite,42,86
17275,montez de quarante et un puis allez de soixante-dix-huit à droite,78,41
17276,montez de quatre-vingt-seize puis allez de vingt-six à droite,26,96
17277,montez de quatre-vingt-neuf puis allez de soixante-cinq à droite,65,89
17278,montez de quarante-trois puis allez de neuf à droite,9,43
17279,montez de quatre-vingt-seize puis allez de vingt-quatre à droite,24,96
17280,montez de neuf puis allez de quatre-vingt-deux à droite,82,9
17281,montez de huit puis allez de vingt-trois à droite,23,8
17282,montez de quatre-vingt-quatre puis allez de quatre-vingt-dix-sept à droite,97,84
17283,montez de soixante-sept puis allez de soixante-six à droite,66,67
17284,montez de trente-huit puis allez de soixante-dix-neuf à droite,79,38
17285,montez de seize puis allez de trente à droite,30,16
17286,montez de trente-neuf puis allez de soixante-six à droite,66,39
17287,montez de quatre-vingt-six puis allez de vingt-quatre à droite,24,86
17288,montez de vingt-neuf puis allez de quatre-vingt-treize à droite,93,29
17289,montez de vingt-cinq puis allez de cinquante-deux à droite,52,25
17290,montez de trente-quatre puis allez de cinquante-six à droite,56,34
17291,montez de soixante-dix-sept puis allez de quatre-vingt-quatorze à droite,94,77
17292,montez de trente-quatre puis allez de quatre-vingt-onze à droite,91,34
17293,montez de vingt-deux puis allez de douze à droite,12,22
17294,montez de neuf puis allez de quarante-neuf à droite,49,9
17295,montez de soixante-dix-huit puis allez de soixante-trois à droite,63,78
17296,montez de soixante et un puis allez de vingt à droite,20,61
17297,montez de trente-huit puis allez de cinquante-neuf à droite,59,38
17298,montez de quarante-sept puis allez de deux à droite,2,47
17299,montez de douze puis allez de quatre-vingt-huit à droite,88,12
17300,montez de dix puis allez de quatre-vingt-deux à droite,82,10
17301,montez de vingt-sept puis allez de soixante-quatorze à droite,74,27
17302,montez de soixante-six puis allez de deux à droite,2,66
17303,montez de soixante-dix-huit puis allez de onze à droite,11,78
17304,montez de quarante-huit puis allez de quatre à droite,4,48
17305,montez de quarante puis allez de trente-huit à droite,38,40
17306,montez de dix puis allez de quatre-vingt-un à droite,81,10
17307,montez de soixante-deux puis allez de soixante-cinq à droite,65,62
17308,montez de soixante-quinze puis allez de quatre-vingt-treize à droite,93,75
17309,montez de quatre-vingt-seize puis allez de quatre-vingt-dix à droite,90,96
17310,montez de vingt puis allez de quarante à droite,40,20
17311,montez de seize puis allez de un à droite,1,16
17312,montez de trente-deux puis allez de cinquante et un à droite,51,32
17313,montez de quatre-vingt-seize puis allez de cinquante-huit à droite,58,96
17314,montez de vingt et un puis allez de treize à droite,13,21
17315,montez de soixante-treize puis allez de vingt-cinq à droite,25,73
17316,montez de quatre-vingt-treize puis allez de soixante-dix-neuf à droite,79,93
17317,montez de cinquante et un puis allez de soixante-dix-sept à droite,77,51
17318,montez de cinquante puis allez de cinquante-deux à droite,52,50
17319,montez de quatre-vingt-quatorze puis allez de douze à droite,12,94
17320,montez de cinquante-sept puis allez de soixante et onze à droite,71,57
17321,montez de dix puis allez de quarante-six à droite,46,10
17322,montez de un puis allez de seize à droite,16,1
17323,montez de cinquante-trois puis allez de six à droite,6,53
17324,montez de trente-huit puis allez de soixante-quatre à droite,64,38
17325,montez de soixante-dix-neuf puis allez de trente à droite,30,79
17326,montez de soixante-quatorze puis allez de vingt-six à droite,26,74
17327,montez de trente-huit puis allez de vingt-deux à droite,22,38
17328,montez de soixante-treize puis allez de soixante-quatorze à droite,74,73
17329,montez de quatre-vingt-seize puis allez de cinquante-quatre à droite,54,96
17330,montez de quatre-vingt-dix-huit puis allez de cinquante-trois à droite,53,98
17331,montez de soixante puis allez de quatre-vingts à droite,80,60
17332,montez de soixante-cinq puis allez de dix-huit à droite,18,65
17333,montez de soixante et onze puis allez de cinquante-deux à droite,52,71
17334,montez de quatre-vingt-dix-neuf puis allez de seize à droite,16,99
17335,montez de vingt-huit puis allez de quarante et un à droite,41,28
17336,montez de deux puis allez de vingt à droite,20,2
17337,montez de vingt-sept puis allez de un à droite,1,27
17338,montez de quarante-sept puis allez de soixante-dix-neuf à droite,79,47
17339,montez de soixante-dix-neuf puis allez de soixante-cinq à droite,65,79
17340,montez de soixante-dix-neuf puis allez de cinquante-cinq à droite,55,79
17341,montez de quatre-vingt-dix-sept puis allez de neuf à droite,9,97
17342,montez de quatre-vingt-dix-sept puis allez de soixante-cinq à droite,65,97
17343,montez de quarante-trois puis allez de douze à droite,12,43
17344,montez de soixante-douze puis allez de quatre-vingt-huit à droite,88,72
17345,montez de trente et un puis allez de soixante-dix à droite,70,31
17346,montez de douze puis allez de vingt-huit à droite,28,12
17347,montez de vingt-neuf puis allez de soixante-neuf à droite,69,29
17348,montez de quatre-vingt-six puis allez de trente-trois à droite,33,86
17349,montez de trente-six puis allez de cinquante-neuf à droite,59,36
17350,montez de trente-trois puis allez de quatre-vingt-deux à droite,82,33
17351,montez de six puis allez de trente et un à droite,31,6
17352,montez de cinquante-sept puis allez de vingt-cinq à droite,25,57
17353,montez de quatre-vingt-dix-neuf puis allez de vingt à droite,20,99
17354,montez de quarante-huit puis allez de quarante-six à droite,46,48
17355,montez de trente-six puis allez de quarante à droite,40,36
17356,montez de quatre-vingt-dix-neuf puis allez de vingt-quatre à droite,24,99
17357,montez de cinq puis allez de cinquante-sept à droite,57,5
17358,montez de cinquante-trois puis allez de douze à droite,12,53
17359,montez de soixante-dix-neuf puis allez de soixante-dix-neuf à droite,79,79
17360,montez de soixante-deux puis allez de dix-sept à droite,17,62
17361,montez de soixante-douze puis allez de cinquante-quatre à droite,54,72
17362,montez de vingt puis allez de soixante-sept à droite,67,20
17363,montez de neuf puis allez de dix-neuf à droite,19,9
17364,montez de quatre-vingt-dix-neuf puis allez de cinquante-cinq à droite,55,99
17365,montez de soixante-quinze puis allez de trente-sept à droite,37,75
17366,montez de vingt-six puis allez de soixante-huit à droite,68,26
17367,montez de vingt-sept puis allez de seize à droite,16,27
17368,montez de quatre-vingt-dix-huit puis allez de onze à droite,11,98
17369,montez de cinquante-trois puis allez de soixante-treize à droite,73,53
17370,montez de quatre-vingt-neuf puis allez de cinquante-quatre à droite,54,89
17371,montez de dix-sept puis allez de cinquante-quatre à droite,54,17
17372,montez de cinquante-six puis allez de quatre-vingt-quatorze à droite,94,56
17373,montez de cinquante-six puis allez de dix à droite,10,56
17374,montez de soixante-quinze puis allez de soixante-dix-huit à droite,78,75
17375,montez de quatre-vingts puis allez de trente-trois à droite,33,80
17376,montez de trente-cinq puis allez de quatre-vingt-six à droite,86,35
17377,montez de quatre-vingt-seize puis allez de cinquante-deux à droite,52,96
17378,montez de quatorze puis allez de trente-quatre à droite,34,14
17379,montez de soixante-dix-sept puis allez de dix à droite,10,77
17380,montez de quatre-vingt-sept puis allez de quatre-vingt-trois à droite,83,87
17381,montez de quatre-vingt-cinq puis allez de quarante-cinq à droite,45,85
17382,montez de quarante-sept puis allez de quarante-six à droite,46,47
17383,montez de soixante-six puis allez de soixante-dix-neuf à droite,79,66
17384,montez de dix puis allez de soixante et un à droite,61,10
17385,montez de trente-sept puis allez de quatre-vingt-treize à droite,93,37
17386,montez de cinq puis allez de trente-six à droite,36,5
17387,montez de soixante puis allez de quatre-vingt-dix-sept à droite,97,60
17388,montez de vingt-huit puis allez de vingt-huit à droite,28,28
17389,montez de quatre-vingt-dix-neuf puis allez de soixante-quatre à droite,64,99
17390,montez de quatre-vingt-un puis allez de cinquante-six à droite,56,81
17391,montez de quarante et un puis allez de quatre-vingt-onze à droite,91,41
17392,montez de douze puis allez de soixante-treize à droite,73,12
17393,montez de sept puis allez de quarante-sept à droite,47,7
17394,montez de quarante-sept puis allez de quatre-vingt-dix-neuf à droite,99,47
17395,montez de soixante-six puis allez de quatre-vingt-dix-sept à droite,97,66
17396,montez de soixante-quatorze puis allez de quatre-vingt-sept à droite,87,74
17397,montez de vingt et un puis allez de quatre-vingt-un à droite,81,21
17398,montez de trente-quatre puis allez de quarante-neuf à droite,49,34
17399,montez de trois puis allez de quinze à droite,15,3
17400,montez de soixante-dix-neuf puis allez de cinquante-quatre à droite,54,79
17401,montez de quatre-vingt-quatorze puis allez de quarante-six à droite,46,94
17402,montez de cinq puis allez de un à droite,1,5
17403,montez de quarante-huit puis allez de trente-quatre à droite,34,48
17404,montez de quatre-vingt-douze puis allez de soixante à droite,60,92
17405,montez de trois puis allez de quarante-cinq à droite,45,3
17406,montez de trois puis allez de cinquante-cinq à droite,55,3
17407,montez de trente-trois puis allez de soixante-dix-sept à droite,77,33
17408,montez de soixante-cinq puis allez de treize à droite,13,65
17409,montez de seize puis allez de dix à droite,10,16
17410,montez de dix-sept puis allez de cinquante et un à droite,51,17
17411,montez de quatre-vingt-cinq puis allez de cent à droite,100,85
17412,montez de vingt-trois puis allez de deux à droite,2,23
17413,montez de soixante-trois puis allez de vingt-cinq à droite,25,63
17414,montez de vingt-six puis allez de soixante et onze à droite,71,26
17415,montez de quatre-vingts puis allez de soixante-six à droite,66,80
17416,montez de douze puis allez de soixante-neuf à droite,69,12
17417,montez de quatre-vingts puis allez de quatre à droite,4,80
17418,montez de quatre-vingt-sept puis allez de cinquante-huit à droite,58,87
17419,montez de quarante-six puis allez de trente-trois à droite,33,46
17420,montez de trente et un puis allez de quatre-vingt-quatorze à droite,94,31
17421,montez de quatorze puis allez de cinquante à droite,50,14
17422,montez de dix-sept puis allez de trente-cinq à droite,35,17
17423,montez de soixante-dix-neuf puis allez de cinquante-quatre à droite,54,79
17424,montez de cinquante-sept puis allez de quatre-vingt-cinq à droite,85,57
17425,montez de six puis allez de cinquante-neuf à droite,59,6
17426,montez de trente-huit puis allez de quatre-vingt-six à droite,86,38
17427,montez de quatre-vingt-treize puis allez de quarante à droite,40,93
17428,montez de quarante-cinq puis allez de quarante-six à droite,46,45
17429,montez de soixante-huit puis allez de soixante-neuf à droite,69,68
17430,montez de quarante-huit puis allez de soixante-six à droite,66,48
17431,montez de quatre-vingt-quatorze puis allez de vingt-trois à droite,23,94
17432,montez de quatre-vingt-douze puis allez de dix-huit à droite,18,92
17433,montez de soixante et onze puis allez de quatre-vingt-dix à droite,90,71
17434,montez de soixante-cinq puis allez de vingt-huit à droite,28,65
17435,montez de soixante-quatre puis allez de quatre-vingt-quatorze à droite,94,64
17436,montez de dix-sept puis allez de quatre-vingt-un à droite,81,17
17437,montez de trente-trois puis allez de soixante-dix-sept à droite,77,33
17438,montez de quarante-quatre puis allez de quatre-vingt-onze à droite,91,44
17439,montez de soixante-deux puis allez de cinquante-six à droite,56,62
17440,montez de quarante et un puis allez de vingt-sept à droite,27,41
17441,montez de soixante-dix-neuf puis allez de sept à droite,7,79
17442,montez de quatre-vingt-onze puis allez de quatre-vingt-quatre à droite,84,91
17443,montez de un puis allez de quarante-trois à droite,43,1
17444,montez de dix-huit puis allez de quarante-deux à droite,42,18
17445,montez de deux puis allez de soixante-sept à droite,67,2
17446,montez de cinquante et un puis allez de quatre-vingt-six à droite,86,51
17447,montez de quarante et un puis allez de quatre-vingt-deux à droite,82,41
17448,montez de deux puis allez de vingt-cinq à droite,25,2
17449,montez de vingt-six puis allez de quatre-vingt-trois à droite,83,26
17450,montez de quarante-neuf puis allez de quarante et un à droite,41,49
17451,montez de quatre-vingt-dix puis allez de trente-six à droite,36,90
17452,montez de quatre-vingt-treize puis allez de soixante-trois à droite,63,93
17453,montez de quarante-quatre puis allez de huit à droite,8,44
17454,montez de quatre-vingt-cinq puis allez de huit à droite,8,85
17455,montez de trente-trois puis allez de soixante-douze à droite,72,33
17456,montez de quatre-vingt-huit puis allez de soixante-six à droite,66,88
17457,montez de quatre-vingt-un puis allez de quarante-huit à droite,48,81
17458,montez de soixante-neuf puis allez de vingt-huit à droite,28,69
17459,montez de trente-quatre puis allez de quatre-vingt-neuf à droite,89,34
17460,montez de vingt-huit puis allez de cent à droite,100,28
17461,montez de vingt puis allez de quatre-vingt-dix-neuf à droite,99,20
17462,montez de soixante-douze puis allez de soixante-quinze à droite,75,72
17463,montez de cinquante-neuf puis allez de quinze à droite,15,59
17464,montez de huit puis allez de trente-trois à droite,33,8
17465,montez de soixante-dix-sept puis allez de six à droite,6,77
17466,montez de soixante-trois puis allez de trente-quatre à droite,34,63
17467,montez de soixante-seize puis allez de trente-sept à droite,37,76
17468,montez de vingt puis allez de soixante-six à droite,66,20
17469,montez de quatre-vingt-quinze puis allez de cinquante et un à droite,51,95
17470,montez de trente-sept puis allez de quarante-sept à droite,47,37
17471,montez de dix-sept puis allez de cinquante-cinq à droite,55,17
17472,montez de cinquante-huit puis allez de cinquante-cinq à droite,55,58
17473,montez de soixante-seize puis allez de soixante-quinze à droite,75,76
17474,montez de vingt-huit puis allez de vingt à droite,20,28
17475,montez de quatre-vingt-cinq puis allez de quatre-vingt-quatorze à droite,94,85
17476,montez de deux puis allez de soixante-douze à droite,72,2
17477,montez de quatre-vingt-treize puis allez de cinquante-deux à droite,52,93
17478,montez de quinze puis allez de quarante et un à droite,41,15
17479,montez de soixante et onze puis allez de quatre-vingt-quatre à droite,84,71
17480,montez de quatre-vingt-dix-huit puis allez de cinquante-six à droite,56,98
17481,montez de quatre-vingt-six puis allez de quatre-vingt-onze à droite,91,86
17482,montez de soixante-cinq puis allez de quatre-vingt-dix-sept à droite,97,65
17483,montez de un puis allez de soixante-huit à droite,68,1
17484,montez de soixante-quinze puis allez de soixante-dix à droite,70,75
17485,montez de trente-sept puis allez de six à droite,6,37
17486,montez de soixante-quatre puis allez de soixante et un à droite,61,64
17487,montez de douze puis allez de dix-neuf à droite,19,12
17488,montez de quarante-deux puis allez de quatre-vingts à droite,80,42
17489,montez de trente-deux puis allez de soixante-quatre à droite,64,32
17490,montez de quatre-vingt-dix-huit puis allez de trente-six à droite,36,98
17491,montez de trente-trois puis allez de quatorze à droite,14,33
17492,montez de quatre-vingt-quinze puis allez de trente et un à droite,31,95
17493,montez de quatre-vingt-trois puis allez de quarante-quatre à droite,44,83
17494,montez de quinze puis allez de quarante-neuf à droite,49,15
17495,montez de trente-trois puis allez de soixante-treize à droite,73,33
17496,montez de quatre-vingt-trois puis allez de vingt-cinq à droite,25,83
17497,montez de vingt et un puis allez de quatre-vingt-quinze à droite,95,21
17498,montez de quatre-vingt-quinze puis allez de cinquante-trois à droite,53,95
17499,montez de soixante-dix-sept puis allez de cinquante-sept à droite,57,77
17500,montez de soixante-dix-huit puis allez de quatre-vingts à droite,80,78
17501,montez de cent puis allez de soixante-seize à droite,76,100
17502,montez de quatre-vingts puis allez de soixante-dix-sept à droite,77,80
17503,montez de neuf puis allez de quarante et un à droite,41,9
17504,montez de soixante-dix-sept puis allez de trente-sept à droite,37,77
17505,montez de soixante-cinq puis allez de cinquante-deux à droite,52,65
17506,montez de soixante-dix-sept puis allez de soixante-dix-sept à droite,77,77
17507,montez de vingt-huit puis allez de quatre-vingt-treize à droite,93,28
17508,montez de six puis allez de cinquante-cinq à droite,55,6
17509,montez de quatre-vingt-sept puis allez de soixante-treize à droite,73,87
17510,montez de quatre-vingts puis allez de quatre-vingt-deux à droite,82,80
17511,montez de quatre-vingts puis allez de soixante-douze à droite,72,80
17512,montez de seize puis allez de trente-six à droite,36,16
17513,montez de vingt-deux puis allez de quarante-deux à droite,42,22
17514,montez de quatre-vingt-neuf puis allez de vingt-neuf à droite,29,89
17515,montez de vingt-huit puis allez de quatre-vingt-dix-neuf à droite,99,28
17516,montez de vingt-huit puis allez de quarante-neuf à droite,49,28
17517,montez de cinquante-sept puis allez de soixante-douze à droite,72,57
17518,montez de trente-quatre puis allez de vingt-quatre à droite,24,34
17519,montez de quatre-vingts puis allez de cinquante et un à droite,51,80
17520,montez de quatre-vingt-seize puis allez de soixante-seize à droite,76,96
17521,montez de vingt et un puis allez de cent à droite,100,21
17522,montez de quatorze puis allez de dix-huit à droite,18,14
17523,montez de quatre-vingt-dix puis allez de soixante-treize à droite,73,90
17524,montez de quarante et un puis allez de dix-sept à droite,17,41
17525,montez de soixante-seize puis allez de quatre-vingt-trois à droite,83,76
17526,montez de douze puis allez de trente-six à droite,36,12
17527,montez de cinquante-cinq puis allez de quatre-vingt-quatorze à droite,94,55
17528,montez de vingt-trois puis allez de onze à droite,11,23
17529,montez de quarante-deux puis allez de vingt-trois à droite,23,42
17530,montez de cinquante-deux puis allez de trente-deux à droite,32,52
17531,montez de quatre-vingt-dix-sept puis allez de quatre-vingt-douze à droite,92,97
17532,montez de soixante-treize puis allez de soixante-seize à droite,76,73
17533,montez de trente-deux puis allez de soixante-dix-huit à droite,78,32
17534,montez de six puis allez de quatre-vingt-dix-sept à droite,97,6
17535,montez de quarante-cinq puis allez de quatre-vingt-treize à droite,93,45
17536,montez de vingt puis allez de douze à droite,12,20
17537,montez de quarante-quatre puis allez de quarante-quatre à droite,44,44
17538,montez de cinquante et un puis allez de quarante à droite,40,51
17539,montez de soixante-seize puis allez de trente-trois à droite,33,76
17540,montez de dix puis allez de quatre à droite,4,10
17541,montez de quatre-vingt-dix-huit puis allez de quatre-vingt-sept à droite,87,98
17542,montez de un puis allez de quatre-vingt-sept à droite,87,1
17543,montez de soixante-cinq puis allez de vingt-neuf à droite,29,65
17544,montez de soixante-dix-neuf puis allez de vingt à droite,20,79
17545,montez de vingt-six puis allez de trente-quatre à droite,34,26
17546,montez de vingt-quatre puis allez de quatre-vingt-treize à droite,93,24
17547,montez de trente-cinq puis allez de quatre-vingt-dix-huit à droite,98,35
17548,montez de quatre-vingt-cinq puis allez de onze à droite,11,85
17549,montez de cinquante-sept puis allez de cinquante-six à droite,56,57
17550,montez de douze puis allez de soixante et onze à droite,71,12
17551,montez de soixante-deux puis allez de trente et un à droite,31,62
17552,montez de soixante-dix-sept puis allez de soixante-dix-sept à droite,77,77
17553,montez de quarante-sept puis allez de cinquante à droite,50,47
17554,montez de onze puis allez de cinquante-quatre à droite,54,11
17555,montez de trente-sept puis allez de quarante-trois à droite,43,37
17556,montez de quatre-vingt-un puis allez de quinze à droite,15,81
17557,montez de sept puis allez de quatre-vingt-dix à droite,90,7
17558,montez de soixante-douze puis allez de soixante à droite,60,72
17559,montez de soixante-quinze puis allez de deux à droite,2,75
17560,montez de cinquante-trois puis allez de soixante-dix-neuf à droite,79,53
17561,montez de soixante-seize puis allez de dix-huit à droite,18,76
17562,montez de cinquante-six puis allez de trente et un à droite,31,56
17563,montez de soixante-dix-huit puis allez de soixante-quatorze à droite,74,78
17564,montez de soixante-quatre puis allez de vingt-trois à droite,23,64
17565,montez de dix-huit puis allez de cinq à droite,5,18
17566,montez de cinquante-huit puis allez de soixante-dix-sept à droite,77,58
17567,montez de un puis allez de soixante-seize à droite,76,1
17568,montez de soixante-quatre puis allez de quarante-six à droite,46,64
17569,montez de quatre-vingt-quatre puis allez de seize à droite,16,84
17570,montez de dix puis allez de soixante-treize à droite,73,10
17571,montez de cent puis allez de quatre-vingt-cinq à droite,85,100
17572,montez de quarante puis allez de cinquante-sept à droite,57,40
17573,montez de dix-huit puis allez de cinquante-six à droite,56,18
17574,montez de trente-neuf puis allez de quarante-trois à droite,43,39
17575,montez de soixante et onze puis allez de quatre-vingt-onze à droite,91,71
17576,montez de quatre-vingt-cinq puis allez de soixante-treize à droite,73,85
17577,montez de soixante-quatre puis allez de quarante-huit à droite,48,64
17578,montez de cinquante-cinq puis allez de quatre-vingt-dix à droite,90,55
17579,montez de soixante-sept puis allez de quatre-vingt-huit à droite,88,67
17580,montez de soixante-dix-neuf puis allez de douze à droite,12,79
17581,montez de soixante-douze puis allez de cinquante-sept à droite,57,72
17582,montez de soixante-six puis allez de trente à droite,30,66
17583,montez de onze puis allez de soixante et onze à droite,71,11
17584,montez de cinquante et un puis allez de soixante-cinq à droite,65,51
17585,montez de soixante-sept puis allez de vingt-cinq à droite,25,67
17586,montez de douze puis allez de cinquante-deux à droite,52,12
17587,montez de quatre-vingt-quatorze puis allez de quarante-quatre à droite,44,94
17588,montez de soixante-deux puis allez de trente-neuf à droite,39,62
17589,montez de quarante puis allez de seize à droite,16,40
17590,montez de vingt-sept puis allez de soixante-deux à droite,62,27
17591,montez de trente-six puis allez de trente et un à droite,31,36
17592,montez de quatre-vingt-dix-neuf puis allez de vingt-deux à droite,22,99
17593,montez de deux puis allez de treize à droite,13,2
17594,montez de soixante-seize puis allez de neuf à droite,9,76
17595,montez de dix-sept puis allez de douze à droite,12,17
17596,montez de quatre-vingts puis allez de vingt-deux à droite,22,80
17597,montez de soixante et onze puis allez de vingt-huit à droite,28,71
17598,montez de douze puis allez de quatre-vingt-dix à droite,90,12
17599,montez de cinquante-neuf puis allez de quarante-quatre à droite,44,59
17600,montez de quarante-deux puis allez de quatre-vingt-dix-neuf à droite,99,42
17601,montez de trente-six puis allez de vingt-quatre à droite,24,36
17602,montez de quarante-deux puis allez de cinquante-deux à droite,52,42
17603,montez de trente et un puis allez de soixante-seize à droite,76,31
17604,montez de quatre-vingt-quatorze puis allez de quatre-vingt-dix à droite,90,94
17605,montez de soixante-huit puis allez de quatre-vingt-quinze à droite,95,68
17606,montez de soixante-seize puis allez de trente-sept à droite,37,76
17607,montez de soixante-huit puis allez de soixante-seize à droite,76,68
17608,montez de quarante-deux puis allez de soixante-quinze à droite,75,42
17609,montez de quatre-vingt-huit puis allez de cinquante-huit à droite,58,88
17610,montez de cinquante-cinq puis allez de trente-cinq à droite,35,55
17611,montez de vingt-sept puis allez de trente-neuf à droite,39,27
17612,montez de quatre-vingt-quinze puis allez de neuf à droite,9,95
17613,montez de vingt et un puis allez de quarante-six à droite,46,21
17614,montez de soixante-huit puis allez de quarante-cinq à droite,45,68
17615,montez de vingt-quatre puis allez de quatre-vingt-seize à droite,96,24
17616,montez de trente puis allez de cinquante-huit à droite,58,30
17617,montez de deux puis allez de quatre-vingts à droite,80,2
17618,montez de douze puis allez de trente-six à droite,36,12
17619,montez de quatorze puis allez de dix-huit à droite,18,14
17620,montez de dix-sept puis allez de quatre-vingt-six à droite,86,17
17621,montez de vingt-trois puis allez de vingt-quatre à droite,24,23
17622,montez de quatre-vingt-cinq puis allez de six à droite,6,85
17623,montez de cinquante-cinq puis allez de soixante-quinze à droite,75,55
17624,montez de cinquante-neuf puis allez de trente-quatre à droite,34,59
17625,montez de sept puis allez de deux à droite,2,7
17626,montez de quatre-vingt-un puis allez de vingt-sept à droite,27,81
17627,montez de quarante-trois puis allez de cinquante-sept à droite,57,43
17628,montez de trente-huit puis allez de sept à droite,7,38
17629,montez de cinquante-six puis allez de quatre-vingt-trois à droite,83,56
17630,montez de soixante-huit puis allez de trente-trois à droite,33,68
17631,montez de quinze puis allez de quatre-vingt-trois à droite,83,15
17632,montez de cinquante-quatre puis allez de soixante à droite,60,54
17633,montez de soixante-quatorze puis allez de six à droite,6,74
17634,montez de cinquante-quatre puis allez de trois à droite,3,54
17635,montez de vingt-huit puis allez de cinquante-quatre à droite,54,28
17636,montez de vingt-six puis allez de trente et un à droite,31,26
17637,montez de un puis allez de dix-sept à droite,17,1
17638,montez de quatre-vingt-dix-huit puis allez de soixante et onze à droite,71,98
17639,montez de quatre-vingt-seize puis allez de quarante-sept à droite,47,96
17640,montez de soixante et un puis allez de soixante-quatorze à droite,74,61
17641,montez de quatre-vingt-quinze puis allez de soixante-quinze à droite,75,95
17642,montez de soixante puis allez de vingt-neuf à droite,29,60
17643,montez de vingt-huit puis allez de vingt-cinq à droite,25,28
17644,montez de cinquante-sept puis allez de quatorze à droite,14,57
17645,montez de soixante-quatorze puis allez de trente-quatre à droite,34,74
17646,montez de soixante-dix puis allez de huit à droite,8,70
17647,montez de soixante-cinq puis allez de quatre-vingt-six à droite,86,65
17648,montez de onze puis allez de quarante à droite,40,11
17649,montez de quatre-vingt-sept puis allez de quatre-vingt-dix-neuf à droite,99,87
17650,montez de soixante et onze puis allez de soixante-sept à droite,67,71
17651,montez de dix-neuf puis allez de trente-six à droite,36,19
17652,montez de quatre-vingt-trois puis allez de soixante-seize à droite,76,83
17653,montez de cinquante puis allez de soixante-neuf à droite,69,50
17654,montez de cinquante-huit puis allez de cinquante-six à droite,56,58
17655,montez de dix-sept puis allez de trente-cinq à droite,35,17
17656,montez de soixante-dix-neuf puis allez de trente-cinq à droite,35,79
17657,montez de soixante-huit puis allez de quatre-vingt-deux à droite,82,68
17658,montez de trente puis allez de trente-quatre à droite,34,30
17659,montez de soixante puis allez de vingt-deux à droite,22,60
17660,montez de huit puis allez de quatre-vingt-dix à droite,90,8
17661,montez de soixante-dix-sept puis allez de trente-huit à droite,38,77
17662,montez de cent puis allez de trente-six à droite,36,100
17663,montez de soixante-huit puis allez de vingt-six à droite,26,68
17664,montez de dix puis allez de quatre-vingt-quatre à droite,84,10
17665,montez de quarante et un puis allez de quatre à droite,4,41
17666,montez de soixante-dix puis allez de vingt à droite,20,70
17667,montez de quatre-vingt-huit puis allez de onze à droite,11,88
17668,montez de seize puis allez de quatre-vingt-dix-sept à droite,97,16
17669,montez de quatre-vingt-sept puis allez de soixante-trois à droite,63,87
17670,montez de quarante-deux puis allez de quarante-cinq à droite,45,42
17671,montez de soixante-dix-sept puis allez de quatre-vingt-treize à droite,93,77
17672,montez de trente et un puis allez de soixante-dix-neuf à droite,79,31
17673,montez de quarante-neuf puis allez de soixante-seize à droite,76,49
17674,montez de quatre-vingt-dix-sept puis allez de vingt-quatre à droite,24,97
17675,montez de soixante-quinze puis allez de quarante-quatre à droite,44,75
17676,montez de un puis allez de trente-neuf à droite,39,1
17677,montez de quatre-vingt-quinze puis allez de soixante-douze à droite,72,95
17678,montez de cent puis allez de vingt-neuf à droite,29,100
17679,montez de huit puis allez de quatre-vingt-treize à droite,93,8
17680,montez de quarante-quatre puis allez de trente-neuf à droite,39,44
17681,montez de vingt-neuf puis allez de quatre-vingt-dix-huit à droite,98,29
17682,montez de quarante-deux puis allez de cinquante-trois à droite,53,42
17683,montez de trente-six puis allez de trente-sept à droite,37,36
17684,montez de dix-huit puis allez de trente à droite,30,18
17685,montez de cinquante-quatre puis allez de soixante-quatre à droite,64,54
17686,montez de vingt et un puis allez de soixante-dix-sept à droite,77,21
17687,montez de quatre-vingt-douze puis allez de vingt-neuf à droite,29,92
17688,montez de soixante-quinze puis allez de quatre-vingt-douze à droite,92,75
17689,montez de soixante-dix puis allez de neuf à droite,9,70
17690,montez de quatre-vingt-un puis allez de quatre-vingt-quatre à droite,84,81
17691,montez de soixante-dix-huit puis allez de onze à droite,11,78
17692,montez de cinq puis allez de soixante-quatorze à droite,74,5
17693,montez de trente-trois puis allez de quatre-vingt-douze à droite,92,33
17694,montez de cinquante-six puis allez de quatre-vingt-douze à droite,92,56
17695,montez de cinquante-trois puis allez de quatre-vingt-un à droite,81,53
17696,montez de soixante-neuf puis allez de quatre-vingt-huit à droite,88,69
17697,montez de vingt-neuf puis allez de soixante-huit à droite,68,29
17698,montez de vingt-huit puis allez de quatre-vingt-quatre à droite,84,28
17699,montez de trente-sept puis allez de vingt-huit à droite,28,37
17700,montez de soixante-sept puis allez de vingt-neuf à droite,29,67
17701,montez de quatre-vingt-dix-neuf puis allez de quarante-cinq à droite,45,99
17702,montez de vingt-trois puis allez de quatre-vingts à droite,80,23
17703,montez de soixante puis allez de sept à droite,7,60
17704,montez de neuf puis allez de soixante-douze à droite,72,9
17705,montez de quatre-vingt-un puis allez de quatre-vingt-neuf à droite,89,81
17706,montez de soixante-huit puis allez de cinquante-quatre à droite,54,68
17707,montez de soixante-trois puis allez de quatre-vingt-dix-neuf à droite,99,63
17708,montez de cinquante puis allez de soixante-sept à droite,67,50
17709,montez de trente-trois puis allez de cinquante-trois à droite,53,33
17710,montez de soixante-quinze puis allez de vingt-quatre à droite,24,75
17711,montez de soixante-dix-neuf puis allez de trente-sept à droite,37,79
17712,montez de treize puis allez de quatre-vingt-un à droite,81,13
17713,montez de quarante et un puis allez de quatre-vingt-quatre à droite,84,41
17714,montez de quatre puis allez de trente-cinq à droite,35,4
17715,montez de quatre-vingt-un puis allez de quarante à droite,40,81
17716,montez de vingt-cinq puis allez de soixante-sept à droite,67,25
17717,montez de quatre-vingt-douze puis allez de quarante-quatre à droite,44,92
17718,montez de six puis allez de soixante-trois à droite,63,6
17719,montez de soixante-cinq puis allez de quatre-vingt-dix-huit à droite,98,65
17720,montez de quarante-quatre puis allez de vingt-cinq à droite,25,44
17721,montez de cinquante-sept puis allez de quarante-trois à droite,43,57
17722,montez de quarante-cinq puis allez de vingt-trois à droite,23,45
17723,montez de cinquante-trois puis allez de quatre-vingt-dix à droite,90,53
17724,montez de quatre-vingt-treize puis allez de vingt-six à droite,26,93
17725,montez de quatre-vingt-onze puis allez de cent à droite,100,91
17726,montez de cinquante-quatre puis allez de quarante et un à droite,41,54
17727,montez de soixante et onze puis allez de trois à droite,3,71
17728,montez de dix-neuf puis allez de cinquante-quatre à droite,54,19
17729,montez de quarante-six puis allez de sept à droite,7,46
17730,montez de soixante-sept puis allez de six à droite,6,67
17731,montez de quatre-vingt-douze puis allez de cinquante-huit à droite,58,92
17732,montez de cinquante-quatre puis allez de cinquante-sept à droite,57,54
17733,montez de quatre-vingt-huit puis allez de cinquante-quatre à droite,54,88
17734,montez de soixante-trois puis allez de soixante-quatre à droite,64,63
17735,montez de quatre-vingt-quinze puis allez de vingt à droite,20,95
17736,montez de quatre-vingt-onze puis allez de deux à droite,2,91
17737,montez de cinq puis allez de soixante à droite,60,5
17738,montez de soixante-six puis allez de soixante-seize à droite,76,66
17739,montez de soixante-dix puis allez de huit à droite,8,70
17740,montez de vingt-huit puis allez de soixante-quatre à droite,64,28
17741,montez de treize puis allez de vingt-neuf à droite,29,13
17742,montez de dix-sept puis allez de sept à droite,7,17
17743,montez de vingt et un puis allez de six à droite,6,21
17744,montez de sept puis allez de cinq à droite,5,7
17745,montez de quarante puis allez de soixante-dix-huit à droite,78,40
17746,montez de soixante-seize puis allez de quarante à droite,40,76
17747,montez de quarante-neuf puis allez de quarante-quatre à droite,44,49
17748,montez de cent puis allez de vingt-six à droite,26,100
17749,montez de cinquante-neuf puis allez de vingt-sept à droite,27,59
17750,montez de quatre-vingt-six puis allez de soixante-quinze à droite,75,86
17751,montez de six puis allez de quatre-vingt-neuf à droite,89,6
17752,montez de un puis allez de quatre à droite,4,1
17753,montez de soixante et onze puis allez de quinze à droite,15,71
17754,montez de quatre-vingt-dix puis allez de quarante-sept à droite,47,90
17755,montez de quatre-vingts puis allez de cinquante-trois à droite,53,80
17756,montez de trente-quatre puis allez de huit à droite,8,34
17757,montez de soixante-quinze puis allez de quatorze à droite,14,75
17758,montez de trente-huit puis allez de quatre-vingt-cinq à droite,85,38
17759,montez de quatre-vingt-dix puis allez de cent à droite,100,90
17760,montez de quatre-vingt-dix-sept puis allez de quarante-neuf à droite,49,97
17761,montez de quarante-huit puis allez de dix à droite,10,48
17762,montez de soixante-treize puis allez de quatre-vingt-cinq à droite,85,73
17763,montez de trente-huit puis allez de quatre-vingt-dix-neuf à droite,99,38
17764,montez de soixante-trois puis allez de douze à droite,12,63
17765,montez de soixante-deux puis allez de trente-six à droite,36,62
17766,montez de soixante-deux puis allez de cinquante à droite,50,62
17767,montez de quinze puis allez de quarante-sept à droite,47,15
17768,montez de quatre-vingt-quatorze puis allez de cent à droite,100,94
17769,montez de treize puis allez de cinquante-six à droite,56,13
17770,montez de trente-neuf puis allez de trente-huit à droite,38,39
17771,montez de quatre-vingt-dix-huit puis allez de quatre-vingt-deux à droite,82,98
17772,montez de quarante-neuf puis allez de trois à droite,3,49
17773,montez de vingt-cinq puis allez de quatorze à droite,14,25
17774,montez de soixante-quatorze puis allez de soixante-dix à droite,70,74
17775,montez de quatorze puis allez de quatre-vingt-quatorze à droite,94,14
17776,montez de vingt puis allez de quatre-vingt-quatre à droite,84,20
17777,montez de deux puis allez de quatre à droite,4,2
17778,montez de quarante-six puis allez de quarante-six à droite,46,46
17779,montez de quinze puis allez de soixante-trois à droite,63,15
17780,montez de soixante-trois puis allez de cinquante-quatre à droite,54,63
17781,montez de trente et un puis allez de soixante-six à droite,66,31
17782,montez de soixante-seize puis allez de soixante-dix-neuf à droite,79,76
17783,montez de quatre-vingt-dix-huit puis allez de quatre-vingt-quatorze à droite,94,98
17784,montez de sept puis allez de seize à droite,16,7
17785,montez de soixante-deux puis allez de quatre-vingt-treize à droite,93,62
17786,montez de quatre-vingt-quatre puis allez de quatre-vingt-deux à droite,82,84
17787,montez de quatre puis allez de cinquante-trois à droite,53,4
17788,montez de quatorze puis allez de quatre à droite,4,14
17789,montez de quatre-vingt-six puis allez de trente-trois à droite,33,86
17790,montez de quatre-vingt-trois puis allez de soixante-quinze à droite,75,83
17791,montez de trente-trois puis allez de quarante-deux à droite,42,33
17792,montez de vingt-sept puis allez de quarante-six à droite,46,27
17793,montez de neuf puis allez de huit à droite,8,9
17794,montez de cinquante-deux puis allez de soixante-six à droite,66,52
17795,montez de quatre-vingt-seize puis allez de quatre-vingt-trois à droite,83,96
17796,montez de trente-cinq puis allez de vingt-neuf à droite,29,35
17797,montez de quarante-deux puis allez de quatre-vingt-onze à droite,91,42
17798,montez de soixante-quatorze puis allez de quarante et un à droite,41,74
17799,montez de soixante-seize puis allez de cinquante-quatre à droite,54,76
17800,montez de soixante-douze puis allez de quatre-vingts à droite,80,72
17801,montez de cent puis allez de soixante et un à droite,61,100
17802,montez de soixante-quinze puis allez de quarante-quatre à droite,44,75
17803,montez de soixante-quatorze puis allez de soixante-seize à droite,76,74
17804,montez de quatre-vingt-quinze puis allez de dix-neuf à droite,19,95
17805,montez de soixante-quinze puis allez de trente-trois à droite,33,75
17806,montez de trente-quatre puis allez de trente et un à droite,31,34
17807,montez de vingt puis allez de quarante-neuf à droite,49,20
17808,montez de cinquante-deux puis allez de vingt à droite,20,52
17809,montez de cinquante-sept puis allez de soixante-treize à droite,73,57
17810,montez de quatre-vingt-onze puis allez de cinquante-sept à droite,57,91
17811,montez de soixante-treize puis allez de quatre-vingt-deux à droite,82,73
17812,montez de quarante-neuf puis allez de quarante-trois à droite,43,49
17813,montez de soixante-quatorze puis allez de trente et un à droite,31,74
17814,montez de quatre-vingt-neuf puis allez de dix-sept à droite,17,89
17815,montez de trente et un puis allez de trente-neuf à droite,39,31
17816,montez de soixante-neuf puis allez de quatre-vingt-dix-huit à droite,98,69
17817,montez de quatre-vingt-cinq puis allez de cinquante-trois à droite,53,85
17818,montez de soixante-quatorze puis allez de cinquante-cinq à droite,55,74
17819,montez de soixante-dix-sept puis allez de quarante et un à droite,41,77
17820,montez de cinquante-six puis allez de trente-huit à droite,38,56
17821,montez de onze puis allez de soixante-cinq à droite,65,11
17822,montez de soixante et onze puis allez de vingt-huit à droite,28,71
17823,montez de soixante-deux puis allez de quatre-vingt-un à droite,81,62
17824,montez de soixante-dix-huit puis allez de quatre-vingt-onze à droite,91,78
17825,montez de soixante-quinze puis allez de quarante et un à droite,41,75
17826,montez de cinquante-cinq puis allez de quatre-vingt-dix-neuf à droite,99,55
17827,montez de vingt-sept puis allez de cinquante-deux à droite,52,27
17828,montez de quatre-vingt-sept puis allez de cinquante-sept à droite,57,87
17829,montez de cinquante-neuf puis allez de cinquante-neuf à droite,59,59
17830,montez de vingt-cinq puis allez de un à droite,1,25
17831,montez de quatre-vingt-huit puis allez de trois à droite,3,88
17832,montez de soixante-deux puis allez de cinq à droite,5,62
17833,montez de quarante-quatre puis allez de cinquante-quatre à droite,54,44
17834,montez de vingt-sept puis allez de quarante-huit à droite,48,27
17835,montez de quarante-sept puis allez de cinquante-cinq à droite,55,47
17836,montez de seize puis allez de deux à droite,2,16
17837,montez de quatre-vingt-six puis allez de soixante-six à droite,66,86
17838,montez de soixante-deux puis allez de soixante-treize à droite,73,62
17839,montez de dix-neuf puis allez de cinquante-six à droite,56,19
17840,montez de soixante-neuf puis allez de quarante-huit à droite,48,69
17841,montez de quarante-huit puis allez de soixante-dix-huit à droite,78,48
17842,montez de quarante-six puis allez de soixante-treize à droite,73,46
17843,montez de soixante-dix-neuf puis allez de trente-cinq à droite,35,79
17844,montez de quatre-vingt-deux puis allez de quatre-vingt-treize à droite,93,82
17845,montez de quatorze puis allez de dix à droite,10,14
17846,montez de soixante-dix puis allez de neuf à droite,9,70
17847,montez de sept puis allez de quinze à droite,15,7
17848,montez de trente et un puis allez de cinquante-huit à droite,58,31
17849,montez de quinze puis allez de trente et un à droite,31,15
17850,montez de neuf puis allez de dix-neuf à droite,19,9
17851,montez de quatre-vingt-quatorze puis allez de soixante à droite,60,94
17852,montez de cinquante et un puis allez de sept à droite,7,51
17853,montez de quarante-deux puis allez de quatre-vingt-onze à droite,91,42
17854,montez de dix-neuf puis allez de vingt-trois à droite,23,19
17855,montez de cinquante puis allez de quatre-vingt-quatorze à droite,94,50
17856,montez de soixante-huit puis allez de soixante-dix-neuf à droite,79,68
17857,montez de quarante puis allez de vingt-quatre à droite,24,40
17858,montez de trente-quatre puis allez de trente-quatre à droite,34,34
17859,montez de quatorze puis allez de quarante-huit à droite,48,14
17860,montez de vingt-neuf puis allez de trois à droite,3,29
17861,montez de soixante et un puis allez de soixante-deux à droite,62,61
17862,montez de quarante-quatre puis allez de six à droite,6,44
17863,montez de onze puis allez de soixante-treize à droite,73,11
17864,montez de vingt-deux puis allez de quarante-trois à droite,43,22
17865,montez de soixante-quatorze puis allez de vingt-trois à droite,23,74
17866,montez de vingt-deux puis allez de vingt-deux à droite,22,22
17867,montez de vingt-sept puis allez de vingt-cinq à droite,25,27
17868,montez de vingt-cinq puis allez de dix-neuf à droite,19,25
17869,montez de soixante-six puis allez de quarante-quatre à droite,44,66
17870,montez de quatre-vingt-six puis allez de trente-deux à droite,32,86
17871,montez de vingt-cinq puis allez de soixante-sept à droite,67,25
17872,montez de quatre-vingt-huit puis allez de huit à droite,8,88
17873,montez de vingt puis allez de cinquante-deux à droite,52,20
17874,montez de soixante et un puis allez de quatre-vingts à droite,80,61
17875,montez de dix-huit puis allez de quatre-vingt-quinze à droite,95,18
17876,montez de quarante-neuf puis allez de vingt-six à droite,26,49
17877,montez de treize puis allez de quarante-sept à droite,47,13
17878,montez de vingt et un puis allez de quatre-vingt-huit à droite,88,21
17879,montez de cinquante-quatre puis allez de trente-quatre à droite,34,54
17880,montez de douze puis allez de soixante-quinze à droite,75,12
17881,montez de soixante puis allez de quarante et un à droite,41,60
17882,montez de onze puis allez de quatre-vingt-six à droite,86,11
17883,montez de soixante-dix-sept puis allez de dix à droite,10,77
17884,montez de soixante et un puis allez de trente et un à droite,31,61
17885,montez de trente-sept puis allez de trente-quatre à droite,34,37
17886,montez de quatre-vingt-douze puis allez de soixante à droite,60,92
17887,montez de vingt-trois puis allez de douze à droite,12,23
17888,montez de soixante-neuf puis allez de quatre-vingt-treize à droite,93,69
17889,montez de soixante-sept puis allez de quatre-vingt-cinq à droite,85,67
17890,montez de cinquante-cinq puis allez de soixante-cinq à droite,65,55
17891,montez de trois puis allez de quatre-vingt-cinq à droite,85,3
17892,montez de vingt-deux puis allez de huit à droite,8,22
17893,montez de trente-neuf puis allez de cinquante à droite,50,39
17894,montez de quatre-vingt-dix puis allez de quarante-trois à droite,43,90
17895,montez de soixante puis allez de neuf à droite,9,60
17896,montez de quarante-huit puis allez de quatre-vingt-cinq à droite,85,48
17897,montez de dix-huit puis allez de onze à droite,11,18
17898,montez de soixante-trois puis allez de vingt et un à droite,21,63
17899,montez de cinquante puis allez de quatre-vingt-dix-sept à droite,97,50
17900,montez de vingt puis allez de quarante-quatre à droite,44,20
17901,montez de treize puis allez de cinquante-huit à droite,58,13
17902,montez de vingt-quatre puis allez de dix-neuf à droite,19,24
17903,montez de deux puis allez de quatre-vingt-onze à droite,91,2
17904,montez de quatre-vingt-six puis allez de soixante-sept à droite,67,86
17905,montez de quarante puis allez de trente-quatre à droite,34,40
17906,montez de vingt-cinq puis allez de quatre-vingt-cinq à droite,85,25
17907,montez de vingt-deux puis allez de cinq à droite,5,22
17908,montez de soixante-trois puis allez de quatre-vingt-quatre à droite,84,63
17909,montez de quatorze puis allez de quarante-neuf à droite,49,14
17910,montez de soixante-cinq puis allez de quarante et un à droite,41,65
17911,montez de quatre-vingt-six puis allez de quatre-vingt-seize à droite,96,86
17912,montez de quarante-neuf puis allez de un à droite,1,49
17913,montez de soixante-cinq puis allez de quatre à droite,4,65
17914,montez de treize puis allez de quatre-vingt-quinze à droite,95,13
17915,montez de cinquante-six puis allez de quatre-vingt-quatorze à droite,94,56
17916,montez de trente-cinq puis allez de soixante à droite,60,35
17917,montez de six puis allez de vingt-six à droite,26,6
17918,montez de quatre-vingt-onze puis allez de quatre-vingts à droite,80,91
17919,montez de vingt-deux puis allez de trente-trois à droite,33,22
17920,montez de huit puis allez de vingt-sept à droite,27,8
17921,montez de vingt et un puis allez de vingt-trois à droite,23,21
17922,montez de cinquante-cinq puis allez de soixante-neuf à droite,69,55
17923,montez de quatre-vingt-seize puis allez de quarante-deux à droite,42,96
17924,montez de quatre-vingt-dix-sept puis allez de quatre-vingt-quatorze à droite,94,97
17925,montez de quarante-cinq puis allez de soixante-dix à droite,70,45
17926,montez de vingt-cinq puis allez de trente à droite,30,25
17927,montez de dix-huit puis allez de trente à droite,30,18
17928,montez de quinze puis allez de vingt-huit à droite,28,15
17929,montez de cinquante et un puis allez de huit à droite,8,51
17930,montez de vingt-six puis allez de quatre-vingt-treize à droite,93,26
17931,montez de vingt puis allez de soixante-dix-huit à droite,78,20
17932,montez de trente-quatre puis allez de quatre-vingt-dix-neuf à droite,99,34
17933,montez de quatre-vingt-neuf puis allez de cinquante-trois à droite,53,89
17934,montez de soixante-sept puis allez de soixante-huit à droite,68,67
17935,montez de soixante-six puis allez de quatre-vingt-dix-sept à droite,97,66
17936,montez de trente-trois puis allez de soixante-quatorze à droite,74,33
17937,montez de quatre-vingt-quatorze puis allez de vingt-huit à droite,28,94
17938,montez de vingt-trois puis allez de trente-trois à droite,33,23
17939,montez de cinquante et un puis allez de trente-neuf à droite,39,51
17940,montez de sept puis allez de quatre-vingt-un à droite,81,7
17941,montez de quatre-vingt-huit puis allez de trente et un à droite,31,88
17942,montez de quatre-vingt-cinq puis allez de trente-huit à droite,38,85
17943,montez de soixante et onze puis allez de quatre-vingt-dix à droite,90,71
17944,montez de quarante et un puis allez de deux à droite,2,41
17945,montez de vingt-deux puis allez de quatre-vingt-quatorze à droite,94,22
17946,montez de soixante-treize puis allez de soixante-douze à droite,72,73
17947,montez de quatre-vingt-quinze puis allez de quatre-vingt-sept à droite,87,95
17948,montez de quinze puis allez de trente-trois à droite,33,15
17949,montez de quatre-vingt-onze puis allez de trente-six à droite,36,91
17950,montez de cinquante-neuf puis allez de cinquante et un à droite,51,59
17951,montez de quatre-vingt-onze puis allez de quatre-vingt-un à droite,81,91
17952,montez de trente-deux puis allez de quatre-vingt-quatre à droite,84,32
17953,montez de cent puis allez de trente et un à droite,31,100
17954,montez de soixante puis allez de quatre à droite,4,60
17955,montez de cinquante-quatre puis allez de soixante-douze à droite,72,54
17956,montez de cinquante-huit puis allez de deux à droite,2,58
17957,montez de deux puis allez de cinquante et un à droite,51,2
17958,montez de vingt-trois puis allez de quatre-vingt-huit à droite,88,23
17959,montez de trente puis allez de quatre-vingt-cinq à droite,85,30
17960,montez de deux puis allez de vingt-deux à droite,22,2
17961,montez de trois puis allez de quatre-vingt-un à droite,81,3
17962,montez de quatre-vingt-douze puis allez de quatre-vingts à droite,80,92
17963,montez de soixante-sept puis allez de quatre-vingt-deux à droite,82,67
17964,montez de vingt-sept puis allez de trente-trois à droite,33,27
17965,montez de soixante et un puis allez de vingt-sept à droite,27,61
17966,montez de quatre-vingt-neuf puis allez de treize à droite,13,89
17967,montez de vingt-sept puis allez de soixante-quatorze à droite,74,27
17968,montez de soixante-seize puis allez de soixante-cinq à droite,65,76
17969,montez de quarante-deux puis allez de quatre-vingt-trois à droite,83,42
17970,montez de soixante-seize puis allez de trente-trois à droite,33,76
17971,montez de huit puis allez de vingt-cinq à droite,25,8
17972,montez de quatre-vingt-dix-neuf puis allez de soixante-trois à droite,63,99
17973,montez de quarante puis allez de quarante-huit à droite,48,40
17974,montez de cinquante-trois puis allez de soixante-dix-neuf à droite,79,53
17975,montez de trois puis allez de quatre-vingt-un à droite,81,3
17976,montez de cinquante-deux puis allez de trente-quatre à droite,34,52
17977,montez de cinq puis allez de quatre-vingt-sept à droite,87,5
17978,montez de cinquante-quatre puis allez de quarante-quatre à droite,44,54
17979,montez de quatre-vingt-onze puis allez de dix-sept à droite,17,91
17980,montez de soixante et onze puis allez de douze à droite,12,71
17981,montez de huit puis allez de douze à droite,12,8
17982,montez de cinquante-neuf puis allez de trente-sept à droite,37,59
17983,montez de quarante et un puis allez de trente-neuf à droite,39,41
17984,montez de cinquante-trois puis allez de quatre-vingt-onze à droite,91,53
17985,montez de trente-cinq puis allez de deux à droite,2,35
17986,montez de soixante-quatre puis allez de quarante à droite,40,64
17987,montez de soixante-dix-neuf puis allez de quarante-cinq à droite,45,79
17988,montez de trente-huit puis allez de quatre-vingt-huit à droite,88,38
17989,montez de cinquante et un puis allez de quatre-vingt-onze à droite,91,51
17990,montez de soixante-sept puis allez de cinquante-sept à droite,57,67
17991,montez de vingt-neuf puis allez de cinquante-six à droite,56,29
17992,montez de quatre-vingt-dix-huit puis allez de soixante-deux à droite,62,98
17993,montez de quatre-vingt-douze puis allez de quatre-vingt-huit à droite,88,92
17994,montez de cinq puis allez de trente et un à droite,31,5
17995,montez de trois puis allez de quatre-vingt-seize à droite,96,3
17996,montez de quarante-cinq puis allez de cinquante et un à droite,51,45
17997,montez de soixante-dix puis allez de quatre-vingt-trois à droite,83,70
17998,montez de soixante-dix-huit puis allez de cinquante-deux à droite,52,78
17999,montez de soixante-quinze puis allez de dix à droite,10,75
18000,descendez de soixante-cinq puis allez de quatre-vingt-quinze à gauche,-95,-65
18001,descendez de trente-cinq puis allez de quarante-huit à gauche,-48,-35
18002,descendez de seize puis allez de vingt-sept à gauche,-27,-16
18003,descendez de vingt-sept puis allez de quatre-vingt-sept à gauche,-87,-27
18004,descendez de vingt-sept puis allez de quatre-vingt-un à gauche,-81,-27
18005,descendez de cinquante-neuf puis allez de soixante-dix-neuf à gauche,-79,-59
18006,descendez de quarante-quatre puis allez de quatre-vingt-quatre à gauche,-84,-44
18007,descendez de cinquante-six puis allez de quarante-quatre à gauche,-44,-56
18008,descendez de quatre-vingt-treize puis allez de deux à gauche,-2,-93
18009,descendez de soixante-cinq puis allez de seize à gauche,-16,-65
18010,descendez de cinquante-six puis allez de vingt à gauche,-20,-56
18011,descendez de quinze puis allez de cinquante-cinq à gauche,-55,-15
18012,descendez de soixante-six puis allez de dix-neuf à gauche,-19,-66
18013,descendez de quatre-vingt-dix-sept puis allez de quarante-sept à gauche,-47,-97
18014,descendez de trente-trois puis allez de trente-six à gauche,-36,-33
18015,descendez de trente puis allez de soixante-quatorze à gauche,-74,-30
18016,descendez de un puis allez de six à gauche,-6,-1
18017,descendez de quatre-vingt-deux puis allez de soixante-quinze à gauche,-75,-82
18018,descendez de un puis allez de six à gauche,-6,-1
18019,descendez de soixante-dix-huit puis allez de deux à gauche,-2,-78
18020,descendez de quarante-huit puis allez de soixante-six à gauche,-66,-48
18021,descendez de quarante-trois puis allez de quatre-vingt-dix à gauche,-90,-43
18022,descendez de vingt-neuf puis allez de cinquante-neuf à gauche,-59,-29
18023,descendez de quatre-vingt-sept puis allez de vingt-neuf à gauche,-29,-87
18024,descendez de soixante-dix puis allez de soixante-treize à gauche,-73,-70
18025,descendez de trente-trois puis allez de quatre-vingt-deux à gauche,-82,-33
18026,descendez de quarante-trois puis allez de soixante-deux à gauche,-62,-43
18027,descendez de trente-cinq puis allez de quatre-vingt-trois à gauche,-83,-35
18028,descendez de vingt-neuf puis allez de quatre-vingt-dix-neuf à gauche,-99,-29
18029,descendez de quarante-deux puis allez de trente et un à gauche,-31,-42
18030,descendez de vingt-six puis allez de quarante-deux à gauche,-42,-26
18031,descendez de trois puis allez de soixante-dix-huit à gauche,-78,-3
18032,descendez de vingt-deux puis allez de soixante-six à gauche,-66,-22
18033,descendez de soixante-treize puis allez de soixante et onze à gauche,-71,-73
18034,descendez de quarante-huit puis allez de soixante-six à gauche,-66,-48
18035,descendez de cinquante-huit puis allez de vingt-huit à gauche,-28,-58
18036,descendez de onze puis allez de soixante-dix à gauche,-70,-11
18037,descendez de soixante-trois puis allez de soixante et onze à gauche,-71,-63
18038,descendez de quarante puis allez de quarante et un à gauche,-41,-40
18039,descendez de soixante et un puis allez de trois à gauche,-3,-61
18040,descendez de quatre-vingt-neuf puis allez de soixante-dix à gauche,-70,-89
18041,descendez de onze puis allez de soixante-seize à gauche,-76,-11
18042,descendez de huit puis allez de treize à gauche,-13,-8
18043,descendez de quarante-quatre puis allez de cinquante-trois à gauche,-53,-44
18044,descendez de soixante-trois puis allez de soixante-cinq à gauche,-65,-63
18045,descendez de cinquante-huit puis allez de vingt-deux à gauche,-22,-58
18046,descendez de quarante et un puis allez de quatre-vingt-six à gauche,-86,-41
18047,descendez de dix-neuf puis allez de vingt-trois à gauche,-23,-19
18048,descendez de vingt-quatre puis allez de soixante-huit à gauche,-68,-24
18049,descendez de cent puis allez de cent à gauche,-100,-100
18050,descendez de cent puis allez de quatre-vingts à gauche,-80,-100
18051,descendez de trente-trois puis allez de trente-trois à gauche,-33,-33
18052,descendez de cent puis allez de soixante-dix à gauche,-70,-100
18053,descendez de huit puis allez de quarante-six à gauche,-46,-8
18054,descendez de deux puis allez de onze à gauche,-11,-2
18055,descendez de trente-six puis allez de quatre-vingts à gauche,-80,-36
18056,descendez de trente puis allez de cent à gauche,-100,-30
18057,descendez de quarante-sept puis allez de quinze à gauche,-15,-47
18058,descendez de soixante-quinze puis allez de quatre-vingt-dix-huit à gauche,-98,-75
18059,descendez de quatre-vingt-dix-sept puis allez de vingt-deux à gauche,-22,-97
18060,descendez de quarante-huit puis allez de soixante-cinq à gauche,-65,-48
18061,descendez de soixante et onze puis allez de soixante-six à gauche,-66,-71
18062,descendez de deux puis allez de quatre-vingts à gauche,-80,-2
18063,descendez de soixante-quatorze puis allez de cinquante-six à gauche,-56,-74
18064,descendez de vingt-six puis allez de trente-neuf à gauche,-39,-26
18065,descendez de quarante-quatre puis allez de quarante-sept à gauche,-47,-44
18066,descendez de soixante puis allez de soixante-trois à gauche,-63,-60
18067,descendez de seize puis allez de vingt-quatre à gauche,-24,-16
18068,descendez de cinquante-huit puis allez de trente-sept à gauche,-37,-58
18069,descendez de soixante-quatre puis allez de cinquante à gauche,-50,-64
18070,descendez de vingt-huit puis allez de quinze à gauche,-15,-28
18071,descendez de quatre-vingt-deux puis allez de trente-six à gauche,-36,-82
18072,descendez de cinquante-quatre puis allez de neuf à gauche,-9,-54
18073,descendez de quarante-sept puis allez de vingt à gauche,-20,-47
18074,descendez de deux puis allez de seize à gauche,-16,-2
18075,descendez de cinquante-cinq puis allez de quatre-vingt-sept à gauche,-87,-55
18076,descendez de quatre-vingt-seize puis allez de soixante-deux à gauche,-62,-96
18077,descendez de soixante-quatorze puis allez de trente à gauche,-30,-74
18078,descendez de soixante-sept puis allez de trente-quatre à gauche,-34,-67
18079,descendez de trente puis allez de cinquante-six à gauche,-56,-30
18080,descendez de quatre-vingt-dix puis allez de soixante à gauche,-60,-90
18081,descendez de trente-neuf puis allez de cent à gauche,-100,-39
18082,descendez de trente-huit puis allez de soixante-quinze à gauche,-75,-38
18083,descendez de soixante-six puis allez de soixante-quinze à gauche,-75,-66
18084,descendez de dix-huit puis allez de vingt-cinq à gauche,-25,-18
18085,descendez de soixante-dix-huit puis allez de quarante-neuf à gauche,-49,-78
18086,descendez de trente-trois puis allez de vingt à gauche,-20,-33
18087,descendez de trente puis allez de soixante-quinze à gauche,-75,-30
18088,descendez de quatre-vingt-dix-sept puis allez de cinquante-deux à gauche,-52,-97
18089,descendez de soixante-seize puis allez de quatre-vingt-trois à gauche,-83,-76
18090,descendez de cinquante-neuf puis allez de trente-deux à gauche,-32,-59
18091,descendez de quatre-vingt-dix-neuf puis allez de sept à gauche,-7,-99
18092,descendez de quatre-vingt-neuf puis allez de soixante-huit à gauche,-68,-89
18093,descendez de soixante-dix-sept puis allez de quatre-vingts à gauche,-80,-77
18094,descendez de treize puis allez de cinquante-deux à gauche,-52,-13
18095,descendez de quatre-vingt-un puis allez de quatre-vingt-six à gauche,-86,-81
18096,descendez de quarante-six puis allez de soixante-quatre à gauche,-64,-46
18097,descendez de vingt-deux puis allez de quarante-cinq à gauche,-45,-22
18098,descendez de quarante-trois puis allez de six à gauche,-6,-43
18099,descendez de quarante-trois puis allez de onze à gauche,-11,-43
18100,descendez de vingt-cinq puis allez de vingt à gauche,-20,-25
18101,descendez de quarante-cinq puis allez de cinquante-six à gauche,-56,-45
18102,descendez de vingt et un puis allez de trente-sept à gauche,-37,-21
18103,descendez de trente-quatre puis allez de cinquante et un à gauche,-51,-34
18104,descendez de cinq puis allez de soixante et un à gauche,-61,-5
18105,descendez de vingt-trois puis allez de cinquante et un à gauche,-51,-23
18106,descendez de quarante-cinq puis allez de soixante-dix-neuf à gauche,-79,-45
18107,descendez de vingt-trois puis allez de quarante-neuf à gauche,-49,-23
18108,descendez de quatre-vingts puis allez de quatre-vingt-dix à gauche,-90,-80
18109,descendez de cinquante puis allez de vingt-trois à gauche,-23,-50
18110,descendez de trente-trois puis allez de quatre-vingt-quinze à gauche,-95,-33
18111,descendez de soixante-quatorze puis allez de trente-six à gauche,-36,-74
18112,descendez de quatre-vingt-onze puis allez de dix à gauche,-10,-91
18113,descendez de quatre-vingt-cinq puis allez de cinquante-quatre à gauche,-54,-85
18114,descendez de quatre-vingt-douze puis allez de cinquante-quatre à gauche,-54,-92
18115,descendez de vingt-cinq puis allez de soixante-neuf à gauche,-69,-25
18116,descendez de quatre-vingt-dix-sept puis allez de sept à gauche,-7,-97
18117,descendez de trente-six puis allez de dix-neuf à gauche,-19,-36
18118,descendez de sept puis allez de trente à gauche,-30,-7
18119,descendez de quatre-vingt-seize puis allez de soixante-dix-sept à gauche,-77,-96
18120,descendez de quatre-vingt-dix-neuf puis allez de vingt-huit à gauche,-28,-99
18121,descendez de trois puis allez de quinze à gauche,-15,-3
18122,descendez de soixante-dix puis allez de vingt à gauche,-20,-70
18123,descendez de quatre-vingt-dix-sept puis allez de deux à gauche,-2,-97
18124,descendez de soixante puis allez de dix-huit à gauche,-18,-60
18125,descendez de cinquante-neuf puis allez de quatre-vingt-neuf à gauche,-89,-59
18126,descendez de vingt puis allez de trente-huit à gauche,-38,-20
18127,descendez de quarante-trois puis allez de douze à gauche,-12,-43
18128,descendez de quatre-vingt-dix-sept puis allez de quatre-vingt-treize à gauche,-93,-97
18129,descendez de soixante-douze puis allez de quatre-vingt-treize à gauche,-93,-72
18130,descendez de soixante puis allez de vingt et un à gauche,-21,-60
18131,descendez de quatre-vingt-douze puis allez de trente-huit à gauche,-38,-92
18132,descendez de quinze puis allez de soixante-sept à gauche,-67,-15
18133,descendez de soixante-quatorze puis allez de cinquante-sept à gauche,-57,-74
18134,descendez de quarante-trois puis allez de douze à gauche,-12,-43
18135,descendez de cinquante-deux puis allez de quatre-vingt-onze à gauche,-91,-52
18136,descendez de quatre-vingt-dix-neuf puis allez de quatre-vingt-quinze à gauche,-95,-99
18137,descendez de quatre-vingt-dix-huit puis allez de treize à gauche,-13,-98
18138,descendez de vingt-huit puis allez de vingt-deux à gauche,-22,-28
18139,descendez de dix puis allez de quarante-quatre à gauche,-44,-10
18140,descendez de soixante-sept puis allez de quarante-cinq à gauche,-45,-67
18141,descendez de dix-sept puis allez de neuf à gauche,-9,-17
18142,descendez de quatre-vingt-dix-huit puis allez de quarante à gauche,-40,-98
18143,descendez de soixante-dix-huit puis allez de quatre-vingt-quatre à gauche,-84,-78
18144,descendez de quarante-sept puis allez de dix-neuf à gauche,-19,-47
18145,descendez de trente-deux puis allez de quatre-vingt-un à gauche,-81,-32
18146,descendez de dix puis allez de quatre-vingt-trois à gauche,-83,-10
18147,descendez de huit puis allez de soixante-douze à gauche,-72,-8
18148,descendez de cinquante-huit puis allez de cinquante-sept à gauche,-57,-58
18149,descendez de quarante-sept puis allez de quatre-vingt-dix-neuf à gauche,-99,-47
18150,descendez de trente-deux puis allez de soixante et onze à gauche,-71,-32
18151,descendez de trente-quatre puis allez de quatre-vingt-six à gauche,-86,-34
18152,descendez de quatre-vingt-quatorze puis allez de vingt-deux à gauche,-22,-94
18153,descendez de cinq puis allez de cinquante-quatre à gauche,-54,-5
18154,descendez de vingt-deux puis allez de trente-sept à gauche,-37,-22
18155,descendez de soixante-quatre puis allez de dix-sept à gauche,-17,-64
18156,descendez de douze puis allez de cinquante à gauche,-50,-12
18157,descendez de soixante-sept puis allez de seize à gauche,-16,-67
18158,descendez de quarante-deux puis allez de soixante-dix à gauche,-70,-42
18159,descendez de quatre-vingt-neuf puis allez de treize à gauche,-13,-89
18160,descendez de soixante-six puis allez de soixante-quatre à gauche,-64,-66
18161,descendez de quatre-vingt-deux puis allez de vingt-quatre à gauche,-24,-82
18162,descendez de quatre-vingt-six puis allez de soixante et un à gauche,-61,-86
18163,descendez de cinquante puis allez de soixante-dix-neuf à gauche,-79,-50
18164,descendez de soixante-quinze puis allez de dix-neuf à gauche,-19,-75
18165,descendez de trente-trois puis allez de soixante-seize à gauche,-76,-33
18166,descendez de vingt-sept puis allez de cinquante-neuf à gauche,-59,-27
18167,descendez de trente-trois puis allez de cinquante-neuf à gauche,-59,-33
18168,descendez de vingt-deux puis allez de vingt-huit à gauche,-28,-22
18169,descendez de quatorze puis allez de neuf à gauche,-9,-14
18170,descendez de quinze puis allez de quatre-vingt-huit à gauche,-88,-15
18171,descendez de quatre-vingt-dix-sept puis allez de cinquante-neuf à gauche,-59,-97
18172,descendez de trente-six puis allez de quatre-vingt-dix à gauche,-90,-36
18173,descendez de vingt-trois puis allez de deux à gauche,-2,-23
18174,descendez de seize puis allez de dix-huit à gauche,-18,-16
18175,descendez de soixante-deux puis allez de soixante-dix-sept à gauche,-77,-62
18176,descendez de trente-six puis allez de soixante-neuf à gauche,-69,-36
18177,descendez de quarante-cinq puis allez de douze à gauche,-12,-45
18178,descendez de vingt-trois puis allez de quarante-cinq à gauche,-45,-23
18179,descendez de soixante-quinze puis allez de trente-huit à gauche,-38,-75
18180,descendez de cinquante puis allez de quarante-sept à gauche,-47,-50
18181,descendez de quatre-vingt-treize puis allez de neuf à gauche,-9,-93
18182,descendez de soixante-quinze puis allez de quarante-six à gauche,-46,-75
18183,descendez de trente-deux puis allez de vingt-cinq à gauche,-25,-32
18184,descendez de quatre-vingt-quinze puis allez de soixante-quatorze à gauche,-74,-95
18185,descendez de quatre-vingt-quinze puis allez de soixante-sept à gauche,-67,-95
18186,descendez de vingt-quatre puis allez de quatre-vingt-huit à gauche,-88,-24
18187,descendez de soixante puis allez de trois à gauche,-3,-60
18188,descendez de quarante puis allez de cinquante et un à gauche,-51,-40
18189,descendez de soixante-dix puis allez de cinquante-deux à gauche,-52,-70
18190,descendez de vingt-huit puis allez de quarante-quatre à gauche,-44,-28
18191,descendez de quarante-cinq puis allez de soixante à gauche,-60,-45
18192,descendez de trente-neuf puis allez de huit à gauche,-8,-39
18193,descendez de quarante-cinq puis allez de quatre-vingt-cinq à gauche,-85,-45
18194,descendez de quatre-vingt-huit puis allez de soixante-treize à gauche,-73,-88
18195,descendez de soixante-neuf puis allez de trente à gauche,-30,-69
18196,descendez de trente-deux puis allez de soixante-douze à gauche,-72,-32
18197,descendez de soixante et onze puis allez de vingt-six à gauche,-26,-71
18198,descendez de trente-trois puis allez de seize à gauche,-16,-33
18199,descendez de trente et un puis allez de trente-quatre à gauche,-34,-31
18200,descendez de quatre-vingt-onze puis allez de vingt et un à gauche,-21,-91
18201,descendez de vingt-neuf puis allez de soixante-seize à gauche,-76,-29
18202,descendez de sept puis allez de trois à gauche,-3,-7
18203,descendez de trente-quatre puis allez de quatre-vingt-cinq à gauche,-85,-34
18204,descendez de soixante-dix puis allez de quarante à gauche,-40,-70
18205,descendez de soixante-quatorze puis allez de soixante-dix à gauche,-70,-74
18206,descendez de quatre-vingt-dix puis allez de douze à gauche,-12,-90
18207,descendez de quatre-vingt-cinq puis allez de quarante-quatre à gauche,-44,-85
18208,descendez de quatre-vingt-sept puis allez de soixante et onze à gauche,-71,-87
18209,descendez de quatre-vingt-treize puis allez de dix-sept à gauche,-17,-93
18210,descendez de quatre-vingt-dix-sept puis allez de deux à gauche,-2,-97
18211,descendez de quarante-huit puis allez de quatre-vingt-cinq à gauche,-85,-48
18212,descendez de cinquante-quatre puis allez de trente-deux à gauche,-32,-54
18213,descendez de soixante-dix-sept puis allez de quarante et un à gauche,-41,-77
18214,descendez de quatre-vingt-deux puis allez de cinquante-six à gauche,-56,-82
18215,descendez de neuf puis allez de soixante-treize à gauche,-73,-9
18216,descendez de cinquante-cinq puis allez de quatre-vingt-quatre à gauche,-84,-55
18217,descendez de cinquante-sept puis allez de quatre-vingt-six à gauche,-86,-57
18218,descendez de cinquante-quatre puis allez de soixante-neuf à gauche,-69,-54
18219,descendez de seize puis allez de trente-deux à gauche,-32,-16
18220,descendez de trente-deux puis allez de soixante-seize à gauche,-76,-32
18221,descendez de quarante-trois puis allez de seize à gauche,-16,-43
18222,descendez de quatre-vingt-cinq puis allez de soixante-quinze à gauche,-75,-85
18223,descendez de vingt puis allez de huit à gauche,-8,-20
18224,descendez de deux puis allez de quatre-vingt-trois à gauche,-83,-2
18225,descendez de dix puis allez de vingt-six à gauche,-26,-10
18226,descendez de trente et un puis allez de dix-sept à gauche,-17,-31
18227,descendez de sept puis allez de onze à gauche,-11,-7
18228,descendez de quatre-vingt-treize puis allez de quarante-six à gauche,-46,-93
18229,descendez de quatre-vingt-treize puis allez de quarante-huit à gauche,-48,-93
18230,descendez de soixante-neuf puis allez de soixante-neuf à gauche,-69,-69
18231,descendez de vingt-neuf puis allez de cinq à gauche,-5,-29
18232,descendez de quatre-vingt-un puis allez de soixante-quatorze à gauche,-74,-81
18233,descendez de soixante-quatre puis allez de trente-trois à gauche,-33,-64
18234,descendez de cinquante puis allez de vingt-neuf à gauche,-29,-50
18235,descendez de sept puis allez de cinquante-sept à gauche,-57,-7
18236,descendez de treize puis allez de dix à gauche,-10,-13
18237,descendez de treize puis allez de soixante-six à gauche,-66,-13
18238,descendez de soixante-dix puis allez de trente à gauche,-30,-70
18239,descendez de quatre-vingt-dix-huit puis allez de quatre-vingt-quatre à gauche,-84,-98
18240,descendez de quatre-vingt-sept puis allez de soixante-deux à gauche,-62,-87
18241,descendez de soixante-quinze puis allez de soixante-quatre à gauche,-64,-75
18242,descendez de cinquante-six puis allez de soixante-dix-neuf à gauche,-79,-56
18243,descendez de trente puis allez de quatre à gauche,-4,-30
18244,descendez de sept puis allez de quatre-vingt-quatorze à gauche,-94,-7
18245,descendez de trois puis allez de soixante-cinq à gauche,-65,-3
18246,descendez de trente-sept puis allez de soixante et onze à gauche,-71,-37
18247,descendez de quatre-vingts puis allez de vingt-deux à gauche,-22,-80
18248,descendez de seize puis allez de soixante-six à gauche,-66,-16
18249,descendez de dix-huit puis allez de quarante-neuf à gauche,-49,-18
18250,descendez de dix-neuf puis allez de quatre-vingt-quinze à gauche,-95,-19
18251,descendez de cinquante-sept puis allez de six à gauche,-6,-57
18252,descendez de cinquante-six puis allez de six à gauche,-6,-56
18253,descendez de trente-sept puis allez de soixante-quatre à gauche,-64,-37
18254,descendez de soixante-douze puis allez de quinze à gauche,-15,-72
18255,descendez de cinquante-deux puis allez de vingt à gauche,-20,-52
18256,descendez de soixante-quatorze puis allez de seize à gauche,-16,-74
18257,descendez de quarante-trois puis allez de quatre-vingt-sept à gauche,-87,-43
18258,descendez de soixante-cinq puis allez de quarante-six à gauche,-46,-65
18259,descendez de quatre-vingt-dix puis allez de cinquante et un à gauche,-51,-90
18260,descendez de quatre-vingt-dix-sept puis allez de soixante-dix à gauche,-70,-97
18261,descendez de trente puis allez de soixante à gauche,-60,-30
18262,descendez de quatre-vingt-onze puis allez de soixante-cinq à gauche,-65,-91
18263,descendez de quatre-vingt-douze puis allez de soixante-six à gauche,-66,-92
18264,descendez de quatre-vingt-huit puis allez de soixante et un à gauche,-61,-88
18265,descendez de soixante-quinze puis allez de vingt-deux à gauche,-22,-75
18266,descendez de quatre-vingt-huit puis allez de treize à gauche,-13,-88
18267,descendez de quatre-vingt-quatorze puis allez de quatre-vingt-onze à gauche,-91,-94
18268,descendez de deux puis allez de neuf à gauche,-9,-2
18269,descendez de soixante-cinq puis allez de cent à gauche,-100,-65
18270,descendez de quarante puis allez de dix-neuf à gauche,-19,-40
18271,descendez de trente-deux puis allez de trente et un à gauche,-31,-32
18272,descendez de soixante-dix-huit puis allez de quarante-quatre à gauche,-44,-78
18273,descendez de quatre-vingt-cinq puis allez de soixante-douze à gauche,-72,-85
18274,descendez de soixante-cinq puis allez de quarante et un à gauche,-41,-65
18275,descendez de quatre-vingt-cinq puis allez de trente-deux à gauche,-32,-85
18276,descendez de soixante-quatre puis allez de huit à gauche,-8,-64
18277,descendez de quinze puis allez de quatre-vingt-deux à gauche,-82,-15
18278,descendez de quatre-vingt-dix puis allez de seize à gauche,-16,-90
18279,descendez de quatre-vingt-dix puis allez de quatre-vingts à gauche,-80,-90
18280,descendez de trente-sept puis allez de quarante-huit à gauche,-48,-37
18281,descendez de cinquante-six puis allez de quarante à gauche,-40,-56
18282,descendez de quinze puis allez de soixante-neuf à gauche,-69,-15
18283,descendez de quatre-vingt-cinq puis allez de cinquante-sept à gauche,-57,-85
18284,descendez de soixante et un puis allez de soixante-quinze à gauche,-75,-61
18285,descendez de cinquante-huit puis allez de quatre-vingt-trois à gauche,-83,-58
18286,descendez de quatre-vingt-quatorze puis allez de soixante-quinze à gauche,-75,-94
18287,descendez de cinquante et un puis allez de vingt-neuf à gauche,-29,-51
18288,descendez de cinquante-deux puis allez de soixante et un à gauche,-61,-52
18289,descendez de soixante-dix-huit puis allez de soixante et un à gauche,-61,-78
18290,descendez de cinquante-six puis allez de quatre-vingt-trois à gauche,-83,-56
18291,descendez de cinquante-deux puis allez de cinquante-deux à gauche,-52,-52
18292,descendez de quatre-vingt-neuf puis allez de soixante-deux à gauche,-62,-89
18293,descendez de sept puis allez de soixante-treize à gauche,-73,-7
18294,descendez de soixante-cinq puis allez de quatre-vingt-deux à gauche,-82,-65
18295,descendez de trente-six puis allez de trente-six à gauche,-36,-36
18296,descendez de vingt-sept puis allez de cinquante-trois à gauche,-53,-27
18297,descendez de cinquante-neuf puis allez de quatre-vingt-six à gauche,-86,-59
18298,descendez de vingt-six puis allez de vingt à gauche,-20,-26
18299,descendez de vingt puis allez de quatre-vingt-six à gauche,-86,-20
18300,descendez de cinquante-six puis allez de vingt et un à gauche,-21,-56
18301,descendez de cinquante-quatre puis allez de soixante-seize à gauche,-76,-54
18302,descendez de vingt-sept puis allez de quatre-vingt-onze à gauche,-91,-27
18303,descendez de trente-sept puis allez de quatre-vingt-huit à gauche,-88,-37
18304,descendez de soixante-deux puis allez de quarante-six à gauche,-46,-62
18305,descendez de quarante-cinq puis allez de quatre-vingt-deux à gauche,-82,-45
18306,descendez de douze puis allez de quarante et un à gauche,-41,-12
18307,descendez de quatre-vingt-huit puis allez de trente et un à gauche,-31,-88
18308,descendez de quarante-huit puis allez de trente et un à gauche,-31,-48
18309,descendez de quarante-trois puis allez de cinquante-deux à gauche,-52,-43
18310,descendez de dix puis allez de cinquante-sept à gauche,-57,-10
18311,descendez de vingt-huit puis allez de vingt-huit à gauche,-28,-28
18312,descendez de cent puis allez de quarante-sept à gauche,-47,-100
18313,descendez de vingt et un puis allez de quarante-huit à gauche,-48,-21
18314,descendez de trente-deux puis allez de quatre-vingt-huit à gauche,-88,-32
18315,descendez de vingt-six puis allez de cinquante-cinq à gauche,-55,-26
18316,descendez de vingt-trois puis allez de quatre-vingt-dix-sept à gauche,-97,-23
18317,descendez de treize puis allez de soixante-seize à gauche,-76,-13
18318,descendez de quatre-vingt-sept puis allez de cinquante-sept à gauche,-57,-87
18319,descendez de soixante puis allez de quatre-vingt-huit à gauche,-88,-60
18320,descendez de quatre-vingt-six puis allez de trente à gauche,-30,-86
18321,descendez de quatre-vingt-un puis allez de vingt-quatre à gauche,-24,-81
18322,descendez de dix-sept puis allez de quarante à gauche,-40,-17
18323,descendez de soixante-dix-huit puis allez de douze à gauche,-12,-78
18324,descendez de soixante-neuf puis allez de cinquante et un à gauche,-51,-69
18325,descendez de cinq puis allez de quatre-vingt-dix-neuf à gauche,-99,-5
18326,descendez de quatre-vingt-quatorze puis allez de soixante-sept à gauche,-67,-94
18327,descendez de onze puis allez de trente-trois à gauche,-33,-11
18328,descendez de six puis allez de quatre-vingt-un à gauche,-81,-6
18329,descendez de dix puis allez de quatre-vingt-douze à gauche,-92,-10
18330,descendez de trente-cinq puis allez de soixante-huit à gauche,-68,-35
18331,descendez de quarante puis allez de treize à gauche,-13,-40
18332,descendez de cinq puis allez de quatre à gauche,-4,-5
18333,descendez de quarante-six puis allez de soixante-treize à gauche,-73,-46
18334,descendez de cinquante-deux puis allez de soixante-dix-sept à gauche,-77,-52
18335,descendez de quarante-trois puis allez de dix-sept à gauche,-17,-43
18336,descendez de soixante-deux puis allez de huit à gauche,-8,-62
18337,descendez de dix-neuf puis allez de onze à gauche,-11,-19
18338,descendez de quarante-six puis allez de huit à gauche,-8,-46
18339,descendez de quarante-cinq puis allez de quarante-sept à gauche,-47,-45
18340,descendez de quatre-vingt-treize puis allez de trente et un à gauche,-31,-93
18341,descendez de quatre-vingts puis allez de trente-quatre à gauche,-34,-80
18342,descendez de neuf puis allez de quarante-six à gauche,-46,-9
18343,descendez de huit puis allez de seize à gauche,-16,-8
18344,descendez de quarante-huit puis allez de vingt-trois à gauche,-23,-48
18345,descendez de soixante-deux puis allez de quatre-vingt-dix-huit à gauche,-98,-62
18346,descendez de quatre-vingt-quatorze puis allez de soixante-dix-huit à gauche,-78,-94
18347,descendez de trente-quatre puis allez de quatre-vingt-cinq à gauche,-85,-34
18348,descendez de soixante-quatre puis allez de treize à gauche,-13,-64
18349,descendez de soixante-seize puis allez de soixante-dix-neuf à gauche,-79,-76
18350,descendez de cinquante-quatre puis allez de vingt-six à gauche,-26,-54
18351,descendez de trente-quatre puis allez de vingt-sept à gauche,-27,-34
18352,descendez de vingt puis allez de deux à gauche,-2,-20
18353,descendez de trente-huit puis allez de trente-huit à gauche,-38,-38
18354,descendez de soixante puis allez de vingt et un à gauche,-21,-60
18355,descendez de quatre-vingt-douze puis allez de quarante-cinq à gauche,-45,-92
18356,descendez de quatre-vingt-deux puis allez de quatre-vingt-sept à gauche,-87,-82
18357,descendez de soixante puis allez de soixante-trois à gauche,-63,-60
18358,descendez de cinquante-sept puis allez de cinquante-quatre à gauche,-54,-57
18359,descendez de trente-quatre puis allez de quatre-vingt-quatre à gauche,-84,-34
18360,descendez de vingt-quatre puis allez de vingt à gauche,-20,-24
18361,descendez de trois puis allez de quatre-vingt-sept à gauche,-87,-3
18362,descendez de cinquante-deux puis allez de cinquante-trois à gauche,-53,-52
18363,descendez de dix-sept puis allez de quarante-quatre à gauche,-44,-17
18364,descendez de douze puis allez de soixante-dix à gauche,-70,-12
18365,descendez de quatre-vingt-dix puis allez de quatre-vingt-dix-neuf à gauche,-99,-90
18366,descendez de vingt puis allez de trois à gauche,-3,-20
18367,descendez de soixante-deux puis allez de soixante-quinze à gauche,-75,-62
18368,descendez de cinquante-cinq puis allez de cinquante-neuf à gauche,-59,-55
18369,descendez de dix-sept puis allez de soixante-sept à gauche,-67,-17
18370,descendez de quatre-vingt-onze puis allez de quatre-vingt-quatorze à gauche,-94,-91
18371,descendez de quatre-vingt-quinze puis allez de cinquante-neuf à gauche,-59,-95
18372,descendez de neuf puis allez de quatre à gauche,-4,-9
18373,descendez de soixante-six puis allez de soixante-treize à gauche,-73,-66
18374,descendez de soixante-quinze puis allez de quatre-vingt-huit à gauche,-88,-75
18375,descendez de quarante-quatre puis allez de trente-huit à gauche,-38,-44
18376,descendez de dix-huit puis allez de treize à gauche,-13,-18
18377,descendez de soixante-dix-sept puis allez de quarante-trois à gauche,-43,-77
18378,descendez de quatre-vingt-quatorze puis allez de quarante-cinq à gauche,-45,-94
18379,descendez de quatre-vingt-huit puis allez de vingt-quatre à gauche,-24,-88
18380,descendez de douze puis allez de soixante-dix-huit à gauche,-78,-12
18381,descendez de vingt puis allez de cinquante-deux à gauche,-52,-20
18382,descendez de deux puis allez de quarante à gauche,-40,-2
18383,descendez de soixante-dix-huit puis allez de soixante-six à gauche,-66,-78
18384,descendez de dix puis allez de quatre-vingt-un à gauche,-81,-10
18385,descendez de cinquante-sept puis allez de vingt-quatre à gauche,-24,-57
18386,descendez de cinquante-neuf puis allez de soixante-treize à gauche,-73,-59
18387,descendez de cinquante-trois puis allez de vingt-six à gauche,-26,-53
18388,descendez de soixante-neuf puis allez de trente-huit à gauche,-38,-69
18389,descendez de trois puis allez de quatre-vingt-onze à gauche,-91,-3
18390,descendez de quatre-vingt-dix-huit puis allez de quarante-sept à gauche,-47,-98
18391,descendez de quarante-deux puis allez de quatorze à gauche,-14,-42
18392,descendez de trente-neuf puis allez de quatre-vingt-dix-sept à gauche,-97,-39
18393,descendez de quarante-cinq puis allez de vingt-sept à gauche,-27,-45
18394,descendez de quatre-vingt-dix-huit puis allez de quinze à gauche,-15,-98
18395,descendez de cinq puis allez de vingt-neuf à gauche,-29,-5
18396,descendez de soixante-trois puis allez de vingt-sept à gauche,-27,-63
18397,descendez de dix-huit puis allez de trente-neuf à gauche,-39,-18
18398,descendez de vingt-sept puis allez de soixante-trois à gauche,-63,-27
18399,descendez de quatre-vingt-quinze puis allez de quatorze à gauche,-14,-95
18400,descendez de dix-sept puis allez de cent à gauche,-100,-17
18401,descendez de vingt-cinq puis allez de soixante-treize à gauche,-73,-25
18402,descendez de soixante-sept puis allez de trente-neuf à gauche,-39,-67
18403,descendez de vingt-quatre puis allez de quatre-vingt-dix-sept à gauche,-97,-24
18404,descendez de soixante-huit puis allez de soixante-quinze à gauche,-75,-68
18405,descendez de dix-huit puis allez de quarante et un à gauche,-41,-18
18406,descendez de cinquante-cinq puis allez de soixante-neuf à gauche,-69,-55
18407,descendez de soixante-quatre puis allez de quatre-vingt-quatre à gauche,-84,-64
18408,descendez de quatre-vingt-cinq puis allez de quatre-vingt-sept à gauche,-87,-85
18409,descendez de un puis allez de quatre-vingt-treize à gauche,-93,-1
18410,descendez de quatre-vingt-dix-neuf puis allez de quatre-vingt-quinze à gauche,-95,-99
18411,descendez de trente-quatre puis allez de douze à gauche,-12,-34
18412,descendez de dix puis allez de quatre-vingt-huit à gauche,-88,-10
18413,descendez de six puis allez de douze à gauche,-12,-6
18414,descendez de trois puis allez de quarante-huit à gauche,-48,-3
18415,descendez de trois puis allez de cinquante-six à gauche,-56,-3
18416,descendez de quatre-vingt-dix puis allez de vingt-sept à gauche,-27,-90
18417,descendez de soixante-sept puis allez de soixante-treize à gauche,-73,-67
18418,descendez de quarante-sept puis allez de trois à gauche,-3,-47
18419,descendez de un puis allez de vingt et un à gauche,-21,-1
18420,descendez de dix-huit puis allez de soixante-deux à gauche,-62,-18
18421,descendez de six puis allez de vingt-quatre à gauche,-24,-6
18422,descendez de quatre-vingt-un puis allez de soixante-quatorze à gauche,-74,-81
18423,descendez de vingt puis allez de soixante-quatre à gauche,-64,-20
18424,descendez de quatre-vingt-quatorze puis allez de quatre à gauche,-4,-94
18425,descendez de quatre-vingt-douze puis allez de cinquante-deux à gauche,-52,-92
18426,descendez de trente-trois puis allez de deux à gauche,-2,-33
18427,descendez de trente-sept puis allez de quatre-vingt-dix-sept à gauche,-97,-37
18428,descendez de quatre-vingt-dix puis allez de six à gauche,-6,-90
18429,descendez de vingt-six puis allez de quatre-vingt-dix-sept à gauche,-97,-26
18430,descendez de trente-trois puis allez de cinquante-neuf à gauche,-59,-33
18431,descendez de quarante-huit puis allez de soixante-quatorze à gauche,-74,-48
18432,descendez de dix-huit puis allez de vingt-sept à gauche,-27,-18
18433,descendez de dix-huit puis allez de quatre-vingt-quatre à gauche,-84,-18
18434,descendez de soixante-treize puis allez de cinquante-neuf à gauche,-59,-73
18435,descendez de cinquante-sept puis allez de cinquante-neuf à gauche,-59,-57
18436,descendez de quatre-vingt-huit puis allez de soixante-quatorze à gauche,-74,-88
18437,descendez de cinq puis allez de trente-deux à gauche,-32,-5
18438,descendez de quarante-quatre puis allez de cinquante-deux à gauche,-52,-44
18439,descendez de soixante-huit puis allez de quatre-vingt-six à gauche,-86,-68
18440,descendez de trente puis allez de un à gauche,-1,-30
18441,descendez de trente-huit puis allez de quatre-vingt-dix à gauche,-90,-38
18442,descendez de vingt-cinq puis allez de vingt à gauche,-20,-25
18443,descendez de quatre-vingt-douze puis allez de soixante-quatorze à gauche,-74,-92
18444,descendez de soixante-quatorze puis allez de cinquante-cinq à gauche,-55,-74
18445,descendez de vingt-sept puis allez de soixante et un à gauche,-61,-27
18446,descendez de trente et un puis allez de trente-quatre à gauche,-34,-31
18447,descendez de un puis allez de quarante-huit à gauche,-48,-1
18448,descendez de quarante-deux puis allez de quatre-vingt-neuf à gauche,-89,-42
18449,descendez de quatre-vingt-deux puis allez de dix-sept à gauche,-17,-82
18450,descendez de quatre-vingt-trois puis allez de quatre-vingt-dix-sept à gauche,-97,-83
18451,descendez de soixante-quatre puis allez de trente-deux à gauche,-32,-64
18452,descendez de quatre-vingt-dix-neuf puis allez de dix-neuf à gauche,-19,-99
18453,descendez de vingt-neuf puis allez de vingt-six à gauche,-26,-29
18454,descendez de trois puis allez de soixante-trois à gauche,-63,-3
18455,descendez de quarante-huit puis allez de trente-huit à gauche,-38,-48
18456,descendez de vingt-cinq puis allez de sept à gauche,-7,-25
18457,descendez de soixante-cinq puis allez de vingt-deux à gauche,-22,-65
18458,descendez de sept puis allez de soixante-quinze à gauche,-75,-7
18459,descendez de soixante-trois puis allez de quatre-vingts à gauche,-80,-63
18460,descendez de quatre-vingt-dix puis allez de huit à gauche,-8,-90
18461,descendez de trente-cinq puis allez de quatre-vingt-onze à gauche,-91,-35
18462,descendez de cinquante-huit puis allez de quatre-vingt-treize à gauche,-93,-58
18463,descendez de soixante et onze puis allez de quatre-vingt-cinq à gauche,-85,-71
18464,descendez de trente puis allez de soixante-deux à gauche,-62,-30
18465,descendez de quatre-vingt-quinze puis allez de huit à gauche,-8,-95
18466,descendez de six puis allez de quatre-vingt-seize à gauche,-96,-6
18467,descendez de vingt-cinq puis allez de vingt-huit à gauche,-28,-25
18468,descendez de quatre-vingt-sept puis allez de cent à gauche,-100,-87
18469,descendez de quatre-vingt-un puis allez de quarante-sept à gauche,-47,-81
18470,descendez de quinze puis allez de trente et un à gauche,-31,-15
18471,descendez de vingt-trois puis allez de vingt-trois à gauche,-23,-23
18472,descendez de vingt-sept puis allez de dix à gauche,-10,-27
18473,descendez de seize puis allez de six à gauche,-6,-16
18474,descendez de vingt-cinq puis allez de onze à gauche,-11,-25
18475,descendez de soixante-huit puis allez de vingt-huit à gauche,-28,-68
18476,descendez de cinquante puis allez de soixante-seize à gauche,-76,-50
18477,descendez de six puis allez de quatre-vingt-treize à gauche,-93,-6
18478,descendez de quinze puis allez de quatre-vingt-dix à gauche,-90,-15
18479,descendez de trente-cinq puis allez de cent à gauche,-100,-35
18480,descendez de cinquante-six puis allez de vingt-sept à gauche,-27,-56
18481,descendez de huit puis allez de soixante et onze à gauche,-71,-8
18482,descendez de trente-six puis allez de quatre-vingt-dix-huit à gauche,-98,-36
18483,descendez de quatre-vingt-cinq puis allez de quatre-vingt-un à gauche,-81,-85
18484,descendez de treize puis allez de quarante-cinq à gauche,-45,-13
18485,descendez de vingt puis allez de trente-trois à gauche,-33,-20
18486,descendez de soixante-sept puis allez de soixante-deux à gauche,-62,-67
18487,descendez de cinquante-six puis allez de soixante-cinq à gauche,-65,-56
18488,descendez de trente-deux puis allez de sept à gauche,-7,-32
18489,descendez de quatre-vingt-six puis allez de cinquante-deux à gauche,-52,-86
18490,descendez de vingt-sept puis allez de quatre-vingt-six à gauche,-86,-27
18491,descendez de soixante-neuf puis allez de quarante-deux à gauche,-42,-69
18492,descendez de quatre-vingt-quinze puis allez de quatre à gauche,-4,-95
18493,descendez de soixante-cinq puis allez de vingt-neuf à gauche,-29,-65
18494,descendez de cinquante-quatre puis allez de trente-six à gauche,-36,-54
18495,descendez de quatre-vingt-dix puis allez de cinquante-six à gauche,-56,-90
18496,descendez de trente-quatre puis allez de dix-neuf à gauche,-19,-34
18497,descendez de quatre-vingt-douze puis allez de un à gauche,-1,-92
18498,descendez de vingt-cinq puis allez de quatre-vingt-sept à gauche,-87,-25
18499,descendez de soixante-quatre puis allez de trente-trois à gauche,-33,-64
18500,descendez de dix puis allez de quatre-vingt-quinze à gauche,-95,-10
18501,descendez de cinquante-huit puis allez de soixante-treize à gauche,-73,-58
18502,descendez de quarante et un puis allez de soixante-sept à gauche,-67,-41
18503,descendez de seize puis allez de quatre-vingt-huit à gauche,-88,-16
18504,descendez de quatre-vingt-dix-neuf puis allez de trente-trois à gauche,-33,-99
18505,descendez de soixante-seize puis allez de huit à gauche,-8,-76
18506,descendez de vingt et un puis allez de cinquante-deux à gauche,-52,-21
18507,descendez de quarante et un puis allez de cinquante-deux à gauche,-52,-41
18508,descendez de quatre-vingt-cinq puis allez de vingt à gauche,-20,-85
18509,descendez de quatre-vingt-quinze puis allez de quatre à gauche,-4,-95
18510,descendez de trente-neuf puis allez de trente et un à gauche,-31,-39
18511,descendez de cinquante puis allez de cinquante-neuf à gauche,-59,-50
18512,descendez de un puis allez de trente et un à gauche,-31,-1
18513,descendez de cinquante-neuf puis allez de quarante à gauche,-40,-59
18514,descendez de quinze puis allez de quatre-vingt-sept à gauche,-87,-15
18515,descendez de trois puis allez de soixante-huit à gauche,-68,-3
18516,descendez de quatre-vingt-cinq puis allez de cinquante-deux à gauche,-52,-85
18517,descendez de deux puis allez de quatre-vingt-dix-huit à gauche,-98,-2
18518,descendez de cinquante-deux puis allez de cinquante à gauche,-50,-52
18519,descendez de onze puis allez de vingt-cinq à gauche,-25,-11
18520,descendez de vingt-neuf puis allez de soixante à gauche,-60,-29
18521,descendez de soixante-treize puis allez de soixante et onze à gauche,-71,-73
18522,descendez de quatre-vingt-trois puis allez de quatre-vingt-seize à gauche,-96,-83
18523,descendez de quatre-vingt-onze puis allez de quatre-vingt-seize à gauche,-96,-91
18524,descendez de soixante-seize puis allez de soixante et onze à gauche,-71,-76
18525,descendez de quarante-neuf puis allez de dix-neuf à gauche,-19,-49
18526,descendez de quatre-vingt-dix-huit puis allez de quatre-vingt-neuf à gauche,-89,-98
18527,descendez de quatre-vingt-dix-sept puis allez de soixante-dix à gauche,-70,-97
18528,descendez de treize puis allez de soixante-six à gauche,-66,-13
18529,descendez de vingt-neuf puis allez de trente-trois à gauche,-33,-29
18530,descendez de dix-sept puis allez de quatre-vingt-onze à gauche,-91,-17
18531,descendez de quatre-vingt-dix puis allez de quatre-vingt-trois à gauche,-83,-90
18532,descendez de trente-cinq puis allez de quatre-vingt-dix-huit à gauche,-98,-35
18533,descendez de un puis allez de cinquante-trois à gauche,-53,-1
18534,descendez de quatre-vingt-seize puis allez de quarante et un à gauche,-41,-96
18535,descendez de quatre-vingt-dix-huit puis allez de cinq à gauche,-5,-98
18536,descendez de soixante-cinq puis allez de quarante-deux à gauche,-42,-65
18537,descendez de soixante-trois puis allez de onze à gauche,-11,-63
18538,descendez de soixante-six puis allez de six à gauche,-6,-66
18539,descendez de soixante puis allez de soixante-douze à gauche,-72,-60
18540,descendez de soixante-dix-neuf puis allez de vingt-neuf à gauche,-29,-79
18541,descendez de quatre-vingt-seize puis allez de quarante et un à gauche,-41,-96
18542,descendez de quarante-huit puis allez de seize à gauche,-16,-48
18543,descendez de cinquante-sept puis allez de vingt-sept à gauche,-27,-57
18544,descendez de quatre-vingt-quatre puis allez de cinquante-deux à gauche,-52,-84
18545,descendez de soixante-quinze puis allez de trois à gauche,-3,-75
18546,descendez de deux puis allez de un à gauche,-1,-2
18547,descendez de sept puis allez de quarante et un à gauche,-41,-7
18548,descendez de cinquante-sept puis allez de quatre-vingt-sept à gauche,-87,-57
18549,descendez de dix-huit puis allez de six à gauche,-6,-18
18550,descendez de quarante-quatre puis allez de vingt-trois à gauche,-23,-44
18551,descendez de soixante-sept puis allez de vingt-quatre à gauche,-24,-67
18552,descendez de soixante-douze puis allez de neuf à gauche,-9,-72
18553,descendez de soixante-quatorze puis allez de soixante-dix-huit à gauche,-78,-74
18554,descendez de quatre-vingts puis allez de dix-huit à gauche,-18,-80
18555,descendez de trente et un puis allez de trente-trois à gauche,-33,-31
18556,descendez de quarante-deux puis allez de soixante-deux à gauche,-62,-42
18557,descendez de cinquante-sept puis allez de douze à gauche,-12,-57
18558,descendez de cinq puis allez de trente-quatre à gauche,-34,-5
18559,descendez de dix-sept puis allez de quatorze à gauche,-14,-17
18560,descendez de vingt et un puis allez de quatre-vingt-seize à gauche,-96,-21
18561,descendez de quatre-vingt-dix puis allez de quatre-vingt-dix-neuf à gauche,-99,-90
18562,descendez de deux puis allez de cinquante-neuf à gauche,-59,-2
18563,descendez de quatre-vingt-cinq puis allez de cinquante-huit à gauche,-58,-85
18564,descendez de quatre-vingt-huit puis allez de cinquante-neuf à gauche,-59,-88
18565,descendez de vingt et un puis allez de treize à gauche,-13,-21
18566,descendez de quatre-vingt-six puis allez de trente à gauche,-30,-86
18567,descendez de vingt-neuf puis allez de soixante-deux à gauche,-62,-29
18568,descendez de soixante-six puis allez de cent à gauche,-100,-66
18569,descendez de soixante-seize puis allez de trente-cinq à gauche,-35,-76
18570,descendez de quatre-vingt-dix puis allez de soixante-quinze à gauche,-75,-90
18571,descendez de vingt-trois puis allez de cinquante-neuf à gauche,-59,-23
18572,descendez de vingt-quatre puis allez de quatre-vingt-un à gauche,-81,-24
18573,descendez de quatre-vingt-six puis allez de quatre à gauche,-4,-86
18574,descendez de quatre-vingt-neuf puis allez de quarante-huit à gauche,-48,-89
18575,descendez de soixante et un puis allez de douze à gauche,-12,-61
18576,descendez de soixante-dix-sept puis allez de quarante-huit à gauche,-48,-77
18577,descendez de quarante-quatre puis allez de vingt-neuf à gauche,-29,-44
18578,descendez de soixante-six puis allez de cinquante-six à gauche,-56,-66
18579,descendez de soixante-dix-huit puis allez de soixante-seize à gauche,-76,-78
18580,descendez de soixante puis allez de vingt-huit à gauche,-28,-60
18581,descendez de quatre-vingt-dix-huit puis allez de onze à gauche,-11,-98
18582,descendez de quatre-vingt-quatre puis allez de vingt-sept à gauche,-27,-84
18583,descendez de soixante-seize puis allez de trente-huit à gauche,-38,-76
18584,descendez de cinquante-trois puis allez de deux à gauche,-2,-53
18585,descendez de quatorze puis allez de soixante-trois à gauche,-63,-14
18586,descendez de trente-huit puis allez de trente-huit à gauche,-38,-38
18587,descendez de huit puis allez de quatre-vingt-quinze à gauche,-95,-8
18588,descendez de cinquante et un puis allez de quatre-vingt-dix-neuf à gauche,-99,-51
18589,descendez de quatre-vingt-seize puis allez de quatre-vingt-seize à gauche,-96,-96
18590,descendez de soixante-huit puis allez de trente-quatre à gauche,-34,-68
18591,descendez de dix-sept puis allez de quatre-vingt-deux à gauche,-82,-17
18592,descendez de cent puis allez de cinq à gauche,-5,-100
18593,descendez de trente-quatre puis allez de quatre-vingt-dix-neuf à gauche,-99,-34
18594,descendez de trente et un puis allez de soixante-trois à gauche,-63,-31
18595,descendez de cinquante puis allez de quatre-vingt-dix-sept à gauche,-97,-50
18596,descendez de quarante puis allez de trente-trois à gauche,-33,-40
18597,descendez de quarante-six puis allez de quarante-trois à gauche,-43,-46
18598,descendez de quarante-cinq puis allez de quinze à gauche,-15,-45
18599,descendez de cent puis allez de cinquante-sept à gauche,-57,-100
18600,descendez de quatre-vingt-huit puis allez de quatre-vingt-dix-huit à gauche,-98,-88
18601,descendez de cent puis allez de quatre-vingt-dix à gauche,-90,-100
18602,descendez de dix-neuf puis allez de vingt-quatre à gauche,-24,-19
18603,descendez de seize puis allez de soixante-trois à gauche,-63,-16
18604,descendez de soixante et un puis allez de cent à gauche,-100,-61
18605,descendez de treize puis allez de soixante et onze à gauche,-71,-13
18606,descendez de six puis allez de quarante-six à gauche,-46,-6
18607,descendez de quarante-sept puis allez de quatre-vingt-huit à gauche,-88,-47
18608,descendez de soixante-cinq puis allez de trente-neuf à gauche,-39,-65
18609,descendez de quatre-vingt-onze puis allez de deux à gauche,-2,-91
18610,descendez de sept puis allez de quarante et un à gauche,-41,-7
18611,descendez de dix-sept puis allez de quatre-vingt-onze à gauche,-91,-17
18612,descendez de huit puis allez de quarante-neuf à gauche,-49,-8
18613,descendez de trente-trois puis allez de quatre-vingt-neuf à gauche,-89,-33
18614,descendez de trente et un puis allez de soixante-douze à gauche,-72,-31
18615,descendez de vingt-six puis allez de quatre-vingt-seize à gauche,-96,-26
18616,descendez de sept puis allez de dix à gauche,-10,-7
18617,descendez de soixante puis allez de cinquante-quatre à gauche,-54,-60
18618,descendez de cent puis allez de trois à gauche,-3,-100
18619,descendez de quarante-sept puis allez de quatre-vingts à gauche,-80,-47
18620,descendez de quatre-vingt-dix puis allez de quarante-huit à gauche,-48,-90
18621,descendez de quarante-deux puis allez de soixante-quatre à gauche,-64,-42
18622,descendez de soixante-dix-sept puis allez de trente-neuf à gauche,-39,-77
18623,descendez de soixante et onze puis allez de soixante-douze à gauche,-72,-71
18624,descendez de douze puis allez de soixante-deux à gauche,-62,-12
18625,descendez de quatre-vingt-huit puis allez de quarante-huit à gauche,-48,-88
18626,descendez de quatre-vingt-dix-neuf puis allez de cinquante-neuf à gauche,-59,-99
18627,descendez de quatre-vingt-cinq puis allez de quarante-six à gauche,-46,-85
18628,descendez de neuf puis allez de quatre-vingt-dix-neuf à gauche,-99,-9
18629,descendez de soixante et onze puis allez de trois à gauche,-3,-71
18630,descendez de quarante puis allez de cinquante-quatre à gauche,-54,-40
18631,descendez de trente-trois puis allez de six à gauche,-6,-33
18632,descendez de quatre-vingt-cinq puis allez de quatre-vingt-six à gauche,-86,-85
18633,descendez de quatre-vingt-onze puis allez de quatre-vingt-quatorze à gauche,-94,-91
18634,descendez de trente et un puis allez de soixante-huit à gauche,-68,-31
18635,descendez de quarante-six puis allez de dix à gauche,-10,-46
18636,descendez de onze puis allez de huit à gauche,-8,-11
18637,descendez de cinquante-deux puis allez de quatre-vingt-sept à gauche,-87,-52
18638,descendez de cinquante-deux puis allez de trente-cinq à gauche,-35,-52
18639,descendez de quatre-vingt-quatre puis allez de soixante-cinq à gauche,-65,-84
18640,descendez de vingt-neuf puis allez de dix à gauche,-10,-29
18641,descendez de quatre-vingt-deux puis allez de trente-trois à gauche,-33,-82
18642,descendez de soixante-dix puis allez de quarante et un à gauche,-41,-70
18643,descendez de quatre-vingt-deux puis allez de quatre-vingt-seize à gauche,-96,-82
18644,descendez de quarante-cinq puis allez de soixante-deux à gauche,-62,-45
18645,descendez de soixante-douze puis allez de cinq à gauche,-5,-72
18646,descendez de cinquante-sept puis allez de dix à gauche,-10,-57
18647,descendez de trois puis allez de quatre-vingt-seize à gauche,-96,-3
18648,descendez de trente-cinq puis allez de vingt à gauche,-20,-35
18649,descendez de quarante-sept puis allez de cinquante-six à gauche,-56,-47
18650,descendez de quarante-deux puis allez de quarante-trois à gauche,-43,-42
18651,descendez de trente puis allez de soixante-cinq à gauche,-65,-30
18652,descendez de vingt-sept puis allez de quatre-vingt-un à gauche,-81,-27
18653,descendez de cinquante-sept puis allez de quarante à gauche,-40,-57
18654,descendez de soixante-dix-neuf puis allez de soixante à gauche,-60,-79
18655,descendez de cinquante-trois puis allez de vingt à gauche,-20,-53
18656,descendez de treize puis allez de quarante-six à gauche,-46,-13
18657,descendez de sept puis allez de cinquante-quatre à gauche,-54,-7
18658,descendez de cent puis allez de soixante et un à gauche,-61,-100
18659,descendez de soixante et onze puis allez de quarante-huit à gauche,-48,-71
18660,descendez de cinquante et un puis allez de douze à gauche,-12,-51
18661,descendez de onze puis allez de soixante et onze à gauche,-71,-11
18662,descendez de trente-six puis allez de soixante-dix à gauche,-70,-36
18663,descendez de dix-neuf puis allez de cinquante-deux à gauche,-52,-19
18664,descendez de cinq puis allez de soixante-sept à gauche,-67,-5
18665,descendez de trente-quatre puis allez de quatre-vingt-six à gauche,-86,-34
18666,descendez de cinquante-huit puis allez de vingt-neuf à gauche,-29,-58
18667,descendez de cinquante-sept puis allez de quatre à gauche,-4,-57
18668,descendez de quatre-vingt-onze puis allez de quarante à gauche,-40,-91
18669,descendez de un puis allez de soixante-douze à gauche,-72,-1
18670,descendez de soixante et onze puis allez de quarante et un à gauche,-41,-71
18671,descendez de cinquante-trois puis allez de cinquante-cinq à gauche,-55,-53
18672,descendez de vingt-sept puis allez de trente-quatre à gauche,-34,-27
18673,descendez de trente-trois puis allez de soixante-sept à gauche,-67,-33
18674,descendez de quatre-vingt-dix-neuf puis allez de quatre-vingt-dix à gauche,-90,-99
18675,descendez de trente-trois puis allez de quatre-vingt-quatorze à gauche,-94,-33
18676,descendez de quarante-six puis allez de soixante-neuf à gauche,-69,-46
18677,descendez de quatorze puis allez de quatre-vingt-huit à gauche,-88,-14
18678,descendez de deux puis allez de soixante-trois à gauche,-63,-2
18679,descendez de trois puis allez de quatre-vingt-seize à gauche,-96,-3
18680,descendez de cinquante-trois puis allez de soixante-cinq à gauche,-65,-53
18681,descendez de trente-sept puis allez de treize à gauche,-13,-37
18682,descendez de cinquante-six puis allez de huit à gauche,-8,-56
18683,descendez de soixante-dix-neuf puis allez de deux à gauche,-2,-79
18684,descendez de quarante-sept puis allez de soixante à gauche,-60,-47
18685,descendez de trois puis allez de douze à gauche,-12,-3
18686,descendez de cinq puis allez de onze à gauche,-11,-5
18687,descendez de vingt-six puis allez de cinquante-six à gauche,-56,-26
18688,descendez de quarante-six puis allez de quatre-vingt-six à gauche,-86,-46
18689,descendez de soixante-cinq puis allez de vingt-deux à gauche,-22,-65
18690,descendez de quatre-vingt-onze puis allez de trente-neuf à gauche,-39,-91
18691,descendez de soixante et onze puis allez de quatre-vingt-dix-huit à gauche,-98,-71
18692,descendez de cinquante-cinq puis allez de soixante-dix à gauche,-70,-55
18693,descendez de trente-trois puis allez de cinquante-cinq à gauche,-55,-33
18694,descendez de quatre-vingts puis allez de soixante-dix-sept à gauche,-77,-80
18695,descendez de quinze puis allez de cinquante-trois à gauche,-53,-15
18696,descendez de vingt-six puis allez de quatre-vingt-sept à gauche,-87,-26
18697,descendez de trente et un puis allez de huit à gauche,-8,-31
18698,descendez de quarante-deux puis allez de soixante-dix-huit à gauche,-78,-42
18699,descendez de trente-cinq puis allez de vingt-huit à gauche,-28,-35
18700,descendez de cinquante-deux puis allez de quatre-vingt-onze à gauche,-91,-52
18701,descendez de quatre-vingt-six puis allez de treize à gauche,-13,-86
18702,descendez de vingt et un puis allez de quatre-vingt-sept à gauche,-87,-21
18703,descendez de cinquante-deux puis allez de vingt et un à gauche,-21,-52
18704,descendez de quatre-vingt-sept puis allez de vingt-quatre à gauche,-24,-87
18705,descendez de soixante-douze puis allez de quarante-huit à gauche,-48,-72
18706,descendez de soixante-quatorze puis allez de onze à gauche,-11,-74
18707,descendez de soixante puis allez de cinquante-deux à gauche,-52,-60
18708,descendez de cinquante-sept puis allez de soixante à gauche,-60,-57
18709,descendez de quinze puis allez de dix à gauche,-10,-15
18710,descendez de vingt-neuf puis allez de quatre-vingt-cinq à gauche,-85,-29
18711,descendez de quarante-quatre puis allez de trente-cinq à gauche,-35,-44
18712,descendez de vingt-cinq puis allez de quarante-neuf à gauche,-49,-25
18713,descendez de quarante-sept puis allez de quatre-vingt-seize à gauche,-96,-47
18714,descendez de dix puis allez de quatre-vingt-quatorze à gauche,-94,-10
18715,descendez de quarante-six puis allez de trente-trois à gauche,-33,-46
18716,descendez de neuf puis allez de quarante-sept à gauche,-47,-9
18717,descendez de quarante-deux puis allez de soixante-cinq à gauche,-65,-42
18718,descendez de quarante-neuf puis allez de vingt-six à gauche,-26,-49
18719,descendez de cinquante puis allez de quatre-vingt-huit à gauche,-88,-50
18720,descendez de cinquante-huit puis allez de vingt-six à gauche,-26,-58
18721,descendez de cinquante et un puis allez de huit à gauche,-8,-51
18722,descendez de trente-deux puis allez de trente-huit à gauche,-38,-32
18723,descendez de trente et un puis allez de soixante-seize à gauche,-76,-31
18724,descendez de six puis allez de huit à gauche,-8,-6
18725,descendez de quatre-vingt-seize puis allez de seize à gauche,-16,-96
18726,descendez de quatorze puis allez de soixante à gauche,-60,-14
18727,descendez de soixante-quatorze puis allez de cinq à gauche,-5,-74
18728,descendez de quatre-vingt-seize puis allez de trente-six à gauche,-36,-96
18729,descendez de vingt-quatre puis allez de trente à gauche,-30,-24
18730,descendez de soixante-quatre puis allez de cinquante et un à gauche,-51,-64
18731,descendez de cinquante-trois puis allez de quatre à gauche,-4,-53
18732,descendez de cinquante-quatre puis allez de deux à gauche,-2,-54
18733,descendez de soixante-dix puis allez de onze à gauche,-11,-70
18734,descendez de quatre-vingt-quatre puis allez de cinquante-six à gauche,-56,-84
18735,descendez de quatre-vingt-dix-huit puis allez de quatre-vingts à gauche,-80,-98
18736,descendez de soixante puis allez de cinquante-huit à gauche,-58,-60
18737,descendez de cinquante-sept puis allez de soixante-quinze à gauche,-75,-57
18738,descendez de cinquante-cinq puis allez de vingt-trois à gauche,-23,-55
18739,descendez de quatre-vingt-onze puis allez de vingt-huit à gauche,-28,-91
18740,descendez de quarante-trois puis allez de dix-sept à gauche,-17,-43
18741,descendez de trente-cinq puis allez de quarante-deux à gauche,-42,-35
18742,descendez de quarante puis allez de cinquante-six à gauche,-56,-40
18743,descendez de quarante-neuf puis allez de onze à gauche,-11,-49
18744,descendez de cinquante-cinq puis allez de cinquante-cinq à gauche,-55,-55
18745,descendez de trente et un puis allez de cinquante-deux à gauche,-52,-31
18746,descendez de soixante-huit puis allez de six à gauche,-6,-68
18747,descendez de quarante puis allez de trois à gauche,-3,-40
18748,descendez de quatre-vingt-neuf puis allez de vingt-deux à gauche,-22,-89
18749,descendez de soixante-quinze puis allez de cinquante à gauche,-50,-75
18750,descendez de trente-trois puis allez de dix-huit à gauche,-18,-33
18751,descendez de trente-six puis allez de trente-trois à gauche,-33,-36
18752,descendez de quatre-vingt-douze puis allez de vingt-sept à gauche,-27,-92
18753,descendez de cinq puis allez de quatre-vingt-dix-neuf à gauche,-99,-5
18754,descendez de vingt-trois puis allez de neuf à gauche,-9,-23
18755,descendez de seize puis allez de trente-deux à gauche,-32,-16
18756,descendez de onze puis allez de trente-six à gauche,-36,-11
18757,descendez de quatre-vingt-quinze puis allez de treize à gauche,-13,-95
18758,descendez de quarante-huit puis allez de trente-quatre à gauche,-34,-48
18759,descendez de quatre-vingt-dix-neuf puis allez de quatre-vingt-cinq à gauche,-85,-99
18760,descendez de trente-trois puis allez de soixante-cinq à gauche,-65,-33
18761,descendez de quarante-quatre puis allez de quatre-vingt-sept à gauche,-87,-44
18762,descendez de trente-sept puis allez de quarante-cinq à gauche,-45,-37
18763,descendez de quarante puis allez de soixante-quatorze à gauche,-74,-40
18764,descendez de vingt-sept puis allez de quarante-sept à gauche,-47,-27
18765,descendez de seize puis allez de quarante-six à gauche,-46,-16
18766,descendez de soixante-six puis allez de trois à gauche,-3,-66
18767,descendez de quatre-vingt-douze puis allez de soixante-deux à gauche,-62,-92
18768,descendez de dix puis allez de soixante-quinze à gauche,-75,-10
18769,descendez de quarante-quatre puis allez de cinquante-sept à gauche,-57,-44
18770,descendez de onze puis allez de quarante-sept à gauche,-47,-11
18771,descendez de soixante-sept puis allez de soixante-seize à gauche,-76,-67
18772,descendez de vingt-cinq puis allez de quarante-deux à gauche,-42,-25
18773,descendez de cinquante-cinq puis allez de quatre-vingt-onze à gauche,-91,-55
18774,descendez de cinquante-deux puis allez de quatre-vingt-huit à gauche,-88,-52
18775,descendez de quarante-quatre puis allez de trente à gauche,-30,-44
18776,descendez de soixante-dix-neuf puis allez de trente-huit à gauche,-38,-79
18777,descendez de cinquante et un puis allez de quatre-vingt-huit à gauche,-88,-51
18778,descendez de soixante-quinze puis allez de soixante-douze à gauche,-72,-75
18779,descendez de huit puis allez de soixante-sept à gauche,-67,-8
18780,descendez de trente-six puis allez de seize à gauche,-16,-36
18781,descendez de soixante et onze puis allez de cinquante-sept à gauche,-57,-71
18782,descendez de deux puis allez de vingt-six à gauche,-26,-2
18783,descendez de vingt-quatre puis allez de cinquante-trois à gauche,-53,-24
18784,descendez de soixante-six puis allez de quatorze à gauche,-14,-66
18785,descendez de soixante-quinze puis allez de soixante-sept à gauche,-67,-75
18786,descendez de quatre-vingt-treize puis allez de vingt-sept à gauche,-27,-93
18787,descendez de vingt-deux puis allez de vingt-quatre à gauche,-24,-22
18788,descendez de quatre-vingt-seize puis allez de trente-quatre à gauche,-34,-96
18789,descendez de neuf puis allez de soixante-six à gauche,-66,-9
18790,descendez de quinze puis allez de cinquante-six à gauche,-56,-15
18791,descendez de soixante-dix-neuf puis allez de vingt-cinq à gauche,-25,-79
18792,descendez de trente-deux puis allez de trente-neuf à gauche,-39,-32
18793,descendez de soixante-douze puis allez de quarante-deux à gauche,-42,-72
18794,descendez de quarante-deux puis allez de soixante-seize à gauche,-76,-42
18795,descendez de soixante-huit puis allez de soixante et un à gauche,-61,-68
18796,descendez de six puis allez de quarante et un à gauche,-41,-6
18797,descendez de soixante-sept puis allez de quatre-vingt-douze à gauche,-92,-67
18798,descendez de quatre-vingt-un puis allez de quarante-six à gauche,-46,-81
18799,descendez de soixante-cinq puis allez de quarante-huit à gauche,-48,-65
18800,descendez de cinq puis allez de vingt-neuf à gauche,-29,-5
18801,descendez de soixante-treize puis allez de soixante-sept à gauche,-67,-73
18802,descendez de quatre-vingt-dix-huit puis allez de quinze à gauche,-15,-98
18803,descendez de quatre-vingt-un puis allez de soixante-huit à gauche,-68,-81
18804,descendez de soixante-quinze puis allez de cinquante et un à gauche,-51,-75
18805,descendez de quatorze puis allez de soixante-quinze à gauche,-75,-14
18806,descendez de sept puis allez de quatre-vingt-huit à gauche,-88,-7
18807,descendez de quarante-huit puis allez de trente-neuf à gauche,-39,-48
18808,descendez de treize puis allez de vingt-quatre à gauche,-24,-13
18809,descendez de quarante-trois puis allez de trente-huit à gauche,-38,-43
18810,descendez de vingt-cinq puis allez de vingt-deux à gauche,-22,-25
18811,descendez de un puis allez de trente à gauche,-30,-1
18812,descendez de soixante-cinq puis allez de quarante-quatre à gauche,-44,-65
18813,descendez de quatre-vingt-quatre puis allez de quatre-vingt-huit à gauche,-88,-84
18814,descendez de seize puis allez de trente-six à gauche,-36,-16
18815,descendez de soixante-huit puis allez de cinquante-deux à gauche,-52,-68
18816,descendez de soixante-deux puis allez de quatre-vingt-treize à gauche,-93,-62
18817,descendez de vingt-neuf puis allez de cinq à gauche,-5,-29
18818,descendez de quatre-vingt-onze puis allez de quatre-vingt-un à gauche,-81,-91
18819,descendez de cinquante-cinq puis allez de vingt-cinq à gauche,-25,-55
18820,descendez de quatre-vingt-dix puis allez de trente-quatre à gauche,-34,-90
18821,descendez de treize puis allez de seize à gauche,-16,-13
18822,descendez de vingt-deux puis allez de cinq à gauche,-5,-22
18823,descendez de cinquante-quatre puis allez de soixante-quinze à gauche,-75,-54
18824,descendez de soixante-seize puis allez de soixante-quinze à gauche,-75,-76
18825,descendez de soixante-trois puis allez de soixante-sept à gauche,-67,-63
18826,descendez de quatre-vingts puis allez de quatre-vingt-deux à gauche,-82,-80
18827,descendez de soixante-seize puis allez de soixante-treize à gauche,-73,-76
18828,descendez de quatre puis allez de cinquante à gauche,-50,-4
18829,descendez de soixante-quinze puis allez de six à gauche,-6,-75
18830,descendez de vingt-huit puis allez de huit à gauche,-8,-28
18831,descendez de quatre-vingt-six puis allez de vingt-deux à gauche,-22,-86
18832,descendez de seize puis allez de quatre-vingt-sept à gauche,-87,-16
18833,descendez de cinquante-neuf puis allez de trente-sept à gauche,-37,-59
18834,descendez de trente-sept puis allez de soixante-seize à gauche,-76,-37
18835,descendez de soixante-six puis allez de neuf à gauche,-9,-66
18836,descendez de soixante-douze puis allez de soixante-huit à gauche,-68,-72
18837,descendez de quatre-vingt-huit puis allez de quatre-vingt-six à gauche,-86,-88
18838,descendez de sept puis allez de quatre-vingt-sept à gauche,-87,-7
18839,descendez de quarante et un puis allez de sept à gauche,-7,-41
18840,descendez de soixante puis allez de quatre-vingt-treize à gauche,-93,-60
18841,descendez de quatre-vingt-deux puis allez de cinq à gauche,-5,-82
18842,descendez de soixante-cinq puis allez de quatre-vingt-un à gauche,-81,-65
18843,descendez de seize puis allez de soixante et un à gauche,-61,-16
18844,descendez de soixante-dix-sept puis allez de soixante-quinze à gauche,-75,-77
18845,descendez de soixante-six puis allez de soixante-dix-neuf à gauche,-79,-66
18846,descendez de quatre-vingt-six puis allez de trente-sept à gauche,-37,-86
18847,descendez de quatre-vingt-onze puis allez de quatorze à gauche,-14,-91
18848,descendez de soixante et un puis allez de quatre-vingt-treize à gauche,-93,-61
18849,descendez de trente-cinq puis allez de trente-huit à gauche,-38,-35
18850,descendez de trente puis allez de dix à gauche,-10,-30
18851,descendez de vingt-sept puis allez de quatre-vingt-quatre à gauche,-84,-27
18852,descendez de deux puis allez de soixante-cinq à gauche,-65,-2
18853,descendez de quatre-vingt-douze puis allez de vingt à gauche,-20,-92
18854,descendez de quatre-vingt-sept puis allez de quatre-vingt-quatre à gauche,-84,-87
18855,descendez de vingt-sept puis allez de quatre-vingt-treize à gauche,-93,-27
18856,descendez de quarante-sept puis allez de quatre-vingt-douze à gauche,-92,-47
18857,descendez de deux puis allez de cinq à gauche,-5,-2
18858,descendez de dix-huit puis allez de soixante à gauche,-60,-18
18859,descendez de cinquante-six puis allez de vingt-quatre à gauche,-24,-56
18860,descendez de soixante-huit puis allez de dix à gauche,-10,-68
18861,descendez de vingt-sept puis allez de quatre-vingt-seize à gauche,-96,-27
18862,descendez de trente et un puis allez de quatre-vingt-quinze à gauche,-95,-31
18863,descendez de vingt-cinq puis allez de trente-cinq à gauche,-35,-25
18864,descendez de soixante-dix-neuf puis allez de trois à gauche,-3,-79
18865,descendez de trente-cinq puis allez de trente et un à gauche,-31,-35
18866,descendez de trente-cinq puis allez de quatre-vingt-cinq à gauche,-85,-35
18867,descendez de cinquante-huit puis allez de cinquante-huit à gauche,-58,-58
18868,descendez de deux puis allez de vingt-huit à gauche,-28,-2
18869,descendez de quinze puis allez de huit à gauche,-8,-15
18870,descendez de quinze puis allez de deux à gauche,-2,-15
18871,descendez de vingt-huit puis allez de soixante-dix à gauche,-70,-28
18872,descendez de soixante-sept puis allez de six à gauche,-6,-67
18873,descendez de quatre-vingt-onze puis allez de quatre-vingt-trois à gauche,-83,-91
18874,descendez de cinquante puis allez de soixante-dix-neuf à gauche,-79,-50
18875,descendez de cinquante-cinq puis allez de dix à gauche,-10,-55
18876,descendez de cinquante et un puis allez de cinquante-quatre à gauche,-54,-51
18877,descendez de quatre-vingt-dix-sept puis allez de vingt-quatre à gauche,-24,-97
18878,descendez de trente-deux puis allez de soixante-dix-sept à gauche,-77,-32
18879,descendez de quarante puis allez de trente-huit à gauche,-38,-40
18880,descendez de vingt et un puis allez de soixante-deux à gauche,-62,-21
18881,descendez de cinq puis allez de soixante-quatorze à gauche,-74,-5
18882,descendez de soixante-sept puis allez de quatre-vingt-seize à gauche,-96,-67
18883,descendez de soixante-deux puis allez de vingt-sept à gauche,-27,-62
18884,descendez de soixante-dix puis allez de soixante et un à gauche,-61,-70
18885,descendez de soixante-quinze puis allez de vingt-neuf à gauche,-29,-75
18886,descendez de vingt-deux puis allez de quarante à gauche,-40,-22
18887,descendez de soixante-douze puis allez de quatre-vingt-six à gauche,-86,-72
18888,descendez de cinquante-neuf puis allez de soixante-quatre à gauche,-64,-59
18889,descendez de trente-sept puis allez de quatre-vingt-quatorze à gauche,-94,-37
18890,descendez de quarante puis allez de soixante-seize à gauche,-76,-40
18891,descendez de soixante-neuf puis allez de vingt-six à gauche,-26,-69
18892,descendez de cinquante-cinq puis allez de quarante-six à gauche,-46,-55
18893,descendez de cinquante-six puis allez de soixante-trois à gauche,-63,-56
18894,descendez de trente-quatre puis allez de quatre-vingt-onze à gauche,-91,-34
18895,descendez de quatre-vingt-treize puis allez de soixante-seize à gauche,-76,-93
18896,descendez de onze puis allez de seize à gauche,-16,-11
18897,descendez de cinquante puis allez de deux à gauche,-2,-50
18898,descendez de quatre-vingt-dix puis allez de soixante-sept à gauche,-67,-90
18899,descendez de soixante-dix-neuf puis allez de trente-huit à gauche,-38,-79
18900,descendez de cinq puis allez de soixante-huit à gauche,-68,-5
18901,descendez de quarante-huit puis allez de vingt-huit à gauche,-28,-48
18902,descendez de vingt-cinq puis allez de un à gauche,-1,-25
18903,descendez de soixante puis allez de quatre-vingt-quatre à gauche,-84,-60
18904,descendez de quatre-vingt-treize puis allez de trente-huit à gauche,-38,-93
18905,descendez de soixante-six puis allez de quatre-vingt-quinze à gauche,-95,-66
18906,descendez de cinquante-deux puis allez de trente-trois à gauche,-33,-52
18907,descendez de vingt-sept puis allez de soixante et un à gauche,-61,-27
18908,descendez de soixante-six puis allez de cinq à gauche,-5,-66
18909,descendez de quatre-vingt-dix-huit puis allez de quarante-trois à gauche,-43,-98
18910,descendez de soixante-cinq puis allez de six à gauche,-6,-65
18911,descendez de quatre-vingt-quinze puis allez de soixante-treize à gauche,-73,-95
18912,descendez de quatorze puis allez de soixante-deux à gauche,-62,-14
18913,descendez de soixante et un puis allez de quatre-vingt-treize à gauche,-93,-61
18914,descendez de soixante et onze puis allez de quarante-cinq à gauche,-45,-71
18915,descendez de soixante-treize puis allez de cinquante-quatre à gauche,-54,-73
18916,descendez de quatre-vingt-seize puis allez de quatre-vingt-dix-sept à gauche,-97,-96
18917,descendez de soixante-deux puis allez de quarante-huit à gauche,-48,-62
18918,descendez de cinquante-sept puis allez de quatre-vingts à gauche,-80,-57
18919,descendez de soixante-neuf puis allez de cinquante-neuf à gauche,-59,-69
18920,descendez de quarante-neuf puis allez de quatre-vingt-cinq à gauche,-85,-49
18921,descendez de quatre-vingt-dix-huit puis allez de soixante-trois à gauche,-63,-98
18922,descendez de quarante-huit puis allez de cinquante et un à gauche,-51,-48
18923,descendez de neuf puis allez de soixante-dix-neuf à gauche,-79,-9
18924,descendez de trois puis allez de cinquante-six à gauche,-56,-3
18925,descendez de trente-neuf puis allez de trente-deux à gauche,-32,-39
18926,descendez de cinquante-huit puis allez de quatre-vingt-quatre à gauche,-84,-58
18927,descendez de quarante-deux puis allez de trois à gauche,-3,-42
18928,descendez de dix-sept puis allez de vingt-sept à gauche,-27,-17
18929,descendez de quatre-vingt-huit puis allez de cinquante-deux à gauche,-52,-88
18930,descendez de vingt puis allez de trente et un à gauche,-31,-20
18931,descendez de quatre-vingt-treize puis allez de quarante-neuf à gauche,-49,-93
18932,descendez de quarante-trois puis allez de dix-huit à gauche,-18,-43
18933,descendez de dix-huit puis allez de quarante-cinq à gauche,-45,-18
18934,descendez de quatre-vingt-dix puis allez de soixante-douze à gauche,-72,-90
18935,descendez de quatre puis allez de soixante-dix à gauche,-70,-4
18936,descendez de soixante-dix-sept puis allez de trente-trois à gauche,-33,-77
18937,descendez de quatre-vingt-six puis allez de cinquante-six à gauche,-56,-86
18938,descendez de un puis allez de cinquante-huit à gauche,-58,-1
18939,descendez de quarante-huit puis allez de sept à gauche,-7,-48
18940,descendez de vingt-huit puis allez de douze à gauche,-12,-28
18941,descendez de cinquante-trois puis allez de quatre à gauche,-4,-53
18942,descendez de trente et un puis allez de neuf à gauche,-9,-31
18943,descendez de soixante-dix-huit puis allez de quarante-quatre à gauche,-44,-78
18944,descendez de soixante-douze puis allez de huit à gauche,-8,-72
18945,descendez de soixante-dix-huit puis allez de cinquante-cinq à gauche,-55,-78
18946,descendez de vingt-neuf puis allez de vingt et un à gauche,-21,-29
18947,descendez de soixante-dix-sept puis allez de quatre-vingt-quatre à gauche,-84,-77
18948,descendez de dix-huit puis allez de huit à gauche,-8,-18
18949,descendez de trente-neuf puis allez de soixante-huit à gauche,-68,-39
18950,descendez de quarante-trois puis allez de quatre-vingt-deux à gauche,-82,-43
18951,descendez de dix-huit puis allez de neuf à gauche,-9,-18
18952,descendez de quatre-vingt-dix-huit puis allez de quarante-huit à gauche,-48,-98
18953,descendez de cinquante puis allez de quarante-trois à gauche,-43,-50
18954,descendez de quatre-vingt-treize puis allez de quatre-vingt-quinze à gauche,-95,-93
18955,descendez de quatre puis allez de dix-sept à gauche,-17,-4
18956,descendez de dix-sept puis allez de trente-six à gauche,-36,-17
18957,descendez de quatre puis allez de trente-cinq à gauche,-35,-4
18958,descendez de quatre-vingt-trois puis allez de quatre-vingt-neuf à gauche,-89,-83
18959,descendez de quatre-vingt-neuf puis allez de quatre-vingt-trois à gauche,-83,-89
18960,descendez de quarante-neuf puis allez de quatre-vingt-treize à gauche,-93,-49
18961,descendez de quatorze puis allez de vingt-sept à gauche,-27,-14
18962,descendez de quatre-vingt-quatre puis allez de neuf à gauche,-9,-84
18963,descendez de soixante et onze puis allez de soixante-deux à gauche,-62,-71
18964,descendez de cinquante-quatre puis allez de dix à gauche,-10,-54
18965,descendez de vingt-deux puis allez de soixante-six à gauche,-66,-22
18966,descendez de vingt-six puis allez de dix-huit à gauche,-18,-26
18967,descendez de quatre-vingt-huit puis allez de cinquante et un à gauche,-51,-88
18968,descendez de soixante et onze puis allez de trente-deux à gauche,-32,-71
18969,descendez de trente-trois puis allez de quatorze à gauche,-14,-33
18970,descendez de soixante-huit puis allez de trente et un à gauche,-31,-68
18971,descendez de trente-huit puis allez de quatre-vingt-douze à gauche,-92,-38
18972,descendez de huit puis allez de soixante-dix-huit à gauche,-78,-8
18973,descendez de soixante-treize puis allez de dix-huit à gauche,-18,-73
18974,descendez de trente puis allez de cinquante-six à gauche,-56,-30
18975,descendez de six puis allez de quarante-six à gauche,-46,-6
18976,descendez de onze puis allez de trente-cinq à gauche,-35,-11
18977,descendez de six puis allez de treize à gauche,-13,-6
18978,descendez de cinquante-six puis allez de trois à gauche,-3,-56
18979,descendez de quatre-vingt-seize puis allez de cinquante-six à gauche,-56,-96
18980,descendez de vingt-quatre puis allez de vingt-quatre à gauche,-24,-24
18981,descendez de quatre-vingt-quatorze puis allez de soixante-seize à gauche,-76,-94
18982,descendez de quarante puis allez de cinquante-sept à gauche,-57,-40
18983,descendez de quatre-vingt-quatorze puis allez de trente et un à gauche,-31,-94
18984,descendez de trente-neuf puis allez de cinquante-neuf à gauche,-59,-39
18985,descendez de six puis allez de treize à gauche,-13,-6
18986,descendez de dix-huit puis allez de quarante à gauche,-40,-18
18987,descendez de soixante et onze puis allez de cinquante-trois à gauche,-53,-71
18988,descendez de soixante-six puis allez de quatre-vingt-seize à gauche,-96,-66
18989,descendez de trente-six puis allez de cent à gauche,-100,-36
18990,descendez de soixante-huit puis allez de quatre-vingt-neuf à gauche,-89,-68
18991,descendez de soixante-dix puis allez de cinquante-neuf à gauche,-59,-70
18992,descendez de quarante-trois puis allez de quarante-deux à gauche,-42,-43
18993,descendez de soixante-dix-huit puis allez de quatre-vingt-dix-sept à gauche,-97,-78
18994,descendez de trente puis allez de quatre-vingts à gauche,-80,-30
18995,descendez de soixante-neuf puis allez de vingt-sept à gauche,-27,-69
18996,descendez de soixante-sept puis allez de trente-trois à gauche,-33,-67
18997,descendez de vingt et un puis allez de trente-cinq à gauche,-35,-21
18998,descendez de douze puis allez de quatre-vingt-quinze à gauche,-95,-12
18999,descendez de vingt-sept puis allez de quatre-vingt-quatorze à gauche,-94,-27
19000,descendez de quarante-six puis allez de vingt-trois à droite,23,-46
19001,descendez de soixante-treize puis allez de dix-neuf à droite,19,-73
19002,descendez de cinquante-deux puis allez de soixante-neuf à droite,69,-52
19003,descendez de soixante-seize puis allez de soixante-huit à droite,68,-76
19004,descendez de quatre-vingt-sept puis allez de onze à droite,11,-87
19005,descendez de quarante-deux puis allez de douze à droite,12,-42
19006,descendez de cinquante-trois puis allez de douze à droite,12,-53
19007,descendez de quatre-vingt-quatorze puis allez de vingt-six à droite,26,-94
19008,descendez de quarante-sept puis allez de vingt-six à droite,26,-47
19009,descendez de dix-huit puis allez de douze à droite,12,-18
19010,descendez de quatre-vingt-cinq puis allez de trente-trois à droite,33,-85
19011,descendez de seize puis allez de quatre-vingt-neuf à droite,89,-16
19012,descendez de trente-cinq puis allez de quarante et un à droite,41,-35
19013,descendez de quarante-six puis allez de quatre-vingt-dix-neuf à droite,99,-46
19014,descendez de quatre-vingts puis allez de trente-deux à droite,32,-80
19015,descendez de neuf puis allez de quatre-vingt-huit à droite,88,-9
19016,descendez de soixante-douze puis allez de vingt-sept à droite,27,-72
19017,descendez de soixante-cinq puis allez de onze à droite,11,-65
19018,descendez de soixante-dix puis allez de quatre-vingt-six à droite,86,-70
19019,descendez de cinquante-six puis allez de cinquante à droite,50,-56
19020,descendez de onze puis allez de quarante-neuf à droite,49,-11
19021,descendez de quatre-vingt-quatorze puis allez de vingt à droite,20,-94
19022,descendez de quatre-vingt-dix-huit puis allez de trente-trois à droite,33,-98
19023,descendez de vingt-quatre puis allez de soixante-dix-neuf à droite,79,-24
19024,descendez de quinze puis allez de soixante et un à droite,61,-15
19025,descendez de sept puis allez de soixante-quatorze à droite,74,-7
19026,descendez de dix puis allez de vingt-huit à droite,28,-10
19027,descendez de trente-deux puis allez de soixante-douze à droite,72,-32
19028,descendez de quatre-vingt-quatorze puis allez de soixante-seize à droite,76,-94
19029,descendez de quatre-vingt-seize puis allez de trente-six à droite,36,-96
19030,descendez de cinquante-huit puis allez de trente-six à droite,36,-58
19031,descendez de cinquante puis allez de vingt-huit à droite,28,-50
19032,descendez de quatre-vingt-dix-neuf puis allez de huit à droite,8,-99
19033,descendez de vingt-six puis allez de trente-cinq à droite,35,-26
19034,descendez de soixante-seize puis allez de trente-huit à droite,38,-76
19035,descendez de quatre-vingt-dix-neuf puis allez de un à droite,1,-99
19036,descendez de cinq puis allez de cinquante-neuf à droite,59,-5
19037,descendez de un puis allez de quatre-vingt-sept à droite,87,-1
19038,descendez de neuf puis allez de trente-trois à droite,33,-9
19039,descendez de quatorze puis allez de soixante-douze à droite,72,-14
19040,descendez de soixante-quatorze puis allez de soixante-cinq à droite,65,-74
19041,descendez de dix-huit puis allez de quatre-vingt-six à droite,86,-18
19042,descendez de un puis allez de trente et un à droite,31,-1
19043,descendez de soixante-trois puis allez de quatre à droite,4,-63
19044,descendez de soixante-six puis allez de quatre-vingt-trois à droite,83,-66
19045,descendez de quarante-six puis allez de quatre-vingt-six à droite,86,-46
19046,descendez de soixante-treize puis allez de quatre-vingt-un à droite,81,-73
19047,descendez de cent puis allez de quarante-quatre à droite,44,-100
19048,descendez de treize puis allez de quatre-vingt-un à droite,81,-13
19049,descendez de trois puis allez de cinquante-trois à droite,53,-3
19050,descendez de cent puis allez de quatre-vingt-trois à droite,83,-100
19051,descendez de quatre-vingt-sept puis allez de trente-cinq à droite,35,-87
19052,descendez de cinquante-quatre puis allez de dix-huit à droite,18,-54
19053,descendez de six puis allez de quarante-sept à droite,47,-6
19054,descendez de quatre-vingt-dix-sept puis allez de vingt à droite,20,-97
19055,descendez de quarante puis allez de quarante-trois à droite,43,-40
19056,descendez de soixante puis allez de cinquante et un à droite,51,-60
19057,descendez de quatre-vingt-cinq puis allez de vingt-neuf à droite,29,-85
19058,descendez de quarante-trois puis allez de trente-cinq à droite,35,-43
19059,descendez de vingt-quatre puis allez de vingt-sept à droite,27,-24
19060,descendez de quatre-vingt-cinq puis allez de quatre-vingt-deux à droite,82,-85
19061,descendez de quatre-vingt-onze puis allez de quatre-vingt-deux à droite,82,-91
19062,descendez de cinquante-trois puis allez de cinquante-sept à droite,57,-53
19063,descendez de soixante-neuf puis allez de quatre-vingt-quatorze à droite,94,-69
19064,descendez de neuf puis allez de quatre-vingt-six à droite,86,-9
19065,descendez de soixante et un puis allez de quarante et un à droite,41,-61
19066,descendez de quarante et un puis allez de quatre-vingt-un à droite,81,-41
19067,descendez de quarante-huit puis allez de treize à droite,13,-48
19068,descendez de soixante puis allez de soixante-huit à droite,68,-60
19069,descendez de trente-huit puis allez de quatre-vingt-quatorze à droite,94,-38
19070,descendez de quarante-sept puis allez de soixante et un à droite,61,-47
19071,descendez de soixante-seize puis allez de trois à droite,3,-76
19072,descendez de quarante-trois puis allez de quarante-cinq à droite,45,-43
19073,descendez de soixante-cinq puis allez de soixante-neuf à droite,69,-65
19074,descendez de soixante-treize puis allez de soixante-douze à droite,72,-73
19075,descendez de quatre-vingt-neuf puis allez de quatre-vingt-seize à droite,96,-89
19076,descendez de soixante-quatorze puis allez de quarante-sept à droite,47,-74
19077,descendez de soixante-sept puis allez de soixante-quinze à droite,75,-67
19078,descendez de un puis allez de quatre-vingt-deux à droite,82,-1
19079,descendez de quinze puis allez de soixante-cinq à droite,65,-15
19080,descendez de trente-quatre puis allez de quatre-vingt-dix-sept à droite,97,-34
19081,descendez de soixante-deux puis allez de quatre-vingt-onze à droite,91,-62
19082,descendez de trente puis allez de quatre-vingt-quatorze à droite,94,-30
19083,descendez de cinq puis allez de quatre-vingt-trois à droite,83,-5
19084,descendez de trente-trois puis allez de quarante-trois à droite,43,-33
19085,descendez de cinquante-sept puis allez de quatre-vingt-quatorze à droite,94,-57
19086,descendez de soixante-deux puis allez de vingt-neuf à droite,29,-62
19087,descendez de un puis allez de trente-neuf à droite,39,-1
19088,descendez de quinze puis allez de trente-trois à droite,33,-15
19089,descendez de soixante-dix puis allez de un à droite,1,-70
19090,descendez de soixante-quinze puis allez de vingt à droite,20,-75
19091,descendez de soixante-dix-neuf puis allez de cinquante et un à droite,51,-79
19092,descendez de quatre-vingt-dix-sept puis allez de quarante-huit à droite,48,-97
19093,descendez de cinquante-deux puis allez de vingt-neuf à droite,29,-52
19094,descendez de cinquante-huit puis allez de quarante-cinq à droite,45,-58
19095,descendez de quatorze puis allez de dix-neuf à droite,19,-14
19096,descendez de soixante et onze puis allez de cinquante-trois à droite,53,-71
19097,descendez de un puis allez de vingt-trois à droite,23,-1
19098,descendez de vingt-neuf puis allez de vingt-six à droite,26,-29
19099,descendez de soixante-quatorze puis allez de trente-sept à droite,37,-74
19100,descendez de quatre-vingt-deux puis allez de trente-trois à droite,33,-82
19101,descendez de soixante-treize puis allez de soixante-treize à droite,73,-73
19102,descendez de vingt-cinq puis allez de cinquante-quatre à droite,54,-25
19103,descendez de vingt-neuf puis allez de soixante-treize à droite,73,-29
19104,descendez de soixante-seize puis allez de soixante et onze à droite,71,-76
19105,descendez de onze puis allez de cinquante-cinq à droite,55,-11
19106,descendez de trente-sept puis allez de dix-neuf à droite,19,-37
19107,descendez de soixante-deux puis allez de quarante à droite,40,-62
19108,descendez de soixante-deux puis allez de cinquante-six à droite,56,-62
19109,descendez de quarante-cinq puis allez de seize à droite,16,-45
19110,descendez de soixante et onze puis allez de cinquante-deux à droite,52,-71
19111,descendez de soixante-dix-sept puis allez de quatre-vingt-dix à droite,90,-77
19112,descendez de neuf puis allez de soixante et onze à droite,71,-9
19113,descendez de trente puis allez de vingt-sept à droite,27,-30
19114,descendez de soixante et un puis allez de soixante à droite,60,-61
19115,descendez de quatre-vingt-douze puis allez de quatorze à droite,14,-92
19116,descendez de neuf puis allez de trente-deux à droite,32,-9
19117,descendez de quatre-vingt-neuf puis allez de dix-sept à droite,17,-89
19118,descendez de quatre-vingt-dix-huit puis allez de cinquante et un à droite,51,-98
19119,descendez de cinquante-deux puis allez de trente à droite,30,-52
19120,descendez de quarante puis allez de quatre-vingt-quatorze à droite,94,-40
19121,descendez de soixante-seize puis allez de quarante et un à droite,41,-76
19122,descendez de quarante puis allez de quarante-trois à droite,43,-40
19123,descendez de soixante puis allez de trente-quatre à droite,34,-60
19124,descendez de soixante-dix-neuf puis allez de vingt-deux à droite,22,-79
19125,descendez de quatre-vingt-dix-sept puis allez de quatorze à droite,14,-97
19126,descendez de quatre-vingt-trois puis allez de cinquante-quatre à droite,54,-83
19127,descendez de vingt-cinq puis allez de quatre à droite,4,-25
19128,descendez de soixante-douze puis allez de quatre-vingt-dix à droite,90,-72
19129,descendez de trente-huit puis allez de quatre-vingt-dix-neuf à droite,99,-38
19130,descendez de cinq puis allez de trente à droite,30,-5
19131,descendez de cinquante-huit puis allez de quarante-neuf à droite,49,-58
19132,descendez de quatre-vingt-deux puis allez de quatre-vingt-seize à droite,96,-82
19133,descendez de trente et un puis allez de soixante-quinze à droite,75,-31
19134,descendez de quatre-vingt-deux puis allez de soixante-deux à droite,62,-82
19135,descendez de quatre-vingt-quinze puis allez de seize à droite,16,-95
19136,descendez de cinq puis allez de quatorze à droite,14,-5
19137,descendez de dix puis allez de trente-deux à droite,32,-10
19138,descendez de quatre-vingt-treize puis allez de quatre-vingt-deux à droite,82,-93
19139,descendez de quatre-vingt-seize puis allez de vingt-cinq à droite,25,-96
19140,descendez de cent puis allez de soixante-treize à droite,73,-100
19141,descendez de cinquante-neuf puis allez de soixante-quatorze à droite,74,-59
19142,descendez de quatre puis allez de vingt-huit à droite,28,-4
19143,descendez de vingt-six puis allez de soixante-douze à droite,72,-26
19144,descendez de treize puis allez de soixante-quatorze à droite,74,-13
19145,descendez de cinquante puis allez de quatre-vingt-quatre à droite,84,-50
19146,descendez de cinquante et un puis allez de cinquante-sept à droite,57,-51
19147,descendez de soixante-seize puis allez de quatre-vingt-treize à droite,93,-76
19148,descendez de soixante-treize puis allez de dix-neuf à droite,19,-73
19149,descendez de neuf puis allez de soixante-neuf à droite,69,-9
19150,descendez de cinquante-trois puis allez de quatre-vingt-trois à droite,83,-53
19151,descendez de quatre-vingt-deux puis allez de soixante et onze à droite,71,-82
19152,descendez de soixante-dix-huit puis allez de vingt à droite,20,-78
19153,descendez de quatre puis allez de soixante-neuf à droite,69,-4
19154,descendez de quarante et un puis allez de quatre-vingt-trois à droite,83,-41
19155,descendez de quatre-vingt-dix-sept puis allez de cinquante-deux à droite,52,-97
19156,descendez de quatre-vingt-treize puis allez de cinquante-six à droite,56,-93
19157,descendez de cinquante et un puis allez de quatorze à droite,14,-51
19158,descendez de soixante et onze puis allez de soixante-dix-neuf à droite,79,-71
19159,descendez de soixante-huit puis allez de six à droite,6,-68
19160,descendez de quatorze puis allez de cinquante-quatre à droite,54,-14
19161,descendez de quarante puis allez de trente à droite,30,-40
19162,descendez de trente-cinq puis allez de trente-neuf à droite,39,-35
19163,descendez de seize puis allez de trente-trois à droite,33,-16
19164,descendez de quarante-neuf puis allez de soixante-quinze à droite,75,-49
19165,descendez de quarante-neuf puis allez de cinquante-sept à droite,57,-49
19166,descendez de vingt et un puis allez de quatre-vingt-dix-huit à droite,98,-21
19167,descendez de cinquante et un puis allez de quatre-vingt-quinze à droite,95,-51
19168,descendez de quatre-vingt-douze puis allez de vingt et un à droite,21,-92
19169,descendez de quarante-trois puis allez de quatre-vingt-douze à droite,92,-43
19170,descendez de soixante-sept puis allez de trois à droite,3,-67
19171,descendez de cinquante et un puis allez de vingt et un à droite,21,-51
19172,descendez de cent puis allez de trente-deux à droite,32,-100
19173,descendez de quatre-vingt-deux puis allez de neuf à droite,9,-82
19174,descendez de quatre-vingt-huit puis allez de cinquante-cinq à droite,55,-88
19175,descendez de cinq puis allez de quatre-vingt-quinze à droite,95,-5
19176,descendez de deux puis allez de quarante et un à droite,41,-2
19177,descendez de trente-quatre puis allez de quarante-cinq à droite,45,-34
19178,descendez de un puis allez de cinquante-huit à droite,58,-1
19179,descendez de trente-six puis allez de vingt-cinq à droite,25,-36
19180,descendez de vingt-sept puis allez de trente-quatre à droite,34,-27
19181,descendez de cinquante-six puis allez de soixante-trois à droite,63,-56
19182,descendez de cinquante puis allez de cinquante-six à droite,56,-50
19183,descendez de quatre-vingt-quatorze puis allez de quarante à droite,40,-94
19184,descendez de cinquante-deux puis allez de onze à droite,11,-52
19185,descendez de quatre-vingt-dix-huit puis allez de cinquante à droite,50,-98
19186,descendez de vingt-neuf puis allez de quatre-vingt-huit à droite,88,-29
19187,descendez de trois puis allez de quatre-vingt-onze à droite,91,-3
19188,descendez de quinze puis allez de quatre-vingt-quatre à droite,84,-15
19189,descendez de vingt-deux puis allez de soixante-dix-neuf à droite,79,-22
19190,descendez de quarante-huit puis allez de quatre-vingt-dix-neuf à droite,99,-48
19191,descendez de trente-deux puis allez de soixante-dix-huit à droite,78,-32
19192,descendez de soixante-douze puis allez de trente et un à droite,31,-72
19193,descendez de neuf puis allez de soixante-quatorze à droite,74,-9
19194,descendez de quatre-vingt-deux puis allez de soixante-cinq à droite,65,-82
19195,descendez de quarante-huit puis allez de huit à droite,8,-48
19196,descendez de quatre-vingt-dix-neuf puis allez de soixante-treize à droite,73,-99
19197,descendez de neuf puis allez de dix à droite,10,-9
19198,descendez de vingt-cinq puis allez de soixante-dix à droite,70,-25
19199,descendez de soixante-quatre puis allez de soixante-seize à droite,76,-64
19200,descendez de soixante-sept puis allez de trente et un à droite,31,-67
19201,descendez de soixante-trois puis allez de soixante-douze à droite,72,-63
19202,descendez de vingt et un puis allez de neuf à droite,9,-21
19203,descendez de quatre-vingt-deux puis allez de cinquante-quatre à droite,54,-82
19204,descendez de soixante puis allez de cinquante-six à droite,56,-60
19205,descendez de quatre-vingt-huit puis allez de quarante-huit à droite,48,-88
19206,descendez de quatre-vingts puis allez de quarante-deux à droite,42,-80
19207,descendez de un puis allez de quatre-vingt-treize à droite,93,-1
19208,descendez de vingt et un puis allez de quatre-vingt-treize à droite,93,-21
19209,descendez de quatre-vingt-sept puis allez de soixante-treize à droite,73,-87
19210,descendez de quatre-vingt-dix-huit puis allez de cinquante-sept à droite,57,-98
19211,descendez de cinquante-trois puis allez de quarante à droite,40,-53
19212,descendez de quatre-vingt-dix-huit puis allez de deux à droite,2,-98
19213,descendez de vingt-huit puis allez de cent à droite,100,-28
19214,descendez de deux puis allez de quatre-vingt-dix-sept à droite,97,-2
19215,descendez de trente-trois puis allez de trente à droite,30,-33
19216,descendez de soixante-dix-neuf puis allez de huit à droite,8,-79
19217,descendez de douze puis allez de quarante-quatre à droite,44,-12
19218,descendez de quinze puis allez de douze à droite,12,-15
19219,descendez de trente-trois puis allez de soixante-dix-sept à droite,77,-33
19220,descendez de soixante et un puis allez de cinquante-six à droite,56,-61
19221,descendez de quatre-vingt-onze puis allez de trente à droite,30,-91
19222,descendez de dix-neuf puis allez de quatre-vingt-quatorze à droite,94,-19
19223,descendez de quinze puis allez de quatre-vingt-un à droite,81,-15
19224,descendez de soixante-douze puis allez de soixante-treize à droite,73,-72
19225,descendez de quatre-vingt-dix-sept puis allez de six à droite,6,-97
19226,descendez de quatre-vingt-dix-huit puis allez de soixante à droite,60,-98
19227,descendez de vingt-quatre puis allez de trente-cinq à droite,35,-24
19228,descendez de quatre-vingt-cinq puis allez de quatre-vingt-deux à droite,82,-85
19229,descendez de soixante-trois puis allez de trente-quatre à droite,34,-63
19230,descendez de cinquante-six puis allez de quatre-vingts à droite,80,-56
19231,descendez de quarante-cinq puis allez de quarante-cinq à droite,45,-45
19232,descendez de cinq puis allez de vingt-quatre à droite,24,-5
19233,descendez de quatre-vingt-dix-neuf puis allez de soixante-quinze à droite,75,-99
19234,descendez de quatre-vingt-treize puis allez de cinquante-cinq à droite,55,-93
19235,descendez de sept puis allez de soixante et un à droite,61,-7
19236,descendez de dix-huit puis allez de soixante et onze à droite,71,-18
19237,descendez de trente-deux puis allez de soixante et onze à droite,71,-32
19238,descendez de quarante puis allez de trente-huit à droite,38,-40
19239,descendez de douze puis allez de soixante-dix à droite,70,-12
19240,descendez de quatorze puis allez de quatre-vingt-deux à droite,82,-14
19241,descendez de cinquante-huit puis allez de vingt-sept à droite,27,-58
19242,descendez de quarante-quatre puis allez de seize à droite,16,-44
19243,descendez de un puis allez de quatre-vingt-onze à droite,91,-1
19244,descendez de vingt-quatre puis allez de trente-trois à droite,33,-24
19245,descendez de trente-quatre puis allez de cinquante-huit à droite,58,-34
19246,descendez de vingt-six puis allez de soixante-seize à droite,76,-26
19247,descendez de vingt-cinq puis allez de quarante-neuf à droite,49,-25
19248,descendez de cinquante-quatre puis allez de vingt-neuf à droite,29,-54
19249,descendez de quatre-vingt-dix-neuf puis allez de vingt-six à droite,26,-99
19250,descendez de soixante-seize puis allez de trente à droite,30,-76
19251,descendez de trente puis allez de soixante-dix-sept à droite,77,-30
19252,descendez de quinze puis allez de quatre-vingt-trois à droite,83,-15
19253,descendez de quarante-trois puis allez de trente-quatre à droite,34,-43
19254,descendez de quarante puis allez de cent à droite,100,-40
19255,descendez de quatre-vingt-quatre puis allez de quarante-neuf à droite,49,-84
19256,descendez de vingt et un puis allez de dix-neuf à droite,19,-21
19257,descendez de dix-huit puis allez de sept à droite,7,-18
19258,descendez de trente et un puis allez de quarante-trois à droite,43,-31
19259,descendez de quatre-vingt-six puis allez de trente à droite,30,-86
19260,descendez de soixante-dix-neuf puis allez de cinquante-neuf à droite,59,-79
19261,descendez de quarante-six puis allez de quatre à droite,4,-46
19262,descendez de vingt-cinq puis allez de quatre-vingt-huit à droite,88,-25
19263,descendez de quarante-six puis allez de soixante-six à droite,66,-46
19264,descendez de vingt-quatre puis allez de quatorze à droite,14,-24
19265,descendez de deux puis allez de quarante-sept à droite,47,-2
19266,descendez de soixante-trois puis allez de vingt-neuf à droite,29,-63
19267,descendez de vingt et un puis allez de trente-trois à droite,33,-21
19268,descendez de cinquante-deux puis allez de soixante-deux à droite,62,-52
19269,descendez de vingt-huit puis allez de soixante et onze à droite,71,-28
19270,descendez de vingt-trois puis allez de quarante-huit à droite,48,-23
19271,descendez de quatre-vingt-dix puis allez de vingt-cinq à droite,25,-90
19272,descendez de trois puis allez de quatre-vingt-quatorze à droite,94,-3
19273,descendez de seize puis allez de cinquante-quatre à droite,54,-16
19274,descendez de trois puis allez de soixante-dix-huit à droite,78,-3
19275,descendez de trente-sept puis allez de quatre-vingts à droite,80,-37
19276,descendez de quatre-vingt-trois puis allez de trente-huit à droite,38,-83
19277,descendez de cinquante-six puis allez de trente-quatre à droite,34,-56
19278,descendez de quatre-vingt-cinq puis allez de soixante-deux à droite,62,-85
19279,descendez de soixante-quinze puis allez de vingt-trois à droite,23,-75
19280,descendez de vingt-sept puis allez de cent à droite,100,-27
19281,descendez de sept puis allez de vingt-quatre à droite,24,-7
19282,descendez de trente-huit puis allez de quarante à droite,40,-38
19283,descendez de quatre-vingt-neuf puis allez de trois à droite,3,-89
19284,descendez de quatre-vingt-deux puis allez de soixante-sept à droite,67,-82
19285,descendez de trente-quatre puis allez de quatre-vingt-onze à droite,91,-34
19286,descendez de dix-neuf puis allez de soixante-dix-neuf à droite,79,-19
19287,descendez de soixante-deux puis allez de vingt-huit à droite,28,-62
19288,descendez de soixante puis allez de trente-quatre à droite,34,-60
19289,descendez de soixante et onze puis allez de trente-huit à droite,38,-71
19290,descendez de soixante-quatorze puis allez de vingt-quatre à droite,24,-74
19291,descendez de soixante puis allez de trente-huit à droite,38,-60
19292,descendez de quatre-vingt-dix puis allez de trente-neuf à droite,39,-90
19293,descendez de quarante-quatre puis allez de quinze à droite,15,-44
19294,descendez de quarante-six puis allez de soixante-quinze à droite,75,-46
19295,descendez de soixante-quinze puis allez de quatre-vingt-cinq à droite,85,-75
19296,descendez de quarante-neuf puis allez de six à droite,6,-49
19297,descendez de soixante-dix-huit puis allez de vingt-cinq à droite,25,-78
19298,descendez de trente-sept puis allez de dix-huit à droite,18,-37
19299,descendez de vingt-neuf puis allez de soixante-dix-neuf à droite,79,-29
19300,descendez de quatre-vingt-un puis allez de cinq à droite,5,-81
19301,descendez de deux puis allez de cinquante-sept à droite,57,-2
19302,descendez de cinquante et un puis allez de cinquante et un à droite,51,-51
19303,descendez de cinquante-quatre puis allez de quatre-vingt-quatre à droite,84,-54
19304,descendez de douze puis allez de soixante-neuf à droite,69,-12
19305,descendez de soixante-seize puis allez de vingt-huit à droite,28,-76
19306,descendez de soixante-cinq puis allez de soixante-huit à droite,68,-65
19307,descendez de treize puis allez de quarante-cinq à droite,45,-13
19308,descendez de soixante-trois puis allez de neuf à droite,9,-63
19309,descendez de quarante-deux puis allez de quatre-vingt-huit à droite,88,-42
19310,descendez de dix-sept puis allez de quatre-vingt-quatre à droite,84,-17
19311,descendez de cinquante-huit puis allez de quarante et un à droite,41,-58
19312,descendez de quatre-vingt-onze puis allez de quarante-cinq à droite,45,-91
19313,descendez de quatre-vingt-trois puis allez de cent à droite,100,-83
19314,descendez de soixante-huit puis allez de soixante et un à droite,61,-68
19315,descendez de quarante-six puis allez de quarante-cinq à droite,45,-46
19316,descendez de douze puis allez de seize à droite,16,-12
19317,descendez de cinquante-cinq puis allez de cinquante-neuf à droite,59,-55
19318,descendez de trente et un puis allez de quatre-vingt-douze à droite,92,-31
19319,descendez de vingt-huit puis allez de vingt-sept à droite,27,-28
19320,descendez de quarante-huit puis allez de trente-sept à droite,37,-48
19321,descendez de deux puis allez de quarante-sept à droite,47,-2
19322,descendez de vingt-quatre puis allez de vingt et un à droite,21,-24
19323,descendez de dix-huit puis allez de soixante-dix-sept à droite,77,-18
19324,descendez de trente-cinq puis allez de quinze à droite,15,-35
19325,descendez de trente puis allez de soixante-six à droite,66,-30
19326,descendez de trente-cinq puis allez de soixante-douze à droite,72,-35
19327,descendez de vingt-quatre puis allez de six à droite,6,-24
19328,descendez de soixante puis allez de quarante-neuf à droite,49,-60
19329,descendez de soixante-seize puis allez de quarante-neuf à droite,49,-76
19330,descendez de trente-cinq puis allez de quatre-vingt-quatre à droite,84,-35
19331,descendez de trente et un puis allez de trente-deux à droite,32,-31
19332,descendez de trente et un puis allez de soixante-cinq à droite,65,-31
19333,descendez de vingt-six puis allez de quatre-vingt-dix-neuf à droite,99,-26
19334,descendez de cent puis allez de quatre-vingt-sept à droite,87,-100
19335,descendez de cinquante-cinq puis allez de quatre-vingt-deux à droite,82,-55
19336,descendez de huit puis allez de quatre-vingts à droite,80,-8
19337,descendez de quatre-vingt-quatre puis allez de trente-quatre à droite,34,-84
19338,descendez de quatre-vingt-dix-huit puis allez de trente-six à droite,36,-98
19339,descendez de quinze puis allez de dix-sept à droite,17,-15
19340,descendez de soixante-quatorze puis allez de soixante-deux à droite,62,-74
19341,descendez de quatre-vingt-dix puis allez de soixante-treize à droite,73,-90
19342,descendez de trente et un puis allez de soixante-dix-huit à droite,78,-31
19343,descendez de quatre-vingt-dix-huit puis allez de quarante-quatre à droite,44,-98
19344,descendez de trente puis allez de un à droite,1,-30
19345,descendez de soixante-trois puis allez de deux à droite,2,-63
19346,descendez de quarante-quatre puis allez de quatre-vingt-sept à droite,87,-44
19347,descendez de vingt-deux puis allez de neuf à droite,9,-22
19348,descendez de trente puis allez de cinquante-quatre à droite,54,-30
19349,descendez de quarante-quatre puis allez de dix-sept à droite,17,-44
19350,descendez de quarante et un puis allez de seize à droite,16,-41
19351,descendez de quarante-sept puis allez de trente-trois à droite,33,-47
19352,descendez de trente et un puis allez de cinq à droite,5,-31
19353,descendez de douze puis allez de quarante-deux à droite,42,-12
19354,descendez de quatre puis allez de soixante-sept à droite,67,-4
19355,descendez de quarante puis allez de quatre-vingt-onze à droite,91,-40
19356,descendez de cinquante puis allez de soixante-huit à droite,68,-50
19357,descendez de soixante-sept puis allez de quatre-vingt-dix à droite,90,-67
19358,descendez de soixante-deux puis allez de cinquante-quatre à droite,54,-62
19359,descendez de quatre-vingt-dix-neuf puis allez de trente-sept à droite,37,-99
19360,descendez de quarante-huit puis allez de quatre à droite,4,-48
19361,descendez de quarante-sept puis allez de sept à droite,7,-47
19362,descendez de soixante-treize puis allez de vingt-neuf à droite,29,-73
19363,descendez de soixante-cinq puis allez de vingt-trois à droite,23,-65
19364,descendez de trente-neuf puis allez de trente-trois à droite,33,-39
19365,descendez de soixante-quatorze puis allez de vingt-neuf à droite,29,-74
19366,descendez de soixante-quinze puis allez de quatre-vingt-onze à droite,91,-75
19367,descendez de soixante-neuf puis allez de douze à droite,12,-69
19368,descendez de cinquante-sept puis allez de soixante-dix-sept à droite,77,-57
19369,descendez de treize puis allez de soixante-treize à droite,73,-13
19370,descendez de quatre-vingt-dix puis allez de quarante-huit à droite,48,-90
19371,descendez de trente et un puis allez de trente-trois à droite,33,-31
19372,descendez de quatre puis allez de soixante-huit à droite,68,-4
19373,descendez de soixante-sept puis allez de quarante-quatre à droite,44,-67
19374,descendez de quatre-vingt-onze puis allez de cinquante-quatre à droite,54,-91
19375,descendez de quatre-vingt-cinq puis allez de trente à droite,30,-85
19376,descendez de quarante-quatre puis allez de quatre-vingt-dix à droite,90,-44
19377,descendez de soixante-deux puis allez de quatre-vingt-dix-huit à droite,98,-62
19378,descendez de vingt-cinq puis allez de quatre-vingt-huit à droite,88,-25
19379,descendez de cinquante-neuf puis allez de deux à droite,2,-59
19380,descendez de soixante-trois puis allez de quarante-quatre à droite,44,-63
19381,descendez de vingt-cinq puis allez de soixante-deux à droite,62,-25
19382,descendez de vingt puis allez de trente et un à droite,31,-20
19383,descendez de soixante-dix puis allez de quatre-vingt-quatorze à droite,94,-70
19384,descendez de trente et un puis allez de cinquante-huit à droite,58,-31
19385,descendez de soixante puis allez de cinquante-huit à droite,58,-60
19386,descendez de cinquante-sept puis allez de quatre-vingt-dix-sept à droite,97,-57
19387,descendez de quarante-sept puis allez de soixante-quinze à droite,75,-47
19388,descendez de sept puis allez de trente-trois à droite,33,-7
19389,descendez de quatre-vingt-six puis allez de vingt-quatre à droite,24,-86
19390,descendez de deux puis allez de quatre-vingt-six à droite,86,-2
19391,descendez de quatre-vingt-dix-huit puis allez de quarante-cinq à droite,45,-98
19392,descendez de vingt-trois puis allez de quatorze à droite,14,-23
19393,descendez de cinq puis allez de treize à droite,13,-5
19394,descendez de quatre-vingt-treize puis allez de quatre à droite,4,-93
19395,descendez de cinquante-neuf puis allez de quatorze à droite,14,-59
19396,descendez de soixante-dix-huit puis allez de vingt-huit à droite,28,-78
19397,descendez de quatorze puis allez de quatre-vingt-un à droite,81,-14
19398,descendez de six puis allez de cinquante-huit à droite,58,-6
19399,descendez de cinquante-deux puis allez de quatre-vingts à droite,80,-52
19400,descendez de trente puis allez de trente à droite,30,-30
19401,descendez de quatre-vingt-trois puis allez de trente-trois à droite,33,-83
19402,descendez de quatorze puis allez de cinquante et un à droite,51,-14
19403,descendez de trente-cinq puis allez de quarante-huit à droite,48,-35
19404,descendez de trente-trois puis allez de dix-sept à droite,17,-33
19405,descendez de vingt-quatre puis allez de quatre-vingt-dix-huit à droite,98,-24
19406,descendez de soixante-quatorze puis allez de dix-huit à droite,18,-74
19407,descendez de neuf puis allez de vingt à droite,20,-9
19408,descendez de quarante-deux puis allez de soixante-quinze à droite,75,-42
19409,descendez de soixante et onze puis allez de soixante-deux à droite,62,-71
19410,descendez de trente-sept puis allez de quarante-quatre à droite,44,-37
19411,descendez de soixante-treize puis allez de soixante-quinze à droite,75,-73
19412,descendez de six puis allez de soixante-quatre à droite,64,-6
19413,descendez de cinquante-sept puis allez de quarante-sept à droite,47,-57
19414,descendez de quatre-vingt-seize puis allez de cinq à droite,5,-96
19415,descendez de quatre-vingt-deux puis allez de cinquante-huit à droite,58,-82
19416,descendez de soixante-treize puis allez de dix-sept à droite,17,-73
19417,descendez de soixante et un puis allez de quarante à droite,40,-61
19418,descendez de quatre-vingt-dix puis allez de quatre-vingt-quatre à droite,84,-90
19419,descendez de soixante-quatre puis allez de quatre-vingt-seize à droite,96,-64
19420,descendez de trente-neuf puis allez de quinze à droite,15,-39
19421,descendez de deux puis allez de trente-cinq à droite,35,-2
19422,descendez de quarante-sept puis allez de quatre-vingt-cinq à droite,85,-47
19423,descendez de onze puis allez de trente-six à droite,36,-11
19424,descendez de quatorze puis allez de soixante-trois à droite,63,-14
19425,descendez de sept puis allez de soixante-quatre à droite,64,-7
19426,descendez de trente et un puis allez de six à droite,6,-31
19427,descendez de soixante-treize puis allez de quatre-vingt-un à droite,81,-73
19428,descendez de cinquante-cinq puis allez de quatre-vingt-douze à droite,92,-55
19429,descendez de cinquante-deux puis allez de trente-quatre à droite,34,-52
19430,descendez de douze puis allez de quarante-deux à droite,42,-12
19431,descendez de soixante-neuf puis allez de cinquante et un à droite,51,-69
19432,descendez de cinquante-neuf puis allez de cinquante-huit à droite,58,-59
19433,descendez de quarante-sept puis allez de cent à droite,100,-47
19434,descendez de soixante-neuf puis allez de quatre-vingt-treize à droite,93,-69
19435,descendez de quatre puis allez de soixante et onze à droite,71,-4
19436,descendez de quatre-vingt-neuf puis allez de cinq à droite,5,-89
19437,descendez de soixante-trois puis allez de quatre-vingt-huit à droite,88,-63
19438,descendez de soixante et un puis allez de quatre-vingt-trois à droite,83,-61
19439,descendez de soixante-dix-huit puis allez de quatre-vingt-douze à droite,92,-78
19440,descendez de quatre-vingt-un puis allez de quatre à droite,4,-81
19441,descendez de soixante-neuf puis allez de dix-huit à droite,18,-69
19442,descendez de cinquante-deux puis allez de soixante et un à droite,61,-52
19443,descendez de soixante-dix-sept puis allez de quatre-vingt-quatre à droite,84,-77
19444,descendez de neuf puis allez de huit à droite,8,-9
19445,descendez de soixante-treize puis allez de trente-cinq à droite,35,-73
19446,descendez de treize puis allez de vingt-neuf à droite,29,-13
19447,descendez de quinze puis allez de vingt et un à droite,21,-15
19448,descendez de cinquante-deux puis allez de soixante-dix à droite,70,-52
19449,descendez de quatre-vingt-dix-neuf puis allez de quarante-cinq à droite,45,-99
19450,descendez de quatre-vingt-dix-sept puis allez de soixante-neuf à droite,69,-97
19451,descendez de quatre-vingt-seize puis allez de cinq à droite,5,-96
19452,descendez de quarante-quatre puis allez de quarante-neuf à droite,49,-44
19453,descendez de quatre-vingt-treize puis allez de quatre-vingt-quinze à droite,95,-93
19454,descendez de soixante-cinq puis allez de vingt-cinq à droite,25,-65
19455,descendez de soixante-dix-sept puis allez de soixante à droite,60,-77
19456,descendez de quatre-vingt-un puis allez de soixante-six à droite,66,-81
19457,descendez de quatre-vingt-neuf puis allez de quarante et un à droite,41,-89
19458,descendez de sept puis allez de soixante-dix-huit à droite,78,-7
19459,descendez de cinquante-trois puis allez de quatre-vingt-douze à droite,92,-53
19460,descendez de trente-trois puis allez de sept à droite,7,-33
19461,descendez de quatre-vingt-dix puis allez de soixante-douze à droite,72,-90
19462,descendez de soixante-dix-sept puis allez de vingt et un à droite,21,-77
19463,descendez de quatre-vingt-quatorze puis allez de soixante-cinq à droite,65,-94
19464,descendez de quarante et un puis allez de quatre-vingt-dix à droite,90,-41
19465,descendez de cinquante-cinq puis allez de dix-huit à droite,18,-55
19466,descendez de trente-neuf puis allez de quatre-vingt-huit à droite,88,-39
19467,descendez de cinquante-quatre puis allez de quatre-vingts à droite,80,-54
19468,descendez de seize puis allez de quatre-vingt-un à droite,81,-16
19469,descendez de trente puis allez de cinquante-neuf à droite,59,-30
19470,descendez de neuf puis allez de quatre-vingt-quinze à droite,95,-9
19471,descendez de quatre-vingt-six puis allez de trente et un à droite,31,-86
19472,descendez de vingt-deux puis allez de quatre-vingt-dix à droite,90,-22
19473,descendez de quatre-vingt-dix-huit puis allez de cinquante-neuf à droite,59,-98
19474,descendez de trente-cinq puis allez de cinquante-quatre à droite,54,-35
19475,descendez de quatre-vingt-dix-huit puis allez de quarante-trois à droite,43,-98
19476,descendez de soixante-dix-neuf puis allez de quatre-vingt-trois à droite,83,-79
19477,descendez de quatre-vingt-cinq puis allez de soixante-quatorze à droite,74,-85
19478,descendez de quarante-six puis allez de soixante et onze à droite,71,-46
19479,descendez de neuf puis allez de soixante-six à droite,66,-9
19480,descendez de trente puis allez de seize à droite,16,-30
19481,descendez de soixante-douze puis allez de cinquante-cinq à droite,55,-72
19482,descendez de soixante-quatre puis allez de un à droite,1,-64
19483,descendez de soixante-dix-neuf puis allez de quatre-vingt-sept à droite,87,-79
19484,descendez de trente-six puis allez de cinquante-deux à droite,52,-36
19485,descendez de quarante-deux puis allez de quatre-vingt-quinze à droite,95,-42
19486,descendez de quatre-vingt-dix-huit puis allez de treize à droite,13,-98
19487,descendez de trente et un puis allez de vingt-deux à droite,22,-31
19488,descendez de dix-neuf puis allez de cinquante-trois à droite,53,-19
19489,descendez de cinq puis allez de soixante-six à droite,66,-5
19490,descendez de cinquante puis allez de trente et un à droite,31,-50
19491,descendez de soixante-quinze puis allez de quarante-neuf à droite,49,-75
19492,descendez de trente et un puis allez de dix-sept à droite,17,-31
19493,descendez de soixante-cinq puis allez de soixante-douze à droite,72,-65
19494,descendez de quarante-sept puis allez de quatre-vingt-cinq à droite,85,-47
19495,descendez de trente-six puis allez de soixante-treize à droite,73,-36
19496,descendez de sept puis allez de cinquante et un à droite,51,-7
19497,descendez de dix-sept puis allez de quarante-huit à droite,48,-17
19498,descendez de quarante et un puis allez de quatre-vingt-quinze à droite,95,-41
19499,descendez de deux puis allez de soixante-seize à droite,76,-2
19500,descendez de soixante-seize puis allez de cinquante-deux à droite,52,-76
19501,descendez de soixante puis allez de trente-sept à droite,37,-60
19502,descendez de quatre-vingt-quinze puis allez de trente à droite,30,-95
19503,descendez de vingt-six puis allez de soixante-quatorze à droite,74,-26
19504,descendez de quatre-vingt-quatorze puis allez de cinquante-neuf à droite,59,-94
19505,descendez de trente-six puis allez de soixante-neuf à droite,69,-36
19506,descendez de soixante-neuf puis allez de soixante à droite,60,-69
19507,descendez de cinquante-sept puis allez de quatre-vingt-quinze à droite,95,-57
19508,descendez de dix-huit puis allez de vingt-neuf à droite,29,-18
19509,descendez de quatre-vingt-un puis allez de trois à droite,3,-81
19510,descendez de un puis allez de vingt et un à droite,21,-1
19511,descendez de vingt-deux puis allez de soixante-dix-sept à droite,77,-22
19512,descendez de dix-neuf puis allez de trente-cinq à droite,35,-19
19513,descendez de quarante-six puis allez de soixante-sept à droite,67,-46
19514,descendez de cinquante-deux puis allez de soixante-cinq à droite,65,-52
19515,descendez de quarante-deux puis allez de quatre-vingt-trois à droite,83,-42
19516,descendez de soixante-dix puis allez de trente-sept à droite,37,-70
19517,descendez de quatorze puis allez de trente-trois à droite,33,-14
19518,descendez de cinquante puis allez de trente-sept à droite,37,-50
19519,descendez de quatre-vingt-deux puis allez de cinquante-cinq à droite,55,-82
19520,descendez de quarante-quatre puis allez de quatre-vingt-quatorze à droite,94,-44
19521,descendez de six puis allez de vingt-deux à droite,22,-6
19522,descendez de quatre-vingt-neuf puis allez de huit à droite,8,-89
19523,descendez de quarante-deux puis allez de soixante à droite,60,-42
19524,descendez de cent puis allez de vingt-trois à droite,23,-100
19525,descendez de trois puis allez de soixante-quatre à droite,64,-3
19526,descendez de trente-deux puis allez de vingt-quatre à droite,24,-32
19527,descendez de trente-deux puis allez de trente-deux à droite,32,-32
19528,descendez de soixante-dix-neuf puis allez de quatre-vingt-dix-neuf à droite,99,-79
19529,descendez de deux puis allez de cent à droite,100,-2
19530,descendez de quatre-vingt-quatre puis allez de cinquante à droite,50,-84
19531,descendez de quatre-vingt-neuf puis allez de onze à droite,11,-89
19532,descendez de treize puis allez de soixante-deux à droite,62,-13
19533,descendez de onze puis allez de dix-huit à droite,18,-11
19534,descendez de quatre-vingt-six puis allez de dix-sept à droite,17,-86
19535,descendez de vingt-six puis allez de trente-huit à droite,38,-26
19536,descendez de soixante-huit puis allez de soixante-quatorze à droite,74,-68
19537,descendez de quinze puis allez de quatre-vingt-deux à droite,82,-15
19538,descendez de trente-deux puis allez de vingt-six à droite,26,-32
19539,descendez de trente puis allez de soixante-dix-huit à droite,78,-30
19540,descendez de neuf puis allez de soixante-douze à droite,72,-9
19541,descendez de cinquante-cinq puis allez de trente-quatre à droite,34,-55
19542,descendez de quatre-vingt-douze puis allez de quatre-vingt-un à droite,81,-92
19543,descendez de vingt-trois puis allez de quatre-vingt-cinq à droite,85,-23
19544,descendez de dix-neuf puis allez de quatre-vingt-un à droite,81,-19
19545,descendez de seize puis allez de quatre-vingt-huit à droite,88,-16
19546,descendez de dix puis allez de quatre-vingts à droite,80,-10
19547,descendez de soixante-cinq puis allez de dix-neuf à droite,19,-65
19548,descendez de quarante-quatre puis allez de soixante-dix-neuf à droite,79,-44
19549,descendez de cinquante-sept puis allez de soixante-dix-sept à droite,77,-57
19550,descendez de quarante-deux puis allez de trois à droite,3,-42
19551,descendez de quatre-vingt-six puis allez de quarante-huit à droite,48,-86
19552,descendez de quatre-vingt-huit puis allez de soixante-seize à droite,76,-88
19553,descendez de onze puis allez de quarante-trois à droite,43,-11
19554,descendez de cent puis allez de soixante-cinq à droite,65,-100
19555,descendez de quatre-vingt-trois puis allez de vingt-huit à droite,28,-83
19556,descendez de six puis allez de trente-huit à droite,38,-6
19557,descendez de vingt-deux puis allez de quatre-vingts à droite,80,-22
19558,descendez de quatre-vingt-quinze puis allez de quatre à droite,4,-95
19559,descendez de soixante puis allez de soixante-dix-sept à droite,77,-60
19560,descendez de quarante-sept puis allez de vingt-trois à droite,23,-47
19561,descendez de quatre-vingt-douze puis allez de soixante et onze à droite,71,-92
19562,descendez de deux puis allez de onze à droite,11,-2
19563,descendez de soixante-dix-sept puis allez de quatre-vingt-dix-huit à droite,98,-77
19564,descendez de quatre-vingt-trois puis allez de quarante-huit à droite,48,-83
19565,descendez de douze puis allez de quatre-vingt-quinze à droite,95,-12
19566,descendez de quatre-vingt-onze puis allez de cent à droite,100,-91
19567,descendez de quatre-vingt-treize puis allez de trente-huit à droite,38,-93
19568,descendez de quatre-vingt-trois puis allez de cinquante-deux à droite,52,-83
19569,descendez de quatre-vingt-deux puis allez de quarante à droite,40,-82
19570,descendez de vingt-neuf puis allez de soixante-quatorze à droite,74,-29
19571,descendez de soixante-dix puis allez de quatre-vingt-douze à droite,92,-70
19572,descendez de trente-quatre puis allez de quatre à droite,4,-34
19573,descendez de seize puis allez de quatre-vingt-quatre à droite,84,-16
19574,descendez de vingt-sept puis allez de cinquante-six à droite,56,-27
19575,descendez de quatre-vingt-dix-sept puis allez de quatre-vingt-huit à droite,88,-97
19576,descendez de douze puis allez de treize à droite,13,-12
19577,descendez de trente et un puis allez de un à droite,1,-31
19578,descendez de soixante-deux puis allez de soixante-seize à droite,76,-62
19579,descendez de trente et un puis allez de quatre-vingt-six à droite,86,-31
19580,descendez de dix-huit puis allez de quatre-vingt-dix-sept à droite,97,-18
19581,descendez de soixante-trois puis allez de quarante-cinq à droite,45,-63
19582,descendez de quarante-six puis allez de vingt-neuf à droite,29,-46
19583,descendez de vingt-huit puis allez de quatre-vingt-treize à droite,93,-28
19584,descendez de soixante-sept puis allez de cinquante-quatre à droite,54,-67
19585,descendez de cinquante-huit puis allez de vingt-quatre à droite,24,-58
19586,descendez de quatre-vingt-quatre puis allez de quatre-vingt-seize à droite,96,-84
19587,descendez de cinquante-sept puis allez de soixante-sept à droite,67,-57
19588,descendez de soixante-quatorze puis allez de soixante-quinze à droite,75,-74
19589,descendez de quatre-vingt-quatre puis allez de soixante et un à droite,61,-84
19590,descendez de trente-sept puis allez de quatre-vingt-quinze à droite,95,-37
19591,descendez de soixante-dix-neuf puis allez de soixante-treize à droite,73,-79
19592,descendez de trente puis allez de vingt-huit à droite,28,-30
19593,descendez de quarante-deux puis allez de trente-cinq à droite,35,-42
19594,descendez de dix puis allez de quatre-vingt-neuf à droite,89,-10
19595,descendez de quarante-huit puis allez de trente-six à droite,36,-48
19596,descendez de quatre-vingt-quatorze puis allez de quarante-trois à droite,43,-94
19597,descendez de quarante-sept puis allez de vingt-trois à droite,23,-47
19598,descendez de soixante-deux puis allez de quatre-vingt-trois à droite,83,-62
19599,descendez de trente-huit puis allez de vingt-deux à droite,22,-38
19600,descendez de cinquante puis allez de cent à droite,100,-50
19601,descendez de quarante puis allez de cinquante et un à droite,51,-40
19602,descendez de cinquante-sept puis allez de quatre-vingt-dix à droite,90,-57
19603,descendez de vingt puis allez de deux à droite,2,-20
19604,descendez de quatre-vingts puis allez de soixante-sept à droite,67,-80
19605,descendez de quatre-vingt-douze puis allez de trois à droite,3,-92
19606,descendez de quatre-vingts puis allez de sept à droite,7,-80
19607,descendez de quatre-vingt-seize puis allez de soixante-quatorze à droite,74,-96
19608,descendez de soixante-neuf puis allez de quarante-sept à droite,47,-69
19609,descendez de dix-sept puis allez de vingt-sept à droite,27,-17
19610,descendez de cinq puis allez de soixante et un à droite,61,-5
19611,descendez de trente-trois puis allez de cinq à droite,5,-33
19612,descendez de quatre-vingt-quinze puis allez de soixante-douze à droite,72,-95
19613,descendez de vingt-sept puis allez de quarante-deux à droite,42,-27
19614,descendez de sept puis allez de dix-neuf à droite,19,-7
19615,descendez de dix puis allez de vingt à droite,20,-10
19616,descendez de soixante-dix-huit puis allez de trente-six à droite,36,-78
19617,descendez de vingt-six puis allez de quarante-deux à droite,42,-26
19618,descendez de quatre-vingt-douze puis allez de quatre-vingt-neuf à droite,89,-92
19619,descendez de sept puis allez de quatre-vingt-deux à droite,82,-7
19620,descendez de quarante-neuf puis allez de vingt à droite,20,-49
19621,descendez de trente-huit puis allez de soixante-trois à droite,63,-38
19622,descendez de quatre-vingt-quatre puis allez de quatre-vingt-quinze à droite,95,-84
19623,descendez de vingt-neuf puis allez de vingt-neuf à droite,29,-29
19624,descendez de quarante puis allez de six à droite,6,-40
19625,descendez de cinquante-trois puis allez de trois à droite,3,-53
19626,descendez de quarante-quatre puis allez de quatre-vingt-dix-huit à droite,98,-44
19627,descendez de soixante-treize puis allez de soixante-trois à droite,63,-73
19628,descendez de quatre-vingt-seize puis allez de cinquante-neuf à droite,59,-96
19629,descendez de neuf puis allez de vingt-trois à droite,23,-9
19630,descendez de trente-deux puis allez de seize à droite,16,-32
19631,descendez de soixante-cinq puis allez de dix à droite,10,-65
19632,descendez de dix-neuf puis allez de cinquante-neuf à droite,59,-19
19633,descendez de quarante-deux puis allez de quatre-vingt-neuf à droite,89,-42
19634,descendez de soixante-trois puis allez de soixante-quinze à droite,75,-63
19635,descendez de cinq puis allez de trente-huit à droite,38,-5
19636,descendez de huit puis allez de quatre-vingt-trois à droite,83,-8
19637,descendez de quatre-vingt-neuf puis allez de soixante-six à droite,66,-89
19638,descendez de soixante-sept puis allez de soixante-six à droite,66,-67
19639,descendez de trente-cinq puis allez de cinquante-huit à droite,58,-35
19640,descendez de cinquante-deux puis allez de cinquante et un à droite,51,-52
19641,descendez de sept puis allez de dix-huit à droite,18,-7
19642,descendez de deux puis allez de quatre-vingt-un à droite,81,-2
19643,descendez de quarante-neuf puis allez de trente-trois à droite,33,-49
19644,descendez de soixante-trois puis allez de quarante-huit à droite,48,-63
19645,descendez de soixante-trois puis allez de quarante à droite,40,-63
19646,descendez de quatre-vingt-quatorze puis allez de quarante-quatre à droite,44,-94
19647,descendez de onze puis allez de quatre-vingt-douze à droite,92,-11
19648,descendez de quarante-deux puis allez de soixante-treize à droite,73,-42
19649,descendez de quarante-trois puis allez de trente-cinq à droite,35,-43
19650,descendez de soixante-dix-neuf puis allez de soixante-dix à droite,70,-79
19651,descendez de soixante-neuf puis allez de trente-trois à droite,33,-69
19652,descendez de soixante-deux puis allez de trente-quatre à droite,34,-62
19653,descendez de soixante et onze puis allez de quatre-vingt-neuf à droite,89,-71
19654,descendez de quatre-vingt-quinze puis allez de soixante-seize à droite,76,-95
19655,descendez de vingt-deux puis allez de trente-trois à droite,33,-22
19656,descendez de soixante-quinze puis allez de cinquante-trois à droite,53,-75
19657,descendez de six puis allez de quatre-vingt-treize à droite,93,-6
19658,descendez de trente et un puis allez de quatre-vingt-quatorze à droite,94,-31
19659,descendez de neuf puis allez de quatre-vingt-sept à droite,87,-9
19660,descendez de soixante-quatre puis allez de trente-neuf à droite,39,-64
19661,descendez de quatre-vingt-trois puis allez de soixante-deux à droite,62,-83
19662,descendez de soixante-dix-sept puis allez de quatre à droite,4,-77
19663,descendez de quatre-vingt-douze puis allez de cinquante-neuf à droite,59,-92
19664,descendez de soixante-quatorze puis allez de dix-neuf à droite,19,-74
19665,descendez de six puis allez de soixante-neuf à droite,69,-6
19666,descendez de quarante-huit puis allez de quatre-vingt-sept à droite,87,-48
19667,descendez de cinquante-quatre puis allez de quatre-vingts à droite,80,-54
19668,descendez de douze puis allez de quatre-vingt-dix à droite,90,-12
19669,descendez de quatre-vingt-dix puis allez de cinquante-deux à droite,52,-90
19670,descendez de quatre-vingt-huit puis allez de soixante-dix-huit à droite,78,-88
19671,descendez de vingt-trois puis allez de sept à droite,7,-23
19672,descendez de quarante-huit puis allez de cent à droite,100,-48
19673,descendez de quatre-vingt-trois puis allez de cinq à droite,5,-83
19674,descendez de deux puis allez de quatre-vingt-dix-neuf à droite,99,-2
19675,descendez de cinquante-six puis allez de soixante-six à droite,66,-56
19676,descendez de quarante-neuf puis allez de vingt-trois à droite,23,-49
19677,descendez de soixante puis allez de quarante-quatre à droite,44,-60
19678,descendez de vingt-sept puis allez de quatre-vingt-un à droite,81,-27
19679,descendez de vingt-huit puis allez de trente-six à droite,36,-28
19680,descendez de vingt-huit puis allez de quarante à droite,40,-28
19681,descendez de douze puis allez de quatre-vingt-dix-neuf à droite,99,-12
19682,descendez de soixante-cinq puis allez de quatre-vingt-trois à droite,83,-65
19683,descendez de quarante et un puis allez de dix-huit à droite,18,-41
19684,descendez de trente-neuf puis allez de trente-six à droite,36,-39
19685,descendez de soixante-douze puis allez de quatre-vingt-cinq à droite,85,-72
19686,descendez de soixante-dix puis allez de soixante-dix à droite,70,-70
19687,descendez de sept puis allez de dix à droite,10,-7
19688,descendez de quarante-quatre puis allez de trois à droite,3,-44
19689,descendez de vingt-trois puis allez de quatorze à droite,14,-23
19690,descendez de soixante-seize puis allez de soixante-dix-sept à droite,77,-76
19691,descendez de quatre-vingt-dix-huit puis allez de soixante-cinq à droite,65,-98
19692,descendez de soixante et onze puis allez de soixante et onze à droite,71,-71
19693,descendez de quarante-quatre puis allez de cinquante à droite,50,-44
19694,descendez de douze puis allez de vingt à droite,20,-12
19695,descendez de quatre-vingt-dix-neuf puis allez de cinquante-deux à droite,52,-99
19696,descendez de vingt-quatre puis allez de soixante et un à droite,61,-24
19697,descendez de soixante-deux puis allez de cinq à droite,5,-62
19698,descendez de cinquante-deux puis allez de trente-sept à droite,37,-52
19699,descendez de neuf puis allez de cinquante-deux à droite,52,-9
19700,descendez de quatre-vingt-quatre puis allez de dix-neuf à droite,19,-84
19701,descendez de sept puis allez de quatre-vingt-deux à droite,82,-7
19702,descendez de huit puis allez de quatre-vingt-cinq à droite,85,-8
19703,descendez de quarante-cinq puis allez de vingt-six à droite,26,-45
19704,descendez de quarante-cinq puis allez de quatre-vingt-dix à droite,90,-45
19705,descendez de quatre-vingt-quatre puis allez de quarante à droite,40,-84
19706,descendez de sept puis allez de trente-six à droite,36,-7
19707,descendez de cinquante-neuf puis allez de quatre-vingt-onze à droite,91,-59
19708,descendez de quatre-vingt-dix-sept puis allez de quarante-sept à droite,47,-97
19709,descendez de quarante-sept puis allez de vingt et un à droite,21,-47
19710,descendez de trente-sept puis allez de dix à droite,10,-37
19711,descendez de sept puis allez de soixante-quatre à droite,64,-7
19712,descendez de quatre-vingt-seize puis allez de quarante-sept à droite,47,-96
19713,descendez de vingt-quatre puis allez de quatre-vingt-six à droite,86,-24
19714,descendez de trois puis allez de cinquante-deux à droite,52,-3
19715,descendez de sept puis allez de soixante-quatre à droite,64,-7
19716,descendez de sept puis allez de quatre-vingt-quinze à droite,95,-7
19717,descendez de cinquante et un puis allez de quatre-vingts à droite,80,-51
19718,descendez de vingt-quatre puis allez de dix à droite,10,-24
19719,descendez de soixante-quatorze puis allez de cinq à droite,5,-74
19720,descendez de quatre-vingt-deux puis allez de soixante-six à droite,66,-82
19721,descendez de soixante-trois puis allez de quarante-trois à droite,43,-63
19722,descendez de quatre-vingts puis allez de soixante à droite,60,-80
19723,descendez de quatre-vingt-dix puis allez de vingt à droite,20,-90
19724,descendez de soixante-huit puis allez de quatre à droite,4,-68
19725,descendez de quatre-vingt-sept puis allez de quatre-vingt-quatorze à droite,94,-87
19726,descendez de quarante-quatre puis allez de dix-sept à droite,17,-44
19727,descendez de trente et un puis allez de quatre-vingt-dix-neuf à droite,99,-31
19728,descendez de cinquante-neuf puis allez de neuf à droite,9,-59
19729,descendez de dix-huit puis allez de vingt-huit à droite,28,-18
19730,descendez de soixante-dix-sept puis allez de dix-sept à droite,17,-77
19731,descendez de soixante-dix puis allez de quarante et un à droite,41,-70
19732,descendez de neuf puis allez de trente-huit à droite,38,-9
19733,descendez de un puis allez de trente-cinq à droite,35,-1
19734,descendez de trente puis allez de vingt-deux à droite,22,-30
19735,descendez de quarante-six puis allez de dix à droite,10,-46
19736,descendez de trois puis allez de trente-six à droite,36,-3
19737,descendez de quatre-vingt-trois puis allez de vingt-six à droite,26,-83
19738,descendez de trente puis allez de soixante-dix-huit à droite,78,-30
19739,descendez de seize puis allez de soixante-dix-sept à droite,77,-16
19740,descendez de soixante et un puis allez de quarante-quatre à droite,44,-61
19741,descendez de deux puis allez de vingt-neuf à droite,29,-2
19742,descendez de onze puis allez de quatre à droite,4,-11
19743,descendez de vingt-trois puis allez de quarante-six à droite,46,-23
19744,descendez de soixante-six puis allez de soixante et un à droite,61,-66
19745,descendez de dix-neuf puis allez de dix à droite,10,-19
19746,descendez de soixante puis allez de treize à droite,13,-60
19747,descendez de quarante et un puis allez de quarante-neuf à droite,49,-41
19748,descendez de vingt-deux puis allez de treize à droite,13,-22
19749,descendez de quatre-vingt-sept puis allez de soixante-seize à droite,76,-87
19750,descendez de soixante-six puis allez de quatre-vingt-neuf à droite,89,-66
19751,descendez de trente-sept puis allez de quatorze à droite,14,-37
19752,descendez de vingt-trois puis allez de cinquante-cinq à droite,55,-23
19753,descendez de dix-sept puis allez de quatre-vingt-dix-sept à droite,97,-17
19754,descendez de soixante-dix-sept puis allez de quatre-vingt-deux à droite,82,-77
19755,descendez de soixante-dix puis allez de quarante-neuf à droite,49,-70
19756,descendez de quarante-cinq puis allez de six à droite,6,-45
19757,descendez de quatorze puis allez de six à droite,6,-14
19758,descendez de trente et un puis allez de cent à droite,100,-31
19759,descendez de quatre-vingt-quinze puis allez de trente-cinq à droite,35,-95
19760,descendez de quarante-neuf puis allez de vingt-sept à droite,27,-49
19761,descendez de vingt-sept puis allez de soixante-cinq à droite,65,-27
19762,descendez de dix-neuf puis allez de seize à droite,16,-19
19763,descendez de douze puis allez de cinquante et un à droite,51,-12
19764,descendez de trente-huit puis allez de trente-six à droite,36,-38
19765,descendez de quatre-vingt-un puis allez de quarante-trois à droite,43,-81
19766,descendez de soixante-cinq puis allez de deux à droite,2,-65
19767,descendez de vingt-neuf puis allez de quatre-vingt-quinze à droite,95,-29
19768,descendez de trente puis allez de quarante-six à droite,46,-30
19769,descendez de quarante-trois puis allez de quarante-huit à droite,48,-43
19770,descendez de huit puis allez de vingt-cinq à droite,25,-8
19771,descendez de cinquante-six puis allez de quatre-vingt-neuf à droite,89,-56
19772,descendez de quarante-cinq puis allez de quatre-vingt-deux à droite,82,-45
19773,descendez de quarante-neuf puis allez de soixante-quatorze à droite,74,-49
19774,descendez de quatorze puis allez de quatre-vingt-un à droite,81,-14
19775,descendez de cinquante-cinq puis allez de vingt-deux à droite,22,-55
19776,descendez de cinquante-huit puis allez de cinquante et un à droite,51,-58
19777,descendez de vingt-neuf puis allez de quatre-vingt-six à droite,86,-29
19778,descendez de quarante-trois puis allez de six à droite,6,-43
19779,descendez de trente et un puis allez de un à droite,1,-31
19780,descendez de vingt-trois puis allez de soixante et un à droite,61,-23
19781,descendez de trente-cinq puis allez de cinquante-quatre à droite,54,-35
19782,descendez de onze puis allez de quarante-six à droite,46,-11
19783,descendez de quatre-vingt-quatre puis allez de cinquante-cinq à droite,55,-84
19784,descendez de soixante-dix-sept puis allez de quatre-vingt-dix-sept à droite,97,-77
19785,descendez de quarante-trois puis allez de trente-deux à droite,32,-43
19786,descendez de quatre-vingt-onze puis allez de deux à droite,2,-91
19787,descendez de quatre-vingt-un puis allez de soixante-sept à droite,67,-81
19788,descendez de trois puis allez de dix-huit à droite,18,-3
19789,descendez de quatre-vingt-neuf puis allez de seize à droite,16,-89
19790,descendez de soixante-huit puis allez de trente-six à droite,36,-68
19791,descendez de quatre-vingt-dix-sept puis allez de soixante-neuf à droite,69,-97
19792,descendez de onze puis allez de quatre-vingt-dix à droite,90,-11
19793,descendez de quarante puis allez de trente-quatre à droite,34,-40
19794,descendez de soixante-neuf puis allez de trente-neuf à droite,39,-69
19795,descendez de cinquante-sept puis allez de cinquante et un à droite,51,-57
19796,descendez de quarante-deux puis allez de quatre-vingt-trois à droite,83,-42
19797,descendez de dix-sept puis allez de vingt-trois à droite,23,-17
19798,descendez de vingt puis allez de soixante et un à droite,61,-20
19799,descendez de dix-neuf puis allez de soixante-trois à droite,63,-19
19800,descendez de cinquante-huit puis allez de soixante-dix-huit à droite,78,-58
19801,descendez de soixante et onze puis allez de quatre-vingt-huit à droite,88,-71
19802,descendez de soixante et un puis allez de cinquante-sept à droite,57,-61
19803,descendez de trente-six puis allez de soixante-dix-huit à droite,78,-36
19804,descendez de soixante-quinze puis allez de vingt-neuf à droite,29,-75
19805,descendez de quatre-vingt-six puis allez de quatre-vingt-dix-sept à droite,97,-86
19806,descendez de treize puis allez de trente-six à droite,36,-13
19807,descendez de quatre-vingt-neuf puis allez de quatre-vingt-huit à droite,88,-89
19808,descendez de soixante-quatre puis allez de quatre-vingts à droite,80,-64
19809,descendez de dix-sept puis allez de sept à droite,7,-17
19810,descendez de quatre-vingt-quatre puis allez de quarante-cinq à droite,45,-84
19811,descendez de cinquante et un puis allez de quatre-vingt-cinq à droite,85,-51
19812,descendez de soixante-six puis allez de quarante-neuf à droite,49,-66
19813,descendez de soixante-treize puis allez de quarante-neuf à droite,49,-73
19814,descendez de vingt et un puis allez de quatre-vingt-quatorze à droite,94,-21
19815,descendez de cent puis allez de quatre-vingt-trois à droite,83,-100
19816,descendez de cinquante-trois puis allez de quarante à droite,40,-53
19817,descendez de soixante-sept puis allez de trente-deux à droite,32,-67
19818,descendez de cinquante et un puis allez de soixante-sept à droite,67,-51
19819,descendez de cinquante-sept puis allez de soixante-quatre à droite,64,-57
19820,descendez de soixante-neuf puis allez de quarante-trois à droite,43,-69
19821,descendez de dix-sept puis allez de quatre-vingt-huit à droite,88,-17
19822,descendez de sept puis allez de trente-trois à droite,33,-7
19823,descendez de trente-trois puis allez de soixante-huit à droite,68,-33
19824,descendez de quatre-vingt-onze puis allez de quatre-vingt-dix-neuf à droite,99,-91
19825,descendez de soixante-quatorze puis allez de cinquante-deux à droite,52,-74
19826,descendez de soixante-neuf puis allez de trois à droite,3,-69
19827,descendez de quatre-vingt-seize puis allez de quarante-quatre à droite,44,-96
19828,descendez de quatre-vingt-neuf puis allez de soixante-deux à droite,62,-89
19829,descendez de quatre-vingt-dix-neuf puis allez de soixante-dix-neuf à droite,79,-99
19830,descendez de quinze puis allez de quatre-vingt-neuf à droite,89,-15
19831,descendez de soixante-dix-neuf puis allez de cinquante-neuf à droite,59,-79
19832,descendez de quatre-vingt-dix-neuf puis allez de cinquante-trois à droite,53,-99
19833,descendez de onze puis allez de quatre-vingt-neuf à droite,89,-11
19834,descendez de quatre-vingt-six puis allez de soixante-quinze à droite,75,-86
19835,descendez de trente-sept puis allez de soixante-dix-huit à droite,78,-37
19836,descendez de quatre-vingt-sept puis allez de un à droite,1,-87
19837,descendez de quatre-vingt-huit puis allez de un à droite,1,-88
19838,descendez de six puis allez de vingt-trois à droite,23,-6
19839,descendez de dix-neuf puis allez de vingt-sept à droite,27,-19
19840,descendez de cinquante-six puis allez de soixante-neuf à droite,69,-56
19841,descendez de trente-quatre puis allez de soixante-huit à droite,68,-34
19842,descendez de trente et un puis allez de cinquante et un à droite,51,-31
19843,descendez de soixante-dix-neuf puis allez de soixante à droite,60,-79
19844,descendez de trente-six puis allez de quatre-vingt-dix-neuf à droite,99,-36
19845,descendez de vingt-sept puis allez de quarante-huit à droite,48,-27
19846,descendez de vingt puis allez de quinze à droite,15,-20
19847,descendez de quatre-vingt-dix-sept puis allez de trente-huit à droite,38,-97
19848,descendez de soixante-trois puis allez de vingt-neuf à droite,29,-63
19849,descendez de cinquante et un puis allez de trois à droite,3,-51
19850,descendez de quatre-vingt-trois puis allez de soixante à droite,60,-83
19851,descendez de cinq puis allez de cinquante et un à droite,51,-5
19852,descendez de soixante-sept puis allez de trente-six à droite,36,-67
19853,descendez de quarante puis allez de soixante-quatorze à droite,74,-40
19854,descendez de neuf puis allez de quatre-vingt-dix-sept à droite,97,-9
19855,descendez de cinquante-six puis allez de vingt-cinq à droite,25,-56
19856,descendez de cent puis allez de trente-quatre à droite,34,-100
19857,descendez de dix puis allez de trois à droite,3,-10
19858,descendez de quatre puis allez de soixante-cinq à droite,65,-4
19859,descendez de vingt-huit puis allez de dix-sept à droite,17,-28
19860,descendez de quatre-vingt-neuf puis allez de soixante-six à droite,66,-89
19861,descendez de quatorze puis allez de cinquante-deux à droite,52,-14
19862,descendez de neuf puis allez de soixante-treize à droite,73,-9
19863,descendez de trente-quatre puis allez de cinquante-neuf à droite,59,-34
19864,descendez de soixante-sept puis allez de soixante-sept à droite,67,-67
19865,descendez de vingt et un puis allez de quatre-vingt-un à droite,81,-21
19866,descendez de quarante-quatre puis allez de soixante-douze à droite,72,-44
19867,descendez de cinquante-huit puis allez de soixante-cinq à droite,65,-58
19868,descendez de quatre-vingt-un puis allez de cinquante-quatre à droite,54,-81
19869,descendez de quatre-vingt-neuf puis allez de dix-neuf à droite,19,-89
19870,descendez de quatre-vingt-douze puis allez de soixante-seize à droite,76,-92
19871,descendez de soixante-trois puis allez de quarante-trois à droite,43,-63
19872,descendez de deux puis allez de quatre-vingt-treize à droite,93,-2
19873,descendez de quarante-quatre puis allez de quatre à droite,4,-44
19874,descendez de soixante-dix puis allez de quatre-vingts à droite,80,-70
19875,descendez de cinquante-neuf puis allez de vingt-quatre à droite,24,-59
19876,descendez de un puis allez de dix-sept à droite,17,-1
19877,descendez de trente-six puis allez de cinquante-neuf à droite,59,-36
19878,descendez de quatre-vingt-treize puis allez de soixante-neuf à droite,69,-93
19879,descendez de trente et un puis allez de quatre-vingts à droite,80,-31
19880,descendez de quarante-trois puis allez de cinquante à droite,50,-43
19881,descendez de vingt-trois puis allez de trente à droite,30,-23
19882,descendez de quarante-deux puis allez de cent à droite,100,-42
19883,descendez de soixante-dix-sept puis allez de quatre-vingt-un à droite,81,-77
19884,descendez de quatre-vingt-deux puis allez de quinze à droite,15,-82
19885,descendez de soixante-sept puis allez de quatre-vingt-deux à droite,82,-67
19886,descendez de douze puis allez de quarante-trois à droite,43,-12
19887,descendez de soixante-dix-neuf puis allez de trois à droite,3,-79
19888,descendez de cinquante-huit puis allez de trente-quatre à droite,34,-58
19889,descendez de un puis allez de quatorze à droite,14,-1
19890,descendez de vingt-sept puis allez de soixante-deux à droite,62,-27
19891,descendez de quatre-vingt-trois puis allez de quatre-vingt-cinq à droite,85,-83
19892,descendez de seize puis allez de soixante-seize à droite,76,-16
19893,descendez de vingt-sept puis allez de vingt et un à droite,21,-27
19894,descendez de cinquante-sept puis allez de trente-six à droite,36,-57
19895,descendez de quarante-deux puis allez de six à droite,6,-42
19896,descendez de quatre-vingt-un puis allez de dix-huit à droite,18,-81
19897,descendez de cinq puis allez de quatre-vingt-trois à droite,83,-5
19898,descendez de quarante-trois puis allez de quarante-quatre à droite,44,-43
19899,descendez de dix-neuf puis allez de dix-sept à droite,17,-19
19900,descendez de quatre-vingt-deux puis allez de vingt-quatre à droite,24,-82
19901,descendez de vingt-trois puis allez de cinquante-cinq à droite,55,-23
19902,descendez de quarante-six puis allez de vingt-six à droite,26,-46
19903,descendez de trente et un puis allez de quarante-quatre à droite,44,-31
19904,descendez de quatre-vingt-quatorze puis allez de quatre-vingt-douze à droite,92,-94
19905,descendez de quatre-vingt-onze puis allez de soixante-six à droite,66,-91
19906,descendez de six puis allez de dix à droite,10,-6
19907,descendez de cinquante-cinq puis allez de soixante-seize à droite,76,-55
19908,descendez de soixante-dix-huit puis allez de soixante-huit à droite,68,-78
19909,descendez de cinquante-neuf puis allez de treize à droite,13,-59
19910,descendez de dix-huit puis allez de quarante-six à droite,46,-18
19911,descendez de quatre-vingt-quatorze puis allez de quarante-neuf à droite,49,-94
19912,descendez de huit puis allez de cinquante et un à droite,51,-8
19913,descendez de dix puis allez de sept à droite,7,-10
19914,descendez de dix-neuf puis allez de soixante-cinq à droite,65,-19
19915,descendez de soixante puis allez de vingt-sept à droite,27,-60
19916,descendez de quatre-vingt-dix-sept puis allez de soixante-dix à droite,70,-97
19917,descendez de onze puis allez de quatre-vingt-sept à droite,87,-11
19918,descendez de soixante puis allez de six à droite,6,-60
19919,descendez de dix-neuf puis allez de dix-sept à droite,17,-19
19920,descendez de cinquante et un puis allez de quinze à droite,15,-51
19921,descendez de vingt et un puis allez de quatre-vingt-six à droite,86,-21
19922,descendez de quarante-trois puis allez de trente-neuf à droite,39,-43
19923,descendez de cinquante puis allez de soixante-deux à droite,62,-50
19924,descendez de vingt-trois puis allez de cinquante et un à droite,51,-23
19925,descendez de huit puis allez de soixante à droite,60,-8
19926,descendez de trente et un puis allez de trente-deux à droite,32,-31
19927,descendez de un puis allez de quatre-vingt-un à droite,81,-1
19928,descendez de sept puis allez de quarante-deux à droite,42,-7
19929,descendez de sept puis allez de quarante à droite,40,-7
19930,descendez de quatre-vingt-deux puis allez de quinze à droite,15,-82
19931,descendez de cinquante-cinq puis allez de soixante-dix à droite,70,-55
19932,descendez de soixante-treize puis allez de dix-huit à droite,18,-73
19933,descendez de soixante-dix-sept puis allez de quatorze à droite,14,-77
19934,descendez de cinquante-trois puis allez de vingt à droite,20,-53
19935,descendez de quarante-quatre puis allez de quarante-huit à droite,48,-44
19936,descendez de dix-neuf puis allez de quatre-vingt-cinq à droite,85,-19
19937,descendez de soixante-seize puis allez de vingt-deux à droite,22,-76
19938,descendez de soixante puis allez de quarante-cinq à droite,45,-60
19939,descendez de soixante-dix-sept puis allez de quatre-vingt-huit à droite,88,-77
19940,descendez de soixante-quatre puis allez de vingt-trois à droite,23,-64
19941,descendez de cinquante-deux puis allez de quatre-vingt-quatorze à droite,94,-52
19942,descendez de soixante-quinze puis allez de quatre-vingt-six à droite,86,-75
19943,descendez de vingt-quatre puis allez de trois à droite,3,-24
19944,descendez de soixante-quatre puis allez de quatre-vingt-dix à droite,90,-64
19945,descendez de soixante-dix-sept puis allez de quatre-vingt-huit à droite,88,-77
19946,descendez de neuf puis allez de trente-quatre à droite,34,-9
19947,descendez de seize puis allez de trente à droite,30,-16
19948,descendez de quarante-sept puis allez de soixante et onze à droite,71,-47
19949,descendez de cinquante puis allez de trente-deux à droite,32,-50
19950,descendez de onze puis allez de soixante-douze à droite,72,-11
19951,descendez de quatre-vingt-onze puis allez de quarante-huit à droite,48,-91
19952,descendez de quatre-vingt-cinq puis allez de quarante-trois à droite,43,-85
19953,descendez de vingt puis allez de soixante-quatorze à droite,74,-20
19954,descendez de trente-trois puis allez de soixante-quatorze à droite,74,-33
19955,descendez de vingt-deux puis allez de vingt-sept à droite,27,-22
19956,descendez de soixante-treize puis allez de douze à droite,12,-73
19957,descendez de neuf puis allez de quatre-vingt-six à droite,86,-9
19958,descendez de un puis allez de trente-quatre à droite,34,-1
19959,descendez de seize puis allez de onze à droite,11,-16
19960,descendez de quarante-sept puis allez de quatre-vingt-dix-neuf à droite,99,-47
19961,descendez de quatre-vingts puis allez de vingt-neuf à droite,29,-80
19962,descendez de huit puis allez de vingt-quatre à droite,24,-8
19963,descendez de quatre-vingt-dix-sept puis allez de douze à droite,12,-97
19964,descendez de quatre puis allez de six à droite,6,-4
19965,descendez de cinquante-sept puis allez de vingt-cinq à droite,25,-57
19966,descendez de vingt puis allez de soixante-six à droite,66,-20
19967,descendez de trente-neuf puis allez de neuf à droite,9,-39
19968,descendez de quatre puis allez de cinquante-sept à droite,57,-4
19969,descendez de quatre-vingt-dix puis allez de trois à droite,3,-90
19970,descendez de onze puis allez de trente-trois à droite,33,-11
19971,descendez de quarante-trois puis allez de cent à droite,100,-43
19972,descendez de trente-six puis allez de trente-quatre à droite,34,-36
19973,descendez de quatre-vingt-un puis allez de soixante-cinq à droite,65,-81
19974,descendez de six puis allez de soixante-quinze à droite,75,-6
19975,descendez de quatre-vingts puis allez de six à droite,6,-80
19976,descendez de trente-neuf puis allez de cinquante-quatre à droite,54,-39
19977,descendez de vingt et un puis allez de quatre-vingt-cinq à droite,85,-21
19978,descendez de trente-quatre puis allez de quatre-vingt-neuf à droite,89,-34
19979,descendez de soixante puis allez de quatre-vingt-quinze à droite,95,-60
19980,descendez de soixante et onze puis allez de quatre-vingts à droite,80,-71
19981,descendez de soixante-douze puis allez de quatre-vingt-quinze à droite,95,-72
19982,descendez de soixante-dix-huit puis allez de trente-sept à droite,37,-78
19983,descendez de cent puis allez de trente-neuf à droite,39,-100
19984,descendez de quarante-huit puis allez de trente à droite,30,-48
19985,descendez de quatre-vingts puis allez de quarante à droite,40,-80
19986,descendez de trente puis allez de dix-huit à droite,18,-30
19987,descendez de quarante-six puis allez de quatre-vingt-trois à droite,83,-46
19988,descendez de soixante-dix-neuf puis allez de cinquante-six à droite,56,-79
19989,descendez de dix-neuf puis allez de quarante-deux à droite,42,-19
19990,descendez de soixante et un puis allez de quarante-deux à droite,42,-61
19991,descendez de vingt puis allez de soixante-quinze à droite,75,-20
19992,descendez de six puis allez de quatre-vingt-six à droite,86,-6
19993,descendez de soixante et un puis allez de trente à droite,30,-61
19994,descendez de quarante-trois puis allez de quarante-huit à droite,48,-43
19995,descendez de quatre-vingt-quatre puis allez de soixante-quatorze à droite,74,-84
19996,descendez de quinze puis allez de douze à droite,12,-15
19997,descendez de quatre-vingt-six puis allez de neuf à droite,9,-86
19998,descendez de trente et un puis allez de quatre-vingt-quinze à droite,95,-31
19999,descendez de soixante-treize puis allez de quatre-vingts à droite,80,-73
20000,montez de trente-huit et puis allez de quatre-vingt-deux à gauche,-82,38
20001,montez de soixante-cinq et puis allez de vingt-quatre à gauche,-24,65
20002,montez de quarante-six et puis allez de soixante-neuf à gauche,-69,46
20003,montez de vingt et un et puis allez de soixante-dix-huit à gauche,-78,21
20004,montez de douze et puis allez de soixante et onze à gauche,-71,12
20005,montez de soixante-dix-huit et puis allez de quatre-vingt-deux à gauche,-82,78
20006,montez de dix-huit et puis allez de quatre-vingt-un à gauche,-81,18
20007,montez de quatre-vingt-dix-huit et puis allez de cinquante-deux à gauche,-52,98
20008,montez de quatre-vingt-dix-huit et puis allez de quatre-vingt-onze à gauche,-91,98
20009,montez de quarante-neuf et puis allez de neuf à gauche,-9,49
20010,montez de seize et puis allez de quatre-vingt-treize à gauche,-93,16
20011,montez de quarante-trois et puis allez de quarante-neuf à gauche,-49,43
20012,montez de trente-huit et puis allez de cinquante-cinq à gauche,-55,38
20013,montez de cinquante-six et puis allez de soixante-neuf à gauche,-69,56
20014,montez de neuf et puis allez de soixante-cinq à gauche,-65,9
20015,montez de soixante-quatorze et puis allez de quatre-vingt-quinze à gauche,-95,74
20016,montez de trente-deux et puis allez de quarante-cinq à gauche,-45,32
20017,montez de dix-neuf et puis allez de soixante-dix-sept à gauche,-77,19
20018,montez de trois et puis allez de vingt à gauche,-20,3
20019,montez de trois et puis allez de cinquante à gauche,-50,3
20020,montez de un et puis allez de quatre à gauche,-4,1
20021,montez de soixante-deux et puis allez de quatre-vingt-neuf à gauche,-89,62
20022,montez de quarante et puis allez de quarante et un à gauche,-41,40
20023,montez de seize et puis allez de quatre-vingt-seize à gauche,-96,16
20024,montez de sept et puis allez de dix à gauche,-10,7
20025,montez de cinquante-deux et puis allez de vingt-trois à gauche,-23,52
20026,montez de vingt-trois et puis allez de soixante-dix-sept à gauche,-77,23
20027,montez de dix-neuf et puis allez de quatre-vingt-dix-huit à gauche,-98,19
20028,montez de quatre-vingt-six et puis allez de quarante-cinq à gauche,-45,86
20029,montez de vingt-quatre et puis allez de soixante-trois à gauche,-63,24
20030,montez de cinquante-neuf et puis allez de soixante-huit à gauche,-68,59
20031,montez de quatre-vingt-dix et puis allez de vingt-deux à gauche,-22,90
20032,montez de trente-six et puis allez de cinquante-neuf à gauche,-59,36
20033,montez de quarante-deux et puis allez de trente-neuf à gauche,-39,42
20034,montez de quatre-vingt-douze et puis allez de quatre-vingt-quatre à gauche,-84,92
20035,montez de quarante-cinq et puis allez de quatre-vingt-sept à gauche,-87,45
20036,montez de soixante-treize et puis allez de dix à gauche,-10,73
20037,montez de soixante-treize et puis allez de quarante-huit à gauche,-48,73
20038,montez de quatre-vingt-dix-neuf et puis allez de deux à gauche,-2,99
20039,montez de trente-sept et puis allez de quatre-vingt-onze à gauche,-91,37
20040,montez de soixante-deux et puis allez de quatre-vingt-quatorze à gauche,-94,62
20041,montez de vingt-quatre et puis allez de soixante-quinze à gauche,-75,24
20042,montez de quatre-vingt-quinze et puis allez de cinquante-trois à gauche,-53,95
20043,montez de vingt-trois et puis allez de quarante-quatre à gauche,-44,23
20044,montez de soixante-huit et puis allez de soixante-sept à gauche,-67,68
20045,montez de quarante-quatre et puis allez de dix-huit à gauche,-18,44
20046,montez de quatre-vingt-cinq et puis allez de quatre à gauche,-4,85
20047,montez de trois et puis allez de douze à gauche,-12,3
20048,montez de soixante-trois et puis allez de quatre-vingt-deux à gauche,-82,63
20049,montez de cinquante-trois et puis allez de soixante-huit à gauche,-68,53
20050,montez de soixante et un et puis allez de quatre-vingt-dix-huit à gauche,-98,61
20051,montez de quatre-vingt-un et puis allez de quatre-vingt-sept à gauche,-87,81
20052,montez de soixante et onze et puis allez de soixante-dix-huit à gauche,-78,71
20053,montez de vingt-cinq et puis allez de soixante-dix-neuf à gauche,-79,25
20054,montez de quatre-vingt-trois et puis allez de soixante-dix-neuf à gauche,-79,83
20055,montez de quarante-sept et puis allez de trente-neuf à gauche,-39,47
20056,montez de trente et puis allez de quatre-vingt-trois à gauche,-83,30
20057,montez de deux et puis allez de vingt-huit à gauche,-28,2
20058,montez de cinquante et puis allez de soixante-trois à gauche,-63,50
20059,montez de trente-trois et puis allez de quatre à gauche,-4,33
20060,montez de cinquante-trois et puis allez de vingt-neuf à gauche,-29,53
20061,montez de vingt-sept et puis allez de quarante-huit à gauche,-48,27
20062,montez de treize et puis allez de soixante-seize à gauche,-76,13
20063,montez de quarante-huit et puis allez de quatre-vingt-un à gauche,-81,48
20064,montez de deux et puis allez de trente à gauche,-30,2
20065,montez de quatre-vingt-huit et puis allez de quarante-cinq à gauche,-45,88
20066,montez de quatre-vingt-six et puis allez de soixante-douze à gauche,-72,86
20067,montez de quatre-vingt-cinq et puis allez de cent à gauche,-100,85
20068,montez de huit et puis allez de quatre-vingt-seize à gauche,-96,8
20069,montez de quatre-vingt-neuf et puis allez de cinquante-cinq à gauche,-55,89
20070,montez de quatorze et puis allez de dix-sept à gauche,-17,14
20071,montez de quatre-vingt-treize et puis allez de soixante-treize à gauche,-73,93
20072,montez de quatre-vingt-cinq et puis allez de vingt-six à gauche,-26,85
20073,montez de quatre-vingt-quatorze et puis allez de soixante-quatre à gauche,-64,94
20074,montez de soixante-quatorze et puis allez de trente-trois à gauche,-33,74
20075,montez de un et puis allez de cinquante-trois à gauche,-53,1
20076,montez de cinquante-neuf et puis allez de quatre à gauche,-4,59
20077,montez de trente et puis allez de cinquante-neuf à gauche,-59,30
20078,montez de quatre-vingt-quinze et puis allez de trente-sept à gauche,-37,95
20079,montez de douze et puis allez de quatre-vingt-quatre à gauche,-84,12
20080,montez de soixante-treize et puis allez de cinquante-deux à gauche,-52,73
20081,montez de soixante-cinq et puis allez de quarante-six à gauche,-46,65
20082,montez de quatre-vingt-un et puis allez de quatre-vingt-onze à gauche,-91,81
20083,montez de vingt-trois et puis allez de quatre-vingt-six à gauche,-86,23
20084,montez de cinquante-deux et puis allez de deux à gauche,-2,52
20085,montez de soixante-quatorze et puis allez de vingt-quatre à gauche,-24,74
20086,montez de quatre-vingt-huit et puis allez de cinquante à gauche,-50,88
20087,montez de treize et puis allez de trois à gauche,-3,13
20088,montez de quatre-vingt-treize et puis allez de quatre-vingt-deux à gauche,-82,93
20089,montez de soixante-quatre et puis allez de vingt-cinq à gauche,-25,64
20090,montez de soixante et un et puis allez de douze à gauche,-12,61
20091,montez de soixante et un et puis allez de soixante-sept à gauche,-67,61
20092,montez de soixante-quatorze et puis allez de treize à gauche,-13,74
20093,montez de quatre-vingt-onze et puis allez de cinquante-trois à gauche,-53,91
20094,montez de soixante-dix-neuf et puis allez de soixante-quatre à gauche,-64,79
20095,montez de douze et puis allez de quatre-vingt-dix-neuf à gauche,-99,12
20096,montez de quatre-vingt-trois et puis allez de soixante-cinq à gauche,-65,83
20097,montez de soixante-quatre et puis allez de quarante à gauche,-40,64
20098,montez de six et puis allez de quatre-vingt-huit à gauche,-88,6
20099,montez de seize et puis allez de trois à gauche,-3,16
20100,montez de soixante-dix-huit et puis allez de cinquante-six à gauche,-56,78
20101,montez de quatre-vingt-huit et puis allez de trente-neuf à gauche,-39,88
20102,montez de cinq et puis allez de seize à gauche,-16,5
20103,montez de dix-neuf et puis allez de seize à gauche,-16,19
20104,montez de soixante-trois et puis allez de quarante-neuf à gauche,-49,63
20105,montez de quarante et un et puis allez de quatre-vingt-un à gauche,-81,41
20106,montez de soixante-huit et puis allez de seize à gauche,-16,68
20107,montez de huit et puis allez de quarante-trois à gauche,-43,8
20108,montez de dix-sept et puis allez de soixante-dix à gauche,-70,17
20109,montez de cinquante-deux et puis allez de vingt-deux à gauche,-22,52
20110,montez de vingt-six et puis allez de soixante-douze à gauche,-72,26
20111,montez de cinquante et puis allez de soixante-quatre à gauche,-64,50
20112,montez de vingt-quatre et puis allez de cinquante et un à gauche,-51,24
20113,montez de quarante-sept et puis allez de quarante-cinq à gauche,-45,47
20114,montez de quatre-vingt-six et puis allez de soixante-treize à gauche,-73,86
20115,montez de quarante-trois et puis allez de soixante-treize à gauche,-73,43
20116,montez de sept et puis allez de cinquante et un à gauche,-51,7
20117,montez de huit et puis allez de soixante et un à gauche,-61,8
20118,montez de trente-cinq et puis allez de trente-huit à gauche,-38,35
20119,montez de soixante-quatre et puis allez de cinquante-deux à gauche,-52,64
20120,montez de soixante-dix-huit et puis allez de neuf à gauche,-9,78
20121,montez de trente-deux et puis allez de treize à gauche,-13,32
20122,montez de quatre-vingt-huit et puis allez de vingt-sept à gauche,-27,88
20123,montez de douze et puis allez de dix à gauche,-10,12
20124,montez de trente-trois et puis allez de soixante-dix-neuf à gauche,-79,33
20125,montez de treize et puis allez de quatre-vingt-neuf à gauche,-89,13
20126,montez de quarante-huit et puis allez de soixante-dix-huit à gauche,-78,48
20127,montez de cinquante-quatre et puis allez de quatre-vingt-quatorze à gauche,-94,54
20128,montez de soixante-dix-neuf et puis allez de quatre-vingt-huit à gauche,-88,79
20129,montez de quatre-vingt-onze et puis allez de trente-quatre à gauche,-34,91
20130,montez de trente-neuf et puis allez de soixante et un à gauche,-61,39
20131,montez de trente-quatre et puis allez de trente à gauche,-30,34
20132,montez de douze et puis allez de vingt-neuf à gauche,-29,12
20133,montez de quatre-vingt-quatorze et puis allez de vingt-six à gauche,-26,94
20134,montez de quarante et un et puis allez de quatre-vingt-trois à gauche,-83,41
20135,montez de quarante-trois et puis allez de treize à gauche,-13,43
20136,montez de vingt-cinq et puis allez de quarante-sept à gauche,-47,25
20137,montez de vingt-deux et puis allez de quatre-vingt-dix-neuf à gauche,-99,22
20138,montez de cinq et puis allez de soixante-sept à gauche,-67,5
20139,montez de quatre-vingt-neuf et puis allez de quatre-vingt-dix à gauche,-90,89
20140,montez de neuf et puis allez de dix-huit à gauche,-18,9
20141,montez de quatre-vingt-seize et puis allez de dix à gauche,-10,96
20142,montez de cinquante-cinq et puis allez de dix-huit à gauche,-18,55
20143,montez de quatre-vingt-seize et puis allez de quatre à gauche,-4,96
20144,montez de quarante-cinq et puis allez de quarante-deux à gauche,-42,45
20145,montez de dix-huit et puis allez de cinq à gauche,-5,18
20146,montez de quatre-vingt-seize et puis allez de quatre-vingt-douze à gauche,-92,96
20147,montez de trente et un et puis allez de quarante-six à gauche,-46,31
20148,montez de dix-sept et puis allez de douze à gauche,-12,17
20149,montez de cinquante-quatre et puis allez de cinquante-deux à gauche,-52,54
20150,montez de soixante-douze et puis allez de soixante-cinq à gauche,-65,72
20151,montez de cinquante et puis allez de quatre-vingt-onze à gauche,-91,50
20152,montez de trente-huit et puis allez de quatre-vingt-quinze à gauche,-95,38
20153,montez de cinquante et puis allez de cinq à gauche,-5,50
20154,montez de vingt-trois et puis allez de trente-quatre à gauche,-34,23
20155,montez de vingt-cinq et puis allez de vingt-quatre à gauche,-24,25
20156,montez de soixante et puis allez de deux à gauche,-2,60
20157,montez de cinquante-quatre et puis allez de quarante-cinq à gauche,-45,54
20158,montez de soixante et onze et puis allez de quatorze à gauche,-14,71
20159,montez de cent et puis allez de quarante et un à gauche,-41,100
20160,montez de soixante-dix et puis allez de huit à gauche,-8,70
20161,montez de vingt-deux et puis allez de quarante à gauche,-40,22
20162,montez de cinquante-huit et puis allez de trente-quatre à gauche,-34,58
20163,montez de quatre-vingt-neuf et puis allez de dix-huit à gauche,-18,89
20164,montez de quarante-sept et puis allez de deux à gauche,-2,47
20165,montez de soixante-quatre et puis allez de trente et un à gauche,-31,64
20166,montez de soixante-deux et puis allez de soixante-deux à gauche,-62,62
20167,montez de treize et puis allez de soixante-quatorze à gauche,-74,13
20168,montez de vingt-six et puis allez de soixante et onze à gauche,-71,26
20169,montez de trente-deux et puis allez de dix-huit à gauche,-18,32
20170,montez de cinquante-six et puis allez de soixante-neuf à gauche,-69,56
20171,montez de vingt et un et puis allez de cinquante-sept à gauche,-57,21
20172,montez de dix et puis allez de quatre-vingt-dix-huit à gauche,-98,10
20173,montez de neuf et puis allez de trente-neuf à gauche,-39,9
20174,montez de trente-six et puis allez de vingt-neuf à gauche,-29,36
20175,montez de un et puis allez de cinq à gauche,-5,1
20176,montez de quatre-vingt-douze et puis allez de quarante-sept à gauche,-47,92
20177,montez de soixante-dix-huit et puis allez de quinze à gauche,-15,78
20178,montez de douze et puis allez de cinquante et un à gauche,-51,12
20179,montez de quarante-trois et puis allez de quatre-vingt-deux à gauche,-82,43
20180,montez de dix-sept et puis allez de quatre-vingt-cinq à gauche,-85,17
20181,montez de vingt-neuf et puis allez de quarante-cinq à gauche,-45,29
20182,montez de quarante-cinq et puis allez de quarante-deux à gauche,-42,45
20183,montez de trente-neuf et puis allez de soixante-neuf à gauche,-69,39
20184,montez de soixante et puis allez de cinquante-huit à gauche,-58,60
20185,montez de soixante-dix et puis allez de soixante-six à gauche,-66,70
20186,montez de dix-sept et puis allez de trente-neuf à gauche,-39,17
20187,montez de soixante-treize et puis allez de quarante-neuf à gauche,-49,73
20188,montez de trente-quatre et puis allez de soixante-douze à gauche,-72,34
20189,montez de dix et puis allez de quatre-vingt-dix-neuf à gauche,-99,10
20190,montez de quatre-vingt-dix-sept et puis allez de quatre-vingt-sept à gauche,-87,97
20191,montez de quatre-vingt-neuf et puis allez de cinquante-sept à gauche,-57,89
20192,montez de soixante-dix-neuf et puis allez de cinquante-neuf à gauche,-59,79
20193,montez de soixante-sept et puis allez de quatorze à gauche,-14,67
20194,montez de dix-sept et puis allez de quatorze à gauche,-14,17
20195,montez de quatre-vingt-neuf et puis allez de quarante-trois à gauche,-43,89
20196,montez de quatre-vingt-dix et puis allez de cinquante-neuf à gauche,-59,90
20197,montez de quatre-vingt-quatorze et puis allez de quatre-vingt-treize à gauche,-93,94
20198,montez de soixante-treize et puis allez de vingt-quatre à gauche,-24,73
20199,montez de quatre-vingt-treize et puis allez de vingt-six à gauche,-26,93
20200,montez de soixante et puis allez de quatre-vingt-cinq à gauche,-85,60
20201,montez de quatre-vingt-six et puis allez de trente à gauche,-30,86
20202,montez de soixante-neuf et puis allez de vingt-deux à gauche,-22,69
20203,montez de sept et puis allez de vingt-sept à gauche,-27,7
20204,montez de cinq et puis allez de quatre-vingt-onze à gauche,-91,5
20205,montez de cinquante-sept et puis allez de quatre-vingts à gauche,-80,57
20206,montez de soixante-cinq et puis allez de quatre-vingt-dix à gauche,-90,65
20207,montez de douze et puis allez de soixante-quinze à gauche,-75,12
20208,montez de quarante et un et puis allez de cinquante-cinq à gauche,-55,41
20209,montez de huit et puis allez de quatre-vingt-onze à gauche,-91,8
20210,montez de quatre-vingt-huit et puis allez de cinquante-huit à gauche,-58,88
20211,montez de vingt et un et puis allez de quatre à gauche,-4,21
20212,montez de soixante-dix et puis allez de soixante-huit à gauche,-68,70
20213,montez de quarante-huit et puis allez de quarante et un à gauche,-41,48
20214,montez de soixante-neuf et puis allez de quatre-vingt-quatre à gauche,-84,69
20215,montez de vingt et un et puis allez de quatre-vingt-sept à gauche,-87,21
20216,montez de un et puis allez de quarante à gauche,-40,1
20217,montez de trente et un et puis allez de quarante à gauche,-40,31
20218,montez de vingt-neuf et puis allez de soixante-seize à gauche,-76,29
20219,montez de quatre-vingt-seize et puis allez de quatre-vingt-cinq à gauche,-85,96
20220,montez de cinquante-huit et puis allez de trente-neuf à gauche,-39,58
20221,montez de soixante-quinze et puis allez de quatre-vingt-trois à gauche,-83,75
20222,montez de soixante-sept et puis allez de quarante-huit à gauche,-48,67
20223,montez de vingt-six et puis allez de dix à gauche,-10,26
20224,montez de vingt-neuf et puis allez de cinq à gauche,-5,29
20225,montez de vingt-trois et puis allez de quatre-vingt-treize à gauche,-93,23
20226,montez de cinquante et un et puis allez de quatre-vingt-treize à gauche,-93,51
20227,montez de trente et puis allez de sept à gauche,-7,30
20228,montez de seize et puis allez de quatorze à gauche,-14,16
20229,montez de quarante et un et puis allez de trente-deux à gauche,-32,41
20230,montez de trente-sept et puis allez de cinquante-deux à gauche,-52,37
20231,montez de soixante-sept et puis allez de soixante-neuf à gauche,-69,67
20232,montez de quatre-vingt-dix-sept et puis allez de soixante et un à gauche,-61,97
20233,montez de quatre-vingt-quinze et puis allez de quatre-vingt-dix-huit à gauche,-98,95
20234,montez de vingt-huit et puis allez de quatre-vingt-sept à gauche,-87,28
20235,montez de quatre-vingt-quatre et puis allez de soixante-dix-neuf à gauche,-79,84
20236,montez de dix-sept et puis allez de quatre-vingt-treize à gauche,-93,17
20237,montez de soixante-quinze et puis allez de cinq à gauche,-5,75
20238,montez de vingt-quatre et puis allez de trois à gauche,-3,24
20239,montez de quarante et un et puis allez de vingt-cinq à gauche,-25,41
20240,montez de quinze et puis allez de trente-cinq à gauche,-35,15
20241,montez de quarante-trois et puis allez de cinquante à gauche,-50,43
20242,montez de soixante et puis allez de quinze à gauche,-15,60
20243,montez de soixante-treize et puis allez de soixante-dix-huit à gauche,-78,73
20244,montez de quatre-vingt-quatorze et puis allez de soixante-quatorze à gauche,-74,94
20245,montez de soixante et puis allez de soixante-cinq à gauche,-65,60
20246,montez de cinquante et un et puis allez de quatre-vingt-dix à gauche,-90,51
20247,montez de quatre-vingt-treize et puis allez de quatre-vingt-dix-huit à gauche,-98,93
20248,montez de trente-six et puis allez de cinq à gauche,-5,36
20249,montez de treize et puis allez de trente à gauche,-30,13
20250,montez de deux et puis allez de quarante-quatre à gauche,-44,2
20251,montez de quarante et puis allez de vingt à gauche,-20,40
20252,montez de quatre-vingt-onze et puis allez de soixante-deux à gauche,-62,91
20253,montez de cinquante-huit et puis allez de cinquante-trois à gauche,-53,58
20254,montez de trente-sept et puis allez de quarante-huit à gauche,-48,37
20255,montez de soixante-quinze et puis allez de trente à gauche,-30,75
20256,montez de vingt et un et puis allez de trente-quatre à gauche,-34,21
20257,montez de quatre-vingt-dix-sept et puis allez de quatre-vingt-treize à gauche,-93,97
20258,montez de sept et puis allez de vingt-six à gauche,-26,7
20259,montez de quatre-vingt-quinze et puis allez de quatre-vingt-quatorze à gauche,-94,95
20260,montez de treize et puis allez de quatre-vingt-seize à gauche,-96,13
20261,montez de un et puis allez de quatre-vingt-seize à gauche,-96,1
20262,montez de quatre-vingt-seize et puis allez de vingt-neuf à gauche,-29,96
20263,montez de soixante-quatre et puis allez de soixante-trois à gauche,-63,64
20264,montez de soixante-six et puis allez de cinquante-neuf à gauche,-59,66
20265,montez de quatorze et puis allez de soixante-deux à gauche,-62,14
20266,montez de soixante et un et puis allez de dix-neuf à gauche,-19,61
20267,montez de trois et puis allez de quarante à gauche,-40,3
20268,montez de quarante-trois et puis allez de quatre-vingt-dix-huit à gauche,-98,43
20269,montez de quatre-vingt-dix-huit et puis allez de quatre-vingt-huit à gauche,-88,98
20270,montez de sept et puis allez de cent à gauche,-100,7
20271,montez de quatre-vingt-dix-sept et puis allez de trente-trois à gauche,-33,97
20272,montez de soixante-six et puis allez de trente à gauche,-30,66
20273,montez de quatre-vingt-dix-neuf et puis allez de soixante-trois à gauche,-63,99
20274,montez de soixante-quinze et puis allez de quatre-vingt-dix-huit à gauche,-98,75
20275,montez de soixante-treize et puis allez de quatre-vingt-seize à gauche,-96,73
20276,montez de quatre-vingt-onze et puis allez de soixante à gauche,-60,91
20277,montez de seize et puis allez de quatre-vingt-seize à gauche,-96,16
20278,montez de cinquante et un et puis allez de vingt-sept à gauche,-27,51
20279,montez de treize et puis allez de dix-sept à gauche,-17,13
20280,montez de sept et puis allez de quarante-huit à gauche,-48,7
20281,montez de soixante-treize et puis allez de soixante-six à gauche,-66,73
20282,montez de quatre-vingt-quatre et puis allez de quatre-vingt-seize à gauche,-96,84
20283,montez de sept et puis allez de quatre-vingt-six à gauche,-86,7
20284,montez de soixante-seize et puis allez de soixante-sept à gauche,-67,76
20285,montez de quatre-vingt-dix-sept et puis allez de quatre-vingt-trois à gauche,-83,97
20286,montez de soixante-treize et puis allez de vingt-trois à gauche,-23,73
20287,montez de quarante-cinq et puis allez de douze à gauche,-12,45
20288,montez de huit et puis allez de trente et un à gauche,-31,8
20289,montez de cent et puis allez de treize à gauche,-13,100
20290,montez de quatre-vingt-treize et puis allez de cent à gauche,-100,93
20291,montez de quarante-sept et puis allez de quarante-quatre à gauche,-44,47
20292,montez de quatre-vingt-dix et puis allez de quarante-deux à gauche,-42,90
20293,montez de soixante-seize et puis allez de cinquante-huit à gauche,-58,76
20294,montez de quarante-sept et puis allez de trente-cinq à gauche,-35,47
20295,montez de trente-trois et puis allez de quarante et un à gauche,-41,33
20296,montez de soixante-sept et puis allez de quatre-vingt-deux à gauche,-82,67
20297,montez de soixante-dix-sept et puis allez de cinquante et un à gauche,-51,77
20298,montez de trente et puis allez de vingt-neuf à gauche,-29,30
20299,montez de cent et puis allez de quatre à gauche,-4,100
20300,montez de treize et puis allez de soixante-huit à gauche,-68,13
20301,montez de soixante-trois et puis allez de quatre-vingt-quatre à gauche,-84,63
20302,montez de quarante-quatre et puis allez de vingt-neuf à gauche,-29,44
20303,montez de vingt-deux et puis allez de quarante et un à gauche,-41,22
20304,montez de quatre-vingt-six et puis allez de soixante-huit à gauche,-68,86
20305,montez de soixante-douze et puis allez de vingt-six à gauche,-26,72
20306,montez de quarante-neuf et puis allez de soixante-dix-sept à gauche,-77,49
20307,montez de quatre-vingt-cinq et puis allez de cinquante-huit à gauche,-58,85
20308,montez de trente et un et puis allez de trente-neuf à gauche,-39,31
20309,montez de soixante-dix-huit et puis allez de trente-sept à gauche,-37,78
20310,montez de quarante-neuf et puis allez de soixante-huit à gauche,-68,49
20311,montez de quatre-vingt-onze et puis allez de quarante-deux à gauche,-42,91
20312,montez de quarante-sept et puis allez de onze à gauche,-11,47
20313,montez de vingt-huit et puis allez de dix-sept à gauche,-17,28
20314,montez de cinquante-cinq et puis allez de quarante-sept à gauche,-47,55
20315,montez de cinquante et puis allez de quarante à gauche,-40,50
20316,montez de soixante-dix-neuf et puis allez de un à gauche,-1,79
20317,montez de soixante-deux et puis allez de vingt-sept à gauche,-27,62
20318,montez de quarante et un et puis allez de dix-neuf à gauche,-19,41
20319,montez de vingt-sept et puis allez de trente-neuf à gauche,-39,27
20320,montez de quatre-vingt-dix-sept et puis allez de soixante et onze à gauche,-71,97
20321,montez de quatre-vingt-quinze et puis allez de quatre-vingt-cinq à gauche,-85,95
20322,montez de quarante-huit et puis allez de soixante-deux à gauche,-62,48
20323,montez de quatre-vingt-dix-sept et puis allez de trois à gauche,-3,97
20324,montez de cinquante-sept et puis allez de neuf à gauche,-9,57
20325,montez de seize et puis allez de soixante-dix-neuf à gauche,-79,16
20326,montez de quatre-vingt-sept et puis allez de soixante-dix-sept à gauche,-77,87
20327,montez de soixante-sept et puis allez de seize à gauche,-16,67
20328,montez de un et puis allez de quatre-vingt-cinq à gauche,-85,1
20329,montez de quatre-vingt-deux et puis allez de vingt-quatre à gauche,-24,82
20330,montez de un et puis allez de soixante à gauche,-60,1
20331,montez de quatre-vingt-quinze et puis allez de trente-trois à gauche,-33,95
20332,montez de vingt et un et puis allez de quatorze à gauche,-14,21
20333,montez de quatre-vingt-neuf et puis allez de trente-deux à gauche,-32,89
20334,montez de quatre-vingt-six et puis allez de soixante-trois à gauche,-63,86
20335,montez de soixante-trois et puis allez de sept à gauche,-7,63
20336,montez de douze et puis allez de quarante à gauche,-40,12
20337,montez de cinquante et puis allez de trente-six à gauche,-36,50
20338,montez de vingt-huit et puis allez de cinquante-deux à gauche,-52,28
20339,montez de soixante-quatre et puis allez de neuf à gauche,-9,64
20340,montez de vingt-six et puis allez de soixante-seize à gauche,-76,26
20341,montez de cinq et puis allez de quatre-vingt-dix-huit à gauche,-98,5
20342,montez de cinq et puis allez de quatre-vingt-quatre à gauche,-84,5
20343,montez de vingt-huit et puis allez de cinquante-huit à gauche,-58,28
20344,montez de sept et puis allez de quarante et un à gauche,-41,7
20345,montez de cinquante-trois et puis allez de quarante à gauche,-40,53
20346,montez de treize et puis allez de quatre-vingt-treize à gauche,-93,13
20347,montez de soixante-dix-huit et puis allez de quarante-neuf à gauche,-49,78
20348,montez de cinquante-cinq et puis allez de soixante-dix-huit à gauche,-78,55
20349,montez de quatre-vingt-deux et puis allez de soixante-treize à gauche,-73,82
20350,montez de soixante-quatorze et puis allez de soixante-dix-neuf à gauche,-79,74
20351,montez de quatre-vingt-un et puis allez de vingt à gauche,-20,81
20352,montez de cent et puis allez de quatre-vingt-sept à gauche,-87,100
20353,montez de quatre-vingt-douze et puis allez de vingt-cinq à gauche,-25,92
20354,montez de quatre-vingt-un et puis allez de soixante-dix-neuf à gauche,-79,81
20355,montez de trente et un et puis allez de quatre à gauche,-4,31
20356,montez de cinquante-quatre et puis allez de soixante-dix-sept à gauche,-77,54
20357,montez de quatre-vingt-cinq et puis allez de six à gauche,-6,85
20358,montez de quarante-deux et puis allez de trois à gauche,-3,42
20359,montez de soixante-sept et puis allez de quarante-sept à gauche,-47,67
20360,montez de soixante-trois et puis allez de quatre-vingt-seize à gauche,-96,63
20361,montez de quarante-neuf et puis allez de soixante-dix-huit à gauche,-78,49
20362,montez de quatre-vingt-douze et puis allez de vingt-deux à gauche,-22,92
20363,montez de vingt-huit et puis allez de quatre-vingt-quinze à gauche,-95,28
20364,montez de vingt-quatre et puis allez de vingt-deux à gauche,-22,24
20365,montez de quatre-vingt-six et puis allez de soixante-six à gauche,-66,86
20366,montez de soixante-dix-huit et puis allez de soixante-dix à gauche,-70,78
20367,montez de huit et puis allez de cinquante-sept à gauche,-57,8
20368,montez de vingt-neuf et puis allez de sept à gauche,-7,29
20369,montez de soixante-dix et puis allez de soixante-huit à gauche,-68,70
20370,montez de quatre et puis allez de quarante-six à gauche,-46,4
20371,montez de trente-trois et puis allez de quatorze à gauche,-14,33
20372,montez de quarante-trois et puis allez de cent à gauche,-100,43
20373,montez de quarante-trois et puis allez de vingt et un à gauche,-21,43
20374,montez de quatorze et puis allez de quarante-deux à gauche,-42,14
20375,montez de soixante-dix-huit et puis allez de cinquante-quatre à gauche,-54,78
20376,montez de quatre-vingt-neuf et puis allez de cinquante-neuf à gauche,-59,89
20377,montez de vingt-trois et puis allez de huit à gauche,-8,23
20378,montez de trente-deux et puis allez de quarante et un à gauche,-41,32
20379,montez de quatre-vingt-treize et puis allez de quatre-vingt-un à gauche,-81,93
20380,montez de quatre-vingt-dix-sept et puis allez de quarante à gauche,-40,97
20381,montez de vingt et puis allez de soixante à gauche,-60,20
20382,montez de quarante-deux et puis allez de trente-deux à gauche,-32,42
20383,montez de trente-quatre et puis allez de quarante-deux à gauche,-42,34
20384,montez de cinquante-six et puis allez de vingt-trois à gauche,-23,56
20385,montez de dix-huit et puis allez de quinze à gauche,-15,18
20386,montez de trente-neuf et puis allez de quarante-cinq à gauche,-45,39
20387,montez de vingt-sept et puis allez de soixante-quinze à gauche,-75,27
20388,montez de soixante-huit et puis allez de soixante-treize à gauche,-73,68
20389,montez de cinquante-sept et puis allez de vingt-sept à gauche,-27,57
20390,montez de douze et puis allez de soixante-quatorze à gauche,-74,12
20391,montez de neuf et puis allez de quatre-vingt-dix-sept à gauche,-97,9
20392,montez de dix-huit et puis allez de quatre-vingt-dix-sept à gauche,-97,18
20393,montez de soixante-quatorze et puis allez de soixante-six à gauche,-66,74
20394,montez de soixante-dix-huit et puis allez de soixante-six à gauche,-66,78
20395,montez de quatre-vingt-douze et puis allez de quatre-vingts à gauche,-80,92
20396,montez de soixante-dix-neuf et puis allez de quatre-vingt-quatorze à gauche,-94,79
20397,montez de vingt-neuf et puis allez de trente-huit à gauche,-38,29
20398,montez de trente-sept et puis allez de cinquante-neuf à gauche,-59,37
20399,montez de vingt et puis allez de quarante-huit à gauche,-48,20
20400,montez de trente-quatre et puis allez de soixante-sept à gauche,-67,34
20401,montez de trente-huit et puis allez de trente-huit à gauche,-38,38
20402,montez de quatre-vingt-quatorze et puis allez de quatre-vingt-huit à gauche,-88,94
20403,montez de quatre-vingt-dix-neuf et puis allez de quatre-vingt-treize à gauche,-93,99
20404,montez de soixante-cinq et puis allez de trente-neuf à gauche,-39,65
20405,montez de quarante et un et puis allez de soixante-douze à gauche,-72,41
20406,montez de quatre-vingt-quinze et puis allez de soixante-six à gauche,-66,95
20407,montez de quatre-vingt-neuf et puis allez de soixante-quatre à gauche,-64,89
20408,montez de quinze et puis allez de soixante-six à gauche,-66,15
20409,montez de trente-sept et puis allez de quatre-vingt-six à gauche,-86,37
20410,montez de soixante-neuf et puis allez de quarante-sept à gauche,-47,69
20411,montez de vingt-trois et puis allez de cinquante-cinq à gauche,-55,23
20412,montez de soixante-trois et puis allez de vingt-quatre à gauche,-24,63
20413,montez de soixante-treize et puis allez de soixante-douze à gauche,-72,73
20414,montez de quarante-cinq et puis allez de quarante-sept à gauche,-47,45
20415,montez de cinquante-cinq et puis allez de soixante-quinze à gauche,-75,55
20416,montez de douze et puis allez de soixante à gauche,-60,12
20417,montez de quatre-vingt-douze et puis allez de soixante-douze à gauche,-72,92
20418,montez de quatre-vingt-seize et puis allez de six à gauche,-6,96
20419,montez de vingt et un et puis allez de soixante-neuf à gauche,-69,21
20420,montez de quarante-cinq et puis allez de quatre-vingt-dix-neuf à gauche,-99,45
20421,montez de vingt-cinq et puis allez de dix à gauche,-10,25
20422,montez de trente-trois et puis allez de soixante-huit à gauche,-68,33
20423,montez de soixante et puis allez de quatre-vingt-quinze à gauche,-95,60
20424,montez de soixante-trois et puis allez de cinquante à gauche,-50,63
20425,montez de soixante-treize et puis allez de quatre-vingt-treize à gauche,-93,73
20426,montez de quatre-vingt-trois et puis allez de quarante à gauche,-40,83
20427,montez de quatre-vingt-onze et puis allez de quatre-vingt-quinze à gauche,-95,91
20428,montez de quatre-vingt-huit et puis allez de quatre-vingt-dix-huit à gauche,-98,88
20429,montez de deux et puis allez de neuf à gauche,-9,2
20430,montez de soixante-dix-huit et puis allez de trente et un à gauche,-31,78
20431,montez de cinquante-trois et puis allez de quatre-vingt-onze à gauche,-91,53
20432,montez de vingt et puis allez de cinquante-six à gauche,-56,20
20433,montez de soixante-huit et puis allez de cinquante et un à gauche,-51,68
20434,montez de vingt-trois et puis allez de quatre-vingt-dix à gauche,-90,23
20435,montez de quatre-vingts et puis allez de quarante-quatre à gauche,-44,80
20436,montez de cinquante-neuf et puis allez de soixante-douze à gauche,-72,59
20437,montez de onze et puis allez de quarante-neuf à gauche,-49,11
20438,montez de quarante et puis allez de dix-huit à gauche,-18,40
20439,montez de trente-deux et puis allez de quatre-vingt-deux à gauche,-82,32
20440,montez de quatre-vingt-dix-neuf et puis allez de quatre-vingt-un à gauche,-81,99
20441,montez de seize et puis allez de quatre-vingt-dix-huit à gauche,-98,16
20442,montez de onze et puis allez de huit à gauche,-8,11
20443,montez de cinquante et un et puis allez de soixante-sept à gauche,-67,51
20444,montez de cinquante-six et puis allez de quatre-vingt-quinze à gauche,-95,56
20445,montez de quatorze et puis allez de un à gauche,-1,14
20446,montez de cinquante et un et puis allez de dix-huit à gauche,-18,51
20447,montez de vingt-deux et puis allez de cinquante et un à gauche,-51,22
20448,montez de vingt-huit et puis allez de soixante-dix-huit à gauche,-78,28
20449,montez de treize et puis allez de quarante-cinq à gauche,-45,13
20450,montez de dix et puis allez de quatre-vingt-dix-neuf à gauche,-99,10
20451,montez de vingt-huit et puis allez de cinquante-neuf à gauche,-59,28
20452,montez de vingt et un et puis allez de trente-huit à gauche,-38,21
20453,montez de dix-neuf et puis allez de soixante et un à gauche,-61,19
20454,montez de quatre-vingt-quatre et puis allez de quarante et un à gauche,-41,84
20455,montez de vingt et puis allez de cinq à gauche,-5,20
20456,montez de quatre-vingt-dix-neuf et puis allez de quatre-vingt-dix-sept à gauche,-97,99
20457,montez de soixante-sept et puis allez de soixante-neuf à gauche,-69,67
20458,montez de vingt-sept et puis allez de onze à gauche,-11,27
20459,montez de quarante-six et puis allez de douze à gauche,-12,46
20460,montez de quarante et un et puis allez de sept à gauche,-7,41
20461,montez de cinquante-deux et puis allez de soixante-seize à gauche,-76,52
20462,montez de onze et puis allez de quarante-cinq à gauche,-45,11
20463,montez de cinquante-huit et puis allez de quatre-vingt-dix-huit à gauche,-98,58
20464,montez de quatre-vingt-onze et puis allez de cinquante-deux à gauche,-52,91
20465,montez de soixante-neuf et puis allez de soixante-quatorze à gauche,-74,69
20466,montez de quatre-vingt-dix-neuf et puis allez de quatre-vingt-quinze à gauche,-95,99
20467,montez de quatre-vingt-sept et puis allez de dix-huit à gauche,-18,87
20468,montez de quatre-vingt-quatorze et puis allez de huit à gauche,-8,94
20469,montez de cent et puis allez de vingt-neuf à gauche,-29,100
20470,montez de cinquante-deux et puis allez de soixante-dix-sept à gauche,-77,52
20471,montez de soixante et un et puis allez de soixante-huit à gauche,-68,61
20472,montez de un et puis allez de quarante-deux à gauche,-42,1
20473,montez de quatre-vingt-onze et puis allez de trente-huit à gauche,-38,91
20474,montez de treize et puis allez de quinze à gauche,-15,13
20475,montez de quatre-vingt-dix-neuf et puis allez de vingt-huit à gauche,-28,99
20476,montez de quatre-vingt-sept et puis allez de quarante-huit à gauche,-48,87
20477,montez de quatre et puis allez de neuf à gauche,-9,4
20478,montez de dix-neuf et puis allez de soixante-treize à gauche,-73,19
20479,montez de quarante-deux et puis allez de quarante et un à gauche,-41,42
20480,montez de cinq et puis allez de soixante-dix-neuf à gauche,-79,5
20481,montez de soixante-neuf et puis allez de treize à gauche,-13,69
20482,montez de quarante-cinq et puis allez de quatre-vingt-dix-neuf à gauche,-99,45
20483,montez de trente et un et puis allez de vingt-six à gauche,-26,31
20484,montez de un et puis allez de trois à gauche,-3,1
20485,montez de trente et un et puis allez de soixante et onze à gauche,-71,31
20486,montez de seize et puis allez de un à gauche,-1,16
20487,montez de cinquante-sept et puis allez de soixante et un à gauche,-61,57
20488,montez de huit et puis allez de quatre-vingt-neuf à gauche,-89,8
20489,montez de quatorze et puis allez de cinq à gauche,-5,14
20490,montez de cent et puis allez de quatre à gauche,-4,100
20491,montez de cinquante-deux et puis allez de quatre-vingt-douze à gauche,-92,52
20492,montez de douze et puis allez de soixante-dix-sept à gauche,-77,12
20493,montez de seize et puis allez de quatre-vingt-quatorze à gauche,-94,16
20494,montez de quatre-vingt-trois et puis allez de quatre-vingt-quatre à gauche,-84,83
20495,montez de cinquante-trois et puis allez de soixante-seize à gauche,-76,53
20496,montez de trente-cinq et puis allez de trente-neuf à gauche,-39,35
20497,montez de quatre-vingt-onze et puis allez de onze à gauche,-11,91
20498,montez de dix-sept et puis allez de vingt-deux à gauche,-22,17
20499,montez de dix-huit et puis allez de six à gauche,-6,18
20500,montez de cinquante-deux et puis allez de trente à gauche,-30,52
20501,montez de quatre-vingt-quatre et puis allez de quatre-vingt-huit à gauche,-88,84
20502,montez de huit et puis allez de vingt et un à gauche,-21,8
20503,montez de quarante-sept et puis allez de soixante-quinze à gauche,-75,47
20504,montez de cinquante-trois et puis allez de quatre-vingt-six à gauche,-86,53
20505,montez de vingt-cinq et puis allez de deux à gauche,-2,25
20506,montez de vingt-neuf et puis allez de un à gauche,-1,29
20507,montez de soixante et puis allez de soixante et un à gauche,-61,60
20508,montez de cinquante-sept et puis allez de soixante et un à gauche,-61,57
20509,montez de trente-huit et puis allez de quarante-deux à gauche,-42,38
20510,montez de dix-sept et puis allez de dix-huit à gauche,-18,17
20511,montez de quatre et puis allez de vingt-cinq à gauche,-25,4
20512,montez de cinquante-quatre et puis allez de soixante à gauche,-60,54
20513,montez de quarante et puis allez de soixante-trois à gauche,-63,40
20514,montez de quatre-vingt-deux et puis allez de dix-sept à gauche,-17,82
20515,montez de soixante-dix-neuf et puis allez de vingt à gauche,-20,79
20516,montez de soixante-sept et puis allez de vingt-cinq à gauche,-25,67
20517,montez de soixante-quinze et puis allez de quatre-vingt-quatre à gauche,-84,75
20518,montez de vingt-deux et puis allez de dix-neuf à gauche,-19,22
20519,montez de quarante et puis allez de quarante-neuf à gauche,-49,40
20520,montez de cinquante-cinq et puis allez de soixante-treize à gauche,-73,55
20521,montez de soixante et onze et puis allez de quatre-vingt-quatorze à gauche,-94,71
20522,montez de dix-sept et puis allez de deux à gauche,-2,17
20523,montez de dix-neuf et puis allez de quarante-deux à gauche,-42,19
20524,montez de soixante-neuf et puis allez de quatre-vingt-cinq à gauche,-85,69
20525,montez de quatre-vingt-quatre et puis allez de soixante-treize à gauche,-73,84
20526,montez de quarante-trois et puis allez de quarante-cinq à gauche,-45,43
20527,montez de sept et puis allez de quarante-neuf à gauche,-49,7
20528,montez de quatre-vingt-cinq et puis allez de trente-trois à gauche,-33,85
20529,montez de quatre-vingt-douze et puis allez de soixante-six à gauche,-66,92
20530,montez de vingt-trois et puis allez de soixante-seize à gauche,-76,23
20531,montez de soixante-neuf et puis allez de quarante-huit à gauche,-48,69
20532,montez de seize et puis allez de cinquante-quatre à gauche,-54,16
20533,montez de vingt-huit et puis allez de quatre-vingt-deux à gauche,-82,28
20534,montez de trente-sept et puis allez de cinquante-neuf à gauche,-59,37
20535,montez de quatre-vingt-deux et puis allez de quarante à gauche,-40,82
20536,montez de quatre-vingt-onze et puis allez de quarante-six à gauche,-46,91
20537,montez de cinquante-deux et puis allez de cinquante à gauche,-50,52
20538,montez de dix-huit et puis allez de quatre-vingt-dix-sept à gauche,-97,18
20539,montez de quarante-sept et puis allez de quatre-vingt-huit à gauche,-88,47
20540,montez de quatre-vingt-sept et puis allez de trente-sept à gauche,-37,87
20541,montez de cinquante-six et puis allez de soixante et onze à gauche,-71,56
20542,montez de trente-neuf et puis allez de quatre-vingt-huit à gauche,-88,39
20543,montez de soixante-trois et puis allez de quarante-cinq à gauche,-45,63
20544,montez de soixante-dix-huit et puis allez de vingt-cinq à gauche,-25,78
20545,montez de seize et puis allez de soixante-quinze à gauche,-75,16
20546,montez de quatre-vingt-dix-huit et puis allez de treize à gauche,-13,98
20547,montez de trois et puis allez de quatre-vingt-sept à gauche,-87,3
20548,montez de quatre-vingt-dix-sept et puis allez de quatre-vingt-neuf à gauche,-89,97
20549,montez de quinze et puis allez de quarante-trois à gauche,-43,15
20550,montez de cinquante-cinq et puis allez de cinquante-huit à gauche,-58,55
20551,montez de vingt-deux et puis allez de quatre-vingt-neuf à gauche,-89,22
20552,montez de soixante-seize et puis allez de vingt-deux à gauche,-22,76
20553,montez de sept et puis allez de quatre-vingt-treize à gauche,-93,7
20554,montez de quarante-deux et puis allez de trois à gauche,-3,42
20555,montez de quarante-six et puis allez de quarante-six à gauche,-46,46
20556,montez de quarante-deux et puis allez de soixante-seize à gauche,-76,42
20557,montez de dix et puis allez de trente-six à gauche,-36,10
20558,montez de soixante-trois et puis allez de vingt à gauche,-20,63
20559,montez de soixante-trois et puis allez de quarante-cinq à gauche,-45,63
20560,montez de treize et puis allez de trente-sept à gauche,-37,13
20561,montez de dix-neuf et puis allez de quatre-vingt-deux à gauche,-82,19
20562,montez de quarante-huit et puis allez de quarante-six à gauche,-46,48
20563,montez de seize et puis allez de quatre-vingt-quatre à gauche,-84,16
20564,montez de soixante-seize et puis allez de trente-sept à gauche,-37,76
20565,montez de trente-trois et puis allez de vingt-quatre à gauche,-24,33
20566,montez de soixante-deux et puis allez de dix à gauche,-10,62
20567,montez de quarante-trois et puis allez de soixante-neuf à gauche,-69,43
20568,montez de vingt-deux et puis allez de quatre-vingt-huit à gauche,-88,22
20569,montez de quatre-vingt-dix-neuf et puis allez de trente-trois à gauche,-33,99
20570,montez de soixante-deux et puis allez de cinquante-quatre à gauche,-54,62
20571,montez de soixante et un et puis allez de treize à gauche,-13,61
20572,montez de trente et puis allez de cinquante-sept à gauche,-57,30
20573,montez de six et puis allez de cinquante-neuf à gauche,-59,6
20574,montez de quatre-vingt-neuf et puis allez de vingt et un à gauche,-21,89
20575,montez de soixante-quatre et puis allez de cinquante et un à gauche,-51,64
20576,montez de neuf et puis allez de neuf à gauche,-9,9
20577,montez de quarante et puis allez de un à gauche,-1,40
20578,montez de quarante-sept et puis allez de quatre-vingt-dix-sept à gauche,-97,47
20579,montez de soixante-sept et puis allez de cinquante-neuf à gauche,-59,67
20580,montez de quarante-trois et puis allez de quatre-vingt-dix-sept à gauche,-97,43
20581,montez de quarante-cinq et puis allez de douze à gauche,-12,45
20582,montez de quatre-vingt-six et puis allez de trente à gauche,-30,86
20583,montez de quatre-vingt-six et puis allez de quatre-vingt-cinq à gauche,-85,86
20584,montez de soixante-huit et puis allez de dix à gauche,-10,68
20585,montez de cinquante-huit et puis allez de trente-huit à gauche,-38,58
20586,montez de quatre-vingt-un et puis allez de vingt-sept à gauche,-27,81
20587,montez de quatre-vingt-dix-neuf et puis allez de trois à gauche,-3,99
20588,montez de quatre-vingt-dix-neuf et puis allez de soixante-huit à gauche,-68,99
20589,montez de seize et puis allez de quatre-vingt-onze à gauche,-91,16
20590,montez de quarante-huit et puis allez de trente-deux à gauche,-32,48
20591,montez de soixante-huit et puis allez de onze à gauche,-11,68
20592,montez de vingt-cinq et puis allez de trente-cinq à gauche,-35,25
20593,montez de dix et puis allez de quatre-vingt-dix à gauche,-90,10
20594,montez de quatre-vingt-seize et puis allez de cinquante-trois à gauche,-53,96
20595,montez de cinquante et puis allez de neuf à gauche,-9,50
20596,montez de vingt-deux et puis allez de dix-neuf à gauche,-19,22
20597,montez de soixante-seize et puis allez de quarante-six à gauche,-46,76
20598,montez de cinquante et puis allez de vingt-neuf à gauche,-29,50
20599,montez de soixante et puis allez de vingt-sept à gauche,-27,60
20600,montez de trente-neuf et puis allez de quarante-six à gauche,-46,39
20601,montez de soixante-treize et puis allez de huit à gauche,-8,73
20602,montez de soixante-quatre et puis allez de soixante-trois à gauche,-63,64
20603,montez de quatre-vingt-un et puis allez de quatre-vingt-seize à gauche,-96,81
20604,montez de trente-huit et puis allez de quarante-trois à gauche,-43,38
20605,montez de soixante et puis allez de soixante-dix à gauche,-70,60
20606,montez de vingt-neuf et puis allez de dix-neuf à gauche,-19,29
20607,montez de vingt-deux et puis allez de un à gauche,-1,22
20608,montez de neuf et puis allez de vingt-neuf à gauche,-29,9
20609,montez de trente et puis allez de cinquante et un à gauche,-51,30
20610,montez de soixante-treize et puis allez de quatre-vingt-quatre à gauche,-84,73
20611,montez de quarante-deux et puis allez de quatre-vingt-dix-huit à gauche,-98,42
20612,montez de soixante-deux et puis allez de soixante à gauche,-60,62
20613,montez de quatre-vingt-neuf et puis allez de soixante-treize à gauche,-73,89
20614,montez de trente et puis allez de seize à gauche,-16,30
20615,montez de dix-neuf et puis allez de quarante-trois à gauche,-43,19
20616,montez de soixante-quinze et puis allez de quatre-vingt-cinq à gauche,-85,75
20617,montez de treize et puis allez de huit à gauche,-8,13
20618,montez de quatre-vingt-dix et puis allez de trente et un à gauche,-31,90
20619,montez de cinq et puis allez de cinquante-trois à gauche,-53,5
20620,montez de quatre-vingt-huit et puis allez de trente et un à gauche,-31,88
20621,montez de quatre-vingt-neuf et puis allez de quatre-vingt-un à gauche,-81,89
20622,montez de soixante-trois et puis allez de soixante-seize à gauche,-76,63
20623,montez de sept et puis allez de quatre-vingt-sept à gauche,-87,7
20624,montez de vingt-sept et puis allez de soixante-quinze à gauche,-75,27
20625,montez de cinquante-trois et puis allez de cinquante-cinq à gauche,-55,53
20626,montez de quatre et puis allez de cinquante-quatre à gauche,-54,4
20627,montez de sept et puis allez de soixante-deux à gauche,-62,7
20628,montez de quarante-deux et puis allez de cinquante-cinq à gauche,-55,42
20629,montez de cent et puis allez de quatre-vingt-douze à gauche,-92,100
20630,montez de trente-neuf et puis allez de cinquante-sept à gauche,-57,39
20631,montez de vingt-huit et puis allez de trente et un à gauche,-31,28
20632,montez de trente et un et puis allez de vingt à gauche,-20,31
20633,montez de treize et puis allez de cinquante-deux à gauche,-52,13
20634,montez de huit et puis allez de vingt-deux à gauche,-22,8
20635,montez de soixante-quatorze et puis allez de dix-huit à gauche,-18,74
20636,montez de cinquante et un et puis allez de quatre-vingt-dix à gauche,-90,51
20637,montez de dix et puis allez de quatre-vingt-un à gauche,-81,10
20638,montez de trente-deux et puis allez de dix-neuf à gauche,-19,32
20639,montez de quarante et un et puis allez de vingt-trois à gauche,-23,41
20640,montez de onze et puis allez de douze à gauche,-12,11
20641,montez de trois et puis allez de quatre-vingt-dix-neuf à gauche,-99,3
20642,montez de trente-trois et puis allez de quarante-huit à gauche,-48,33
20643,montez de treize et puis allez de quatre-vingt-huit à gauche,-88,13
20644,montez de quatre-vingt-seize et puis allez de soixante-quatre à gauche,-64,96
20645,montez de cinquante-huit et puis allez de vingt-sept à gauche,-27,58
20646,montez de soixante-trois et puis allez de soixante-seize à gauche,-76,63
20647,montez de quarante-cinq et puis allez de dix à gauche,-10,45
20648,montez de vingt-huit et puis allez de vingt-sept à gauche,-27,28
20649,montez de quarante et puis allez de quarante-quatre à gauche,-44,40
20650,montez de quatre-vingt-seize et puis allez de soixante et onze à gauche,-71,96
20651,montez de huit et puis allez de quatre-vingt-trois à gauche,-83,8
20652,montez de quatre-vingt-un et puis allez de soixante-dix à gauche,-70,81
20653,montez de quarante et un et puis allez de cinquante-sept à gauche,-57,41
20654,montez de cinquante-deux et puis allez de quatre-vingt-un à gauche,-81,52
20655,montez de quarante-deux et puis allez de quatre-vingts à gauche,-80,42
20656,montez de sept et puis allez de cinquante-huit à gauche,-58,7
20657,montez de quarante-six et puis allez de cinquante-deux à gauche,-52,46
20658,montez de soixante-dix-huit et puis allez de trente-sept à gauche,-37,78
20659,montez de cinquante et puis allez de cent à gauche,-100,50
20660,montez de cent et puis allez de soixante-dix à gauche,-70,100
20661,montez de quatre-vingt-six et puis allez de soixante et onze à gauche,-71,86
20662,montez de quarante-sept et puis allez de vingt-quatre à gauche,-24,47
20663,montez de quatre et puis allez de cinq à gauche,-5,4
20664,montez de quarante-huit et puis allez de soixante et onze à gauche,-71,48
20665,montez de soixante et un et puis allez de soixante à gauche,-60,61
20666,montez de quatre-vingt-dix-neuf et puis allez de quatre-vingt-sept à gauche,-87,99
20667,montez de quatre-vingt-cinq et puis allez de trente-huit à gauche,-38,85
20668,montez de treize et puis allez de quarante-neuf à gauche,-49,13
20669,montez de quarante-sept et puis allez de quatorze à gauche,-14,47
20670,montez de quatre-vingt-six et puis allez de seize à gauche,-16,86
20671,montez de quatre-vingt-dix et puis allez de soixante-dix-huit à gauche,-78,90
20672,montez de cinq et puis allez de quarante-six à gauche,-46,5
20673,montez de cinquante-quatre et puis allez de vingt-deux à gauche,-22,54
20674,montez de cinquante-neuf et puis allez de soixante-deux à gauche,-62,59
20675,montez de quatre-vingt-quinze et puis allez de trente-neuf à gauche,-39,95
20676,montez de cinquante-huit et puis allez de cinquante-huit à gauche,-58,58
20677,montez de quarante-sept et puis allez de quatre-vingt-quatorze à gauche,-94,47
20678,montez de soixante et un et puis allez de vingt à gauche,-20,61
20679,montez de quarante-deux et puis allez de quarante-huit à gauche,-48,42
20680,montez de soixante-sept et puis allez de trente-neuf à gauche,-39,67
20681,montez de quatre et puis allez de soixante-neuf à gauche,-69,4
20682,montez de quatre-vingt-deux et puis allez de cinquante-quatre à gauche,-54,82
20683,montez de quatre-vingt-neuf et puis allez de dix à gauche,-10,89
20684,montez de quatre-vingt-cinq et puis allez de soixante-quatorze à gauche,-74,85
20685,montez de soixante-deux et puis allez de quatre-vingt-treize à gauche,-93,62
20686,montez de cinq et puis allez de quarante et un à gauche,-41,5
20687,montez de quarante-sept et puis allez de cinq à gauche,-5,47
20688,montez de trente-six et puis allez de dix à gauche,-10,36
20689,montez de cinquante-neuf et puis allez de quarante-cinq à gauche,-45,59
20690,montez de soixante-dix-neuf et puis allez de cinquante-deux à gauche,-52,79
20691,montez de trente-six et puis allez de quarante-trois à gauche,-43,36
20692,montez de quarante-trois et puis allez de cinquante-deux à gauche,-52,43
20693,montez de soixante-trois et puis allez de vingt-sept à gauche,-27,63
20694,montez de cinq et puis allez de dix à gauche,-10,5
20695,montez de soixante et puis allez de quatre-vingt-huit à gauche,-88,60
20696,montez de soixante-douze et puis allez de soixante-quinze à gauche,-75,72
20697,montez de soixante et un et puis allez de sept à gauche,-7,61
20698,montez de soixante-six et puis allez de soixante et onze à gauche,-71,66
20699,montez de trente-huit et puis allez de soixante-treize à gauche,-73,38
20700,montez de trente et un et puis allez de cinquante-trois à gauche,-53,31
20701,montez de quarante-trois et puis allez de quatre-vingt-dix-sept à gauche,-97,43
20702,montez de quatre-vingt-trois et puis allez de soixante-dix-sept à gauche,-77,83
20703,montez de quarante-neuf et puis allez de dix-neuf à gauche,-19,49
20704,montez de quatre-vingt-trois et puis allez de dix-huit à gauche,-18,83
20705,montez de cinquante-huit et puis allez de vingt-trois à gauche,-23,58
20706,montez de cinquante-huit et puis allez de dix-huit à gauche,-18,58
20707,montez de soixante et puis allez de soixante-quatorze à gauche,-74,60
20708,montez de cinquante-six et puis allez de soixante-dix-huit à gauche,-78,56
20709,montez de trente-trois et puis allez de quatre-vingt-quinze à gauche,-95,33
20710,montez de sept et puis allez de treize à gauche,-13,7
20711,montez de onze et puis allez de soixante-deux à gauche,-62,11
20712,montez de cinquante et un et puis allez de soixante-huit à gauche,-68,51
20713,montez de sept et puis allez de quarante-huit à gauche,-48,7
20714,montez de quarante-sept et puis allez de quarante-neuf à gauche,-49,47
20715,montez de treize et puis allez de quinze à gauche,-15,13
20716,montez de quarante et puis allez de six à gauche,-6,40
20717,montez de quarante-huit et puis allez de trente-quatre à gauche,-34,48
20718,montez de soixante-quatorze et puis allez de vingt-deux à gauche,-22,74
20719,montez de cinquante et un et puis allez de neuf à gauche,-9,51
20720,montez de six et puis allez de quarante-neuf à gauche,-49,6
20721,montez de quarante-cinq et puis allez de quatre-vingt-dix-huit à gauche,-98,45
20722,montez de quinze et puis allez de quatre-vingt-onze à gauche,-91,15
20723,montez de huit et puis allez de vingt-trois à gauche,-23,8
20724,montez de quatre-vingt-dix-huit et puis allez de vingt-sept à gauche,-27,98
20725,montez de dix-huit et puis allez de dix-neuf à gauche,-19,18
20726,montez de quarante et puis allez de soixante-huit à gauche,-68,40
20727,montez de quatre-vingt-onze et puis allez de quatre-vingt-deux à gauche,-82,91
20728,montez de quatre-vingt-un et puis allez de quarante et un à gauche,-41,81
20729,montez de quatre-vingt-deux et puis allez de trente-quatre à gauche,-34,82
20730,montez de soixante-quinze et puis allez de deux à gauche,-2,75
20731,montez de quatre-vingt-dix et puis allez de soixante-cinq à gauche,-65,90
20732,montez de quatre-vingt-quinze et puis allez de quatre-vingt-quinze à gauche,-95,95
20733,montez de trois et puis allez de quarante et un à gauche,-41,3
20734,montez de vingt-quatre et puis allez de vingt-six à gauche,-26,24
20735,montez de soixante-dix-neuf et puis allez de dix-huit à gauche,-18,79
20736,montez de quarante et puis allez de soixante à gauche,-60,40
20737,montez de cinquante-neuf et puis allez de soixante-neuf à gauche,-69,59
20738,montez de trente-neuf et puis allez de cinquante-six à gauche,-56,39
20739,montez de cinquante et un et puis allez de trois à gauche,-3,51
20740,montez de quatre-vingt-cinq et puis allez de vingt-quatre à gauche,-24,85
20741,montez de quarante-six et puis allez de quarante et un à gauche,-41,46
20742,montez de quatre-vingt-douze et puis allez de cinquante-trois à gauche,-53,92
20743,montez de quatre-vingt-trois et puis allez de quatre-vingt-dix-neuf à gauche,-99,83
20744,montez de quatre-vingt-onze et puis allez de cinquante-trois à gauche,-53,91
20745,montez de huit et puis allez de quatre-vingt-un à gauche,-81,8
20746,montez de soixante et puis allez de dix-sept à gauche,-17,60
20747,montez de quarante et puis allez de dix-huit à gauche,-18,40
20748,montez de quarante-neuf et puis allez de soixante-neuf à gauche,-69,49
20749,montez de cinq et puis allez de quarante et un à gauche,-41,5
20750,montez de soixante-huit et puis allez de soixante-trois à gauche,-63,68
20751,montez de quatre-vingt-dix et puis allez de vingt-six à gauche,-26,90
20752,montez de vingt-quatre et puis allez de soixante-quinze à gauche,-75,24
20753,montez de cinquante-quatre et puis allez de quatre-vingt-dix à gauche,-90,54
20754,montez de trente-cinq et puis allez de deux à gauche,-2,35
20755,montez de cinquante et puis allez de soixante-neuf à gauche,-69,50
20756,montez de quatre-vingt-seize et puis allez de cinquante et un à gauche,-51,96
20757,montez de cinq et puis allez de quarante-cinq à gauche,-45,5
20758,montez de quatre et puis allez de trente-trois à gauche,-33,4
20759,montez de un et puis allez de quatre-vingt-trois à gauche,-83,1
20760,montez de huit et puis allez de quarante-six à gauche,-46,8
20761,montez de cinquante-huit et puis allez de quarante-quatre à gauche,-44,58
20762,montez de soixante-six et puis allez de quarante-cinq à gauche,-45,66
20763,montez de un et puis allez de vingt à gauche,-20,1
20764,montez de quatre-vingt-quinze et puis allez de vingt-neuf à gauche,-29,95
20765,montez de quarante-cinq et puis allez de cinquante-deux à gauche,-52,45
20766,montez de dix-sept et puis allez de soixante-huit à gauche,-68,17
20767,montez de trente-trois et puis allez de quarante-six à gauche,-46,33
20768,montez de vingt et un et puis allez de dix à gauche,-10,21
20769,montez de quarante-neuf et puis allez de vingt à gauche,-20,49
20770,montez de quatre-vingt-dix-sept et puis allez de vingt-trois à gauche,-23,97
20771,montez de quatre-vingt-cinq et puis allez de cinquante-sept à gauche,-57,85
20772,montez de vingt-six et puis allez de cinq à gauche,-5,26
20773,montez de trente-deux et puis allez de quatre-vingt-sept à gauche,-87,32
20774,montez de quatre-vingt-onze et puis allez de cinquante-sept à gauche,-57,91
20775,montez de huit et puis allez de cinquante-deux à gauche,-52,8
20776,montez de soixante-neuf et puis allez de soixante-huit à gauche,-68,69
20777,montez de soixante-dix-neuf et puis allez de quatre-vingts à gauche,-80,79
20778,montez de quarante-sept et puis allez de quatre-vingt-quinze à gauche,-95,47
20779,montez de quatre-vingt-douze et puis allez de dix à gauche,-10,92
20780,montez de soixante-huit et puis allez de quatre-vingt-dix-sept à gauche,-97,68
20781,montez de soixante-quatre et puis allez de quatre à gauche,-4,64
20782,montez de quatre-vingt-un et puis allez de quinze à gauche,-15,81
20783,montez de soixante-treize et puis allez de quatre-vingt-dix à gauche,-90,73
20784,montez de quatre-vingt-dix et puis allez de vingt-six à gauche,-26,90
20785,montez de cinquante et puis allez de quatre-vingts à gauche,-80,50
20786,montez de soixante-quatorze et puis allez de vingt-cinq à gauche,-25,74
20787,montez de cinquante-deux et puis allez de cinquante-quatre à gauche,-54,52
20788,montez de seize et puis allez de vingt-trois à gauche,-23,16
20789,montez de quatre-vingt-onze et puis allez de soixante-quatre à gauche,-64,91
20790,montez de quarante-sept et puis allez de quatre-vingt-un à gauche,-81,47
20791,montez de onze et puis allez de six à gauche,-6,11
20792,montez de vingt-deux et puis allez de un à gauche,-1,22
20793,montez de cinquante et un et puis allez de trente-cinq à gauche,-35,51
20794,montez de cinquante-huit et puis allez de vingt-quatre à gauche,-24,58
20795,montez de soixante-sept et puis allez de cinquante-cinq à gauche,-55,67
20796,montez de neuf et puis allez de quarante-deux à gauche,-42,9
20797,montez de trente et puis allez de quatre-vingt-trois à gauche,-83,30
20798,montez de soixante-seize et puis allez de cinquante et un à gauche,-51,76
20799,montez de trente et un et puis allez de soixante-neuf à gauche,-69,31
20800,montez de quarante-deux et puis allez de huit à gauche,-8,42
20801,montez de quatre-vingt-treize et puis allez de huit à gauche,-8,93
20802,montez de cinquante-huit et puis allez de cinquante-six à gauche,-56,58
20803,montez de quatre-vingt-onze et puis allez de cinquante-trois à gauche,-53,91
20804,montez de un et puis allez de quarante-trois à gauche,-43,1
20805,montez de vingt-neuf et puis allez de soixante-six à gauche,-66,29
20806,montez de quatre-vingt-quinze et puis allez de quatre-vingt-douze à gauche,-92,95
20807,montez de sept et puis allez de quatre-vingt-cinq à gauche,-85,7
20808,montez de cent et puis allez de vingt-quatre à gauche,-24,100
20809,montez de trente-quatre et puis allez de quatre-vingt-cinq à gauche,-85,34
20810,montez de vingt et un et puis allez de trente-sept à gauche,-37,21
20811,montez de quatre-vingt-dix-neuf et puis allez de soixante-six à gauche,-66,99
20812,montez de cent et puis allez de quatre-vingt-onze à gauche,-91,100
20813,montez de quatre-vingt-dix et puis allez de trente et un à gauche,-31,90
20814,montez de quatre-vingt-six et puis allez de cinquante à gauche,-50,86
20815,montez de quatre-vingt-seize et puis allez de trente-six à gauche,-36,96
20816,montez de soixante-neuf et puis allez de soixante-dix-neuf à gauche,-79,69
20817,montez de trente-deux et puis allez de soixante-cinq à gauche,-65,32
20818,montez de quarante-huit et puis allez de trente-huit à gauche,-38,48
20819,montez de quatre-vingt-trois et puis allez de trente-deux à gauche,-32,83
20820,montez de soixante-douze et puis allez de trente-six à gauche,-36,72
20821,montez de cinquante-huit et puis allez de quarante-deux à gauche,-42,58
20822,montez de soixante-quatre et puis allez de quarante-trois à gauche,-43,64
20823,montez de soixante-cinq et puis allez de dix-huit à gauche,-18,65
20824,montez de dix et puis allez de vingt-six à gauche,-26,10
20825,montez de cinquante-cinq et puis allez de soixante-dix à gauche,-70,55
20826,montez de neuf et puis allez de dix-sept à gauche,-17,9
20827,montez de quinze et puis allez de soixante-dix à gauche,-70,15
20828,montez de cinquante-deux et puis allez de soixante-dix à gauche,-70,52
20829,montez de soixante-douze et puis allez de cinquante-cinq à gauche,-55,72
20830,montez de soixante-dix-sept et puis allez de trente-huit à gauche,-38,77
20831,montez de trente-huit et puis allez de trente à gauche,-30,38
20832,montez de quatre-vingt-treize et puis allez de quatre-vingt-deux à gauche,-82,93
20833,montez de soixante-dix-sept et puis allez de quatre-vingts à gauche,-80,77
20834,montez de quatre-vingt-neuf et puis allez de dix-sept à gauche,-17,89
20835,montez de deux et puis allez de trente-huit à gauche,-38,2
20836,montez de cinquante-huit et puis allez de dix-huit à gauche,-18,58
20837,montez de trente et un et puis allez de onze à gauche,-11,31
20838,montez de dix et puis allez de soixante-trois à gauche,-63,10
20839,montez de vingt-six et puis allez de trente-neuf à gauche,-39,26
20840,montez de quatre-vingt-cinq et puis allez de quarante-trois à gauche,-43,85
20841,montez de vingt-cinq et puis allez de soixante-treize à gauche,-73,25
20842,montez de cinquante et un et puis allez de dix-sept à gauche,-17,51
20843,montez de quatre-vingt-dix-huit et puis allez de quatorze à gauche,-14,98
20844,montez de quarante et puis allez de trente-deux à gauche,-32,40
20845,montez de quatorze et puis allez de cent à gauche,-100,14
20846,montez de cinquante et puis allez de soixante-treize à gauche,-73,50
20847,montez de quarante-quatre et puis allez de quarante-cinq à gauche,-45,44
20848,montez de cinq et puis allez de soixante-huit à gauche,-68,5
20849,montez de cinquante-deux et puis allez de quatre-vingt-quatorze à gauche,-94,52
20850,montez de soixante et puis allez de quatre-vingt-deux à gauche,-82,60
20851,montez de vingt et puis allez de quatre-vingt-un à gauche,-81,20
20852,montez de quarante-trois et puis allez de huit à gauche,-8,43
20853,montez de quatre-vingt-trois et puis allez de cinquante-cinq à gauche,-55,83
20854,montez de soixante-douze et puis allez de quarante-neuf à gauche,-49,72
20855,montez de deux et puis allez de cinq à gauche,-5,2
20856,montez de six et puis allez de quarante-trois à gauche,-43,6
20857,montez de soixante-neuf et puis allez de quarante-sept à gauche,-47,69
20858,montez de vingt-quatre et puis allez de onze à gauche,-11,24
20859,montez de quatre-vingt-treize et puis allez de cinquante-neuf à gauche,-59,93
20860,montez de quatre-vingt-douze et puis allez de cinquante à gauche,-50,92
20861,montez de quatre-vingt-sept et puis allez de trente-huit à gauche,-38,87
20862,montez de quatre et puis allez de quarante à gauche,-40,4
20863,montez de quinze et puis allez de trente-trois à gauche,-33,15
20864,montez de quatre-vingt-deux et puis allez de sept à gauche,-7,82
20865,montez de soixante et un et puis allez de quatre-vingt-treize à gauche,-93,61
20866,montez de quatre-vingt-un et puis allez de quatre-vingt-huit à gauche,-88,81
20867,montez de soixante-douze et puis allez de trente-quatre à gauche,-34,72
20868,montez de trente-six et puis allez de soixante-dix à gauche,-70,36
20869,montez de quatre-vingt-trois et puis allez de vingt à gauche,-20,83
20870,montez de quarante-neuf et puis allez de quatre-vingt-six à gauche,-86,49
20871,montez de quarante et puis allez de cinquante à gauche,-50,40
20872,montez de dix-sept et puis allez de dix-huit à gauche,-18,17
20873,montez de quatre-vingt-six et puis allez de trente et un à gauche,-31,86
20874,montez de quatre-vingt-treize et puis allez de soixante-quatorze à gauche,-74,93
20875,montez de soixante-huit et puis allez de vingt à gauche,-20,68
20876,montez de soixante-cinq et puis allez de soixante-huit à gauche,-68,65
20877,montez de quarante-quatre et puis allez de quatre à gauche,-4,44
20878,montez de cinquante et puis allez de cinquante-cinq à gauche,-55,50
20879,montez de vingt-cinq et puis allez de soixante et onze à gauche,-71,25
20880,montez de quarante et un et puis allez de quatre-vingt-seize à gauche,-96,41
20881,montez de quarante-trois et puis allez de vingt-quatre à gauche,-24,43
20882,montez de cinq et puis allez de cinquante et un à gauche,-51,5
20883,montez de vingt-quatre et puis allez de quatre-vingt-six à gauche,-86,24
20884,montez de cinquante et puis allez de trente-six à gauche,-36,50
20885,montez de soixante-neuf et puis allez de cinquante-six à gauche,-56,69
20886,montez de dix et puis allez de soixante-huit à gauche,-68,10
20887,montez de quinze et puis allez de dix-huit à gauche,-18,15
20888,montez de quatre-vingts et puis allez de vingt-cinq à gauche,-25,80
20889,montez de soixante-treize et puis allez de vingt-trois à gauche,-23,73
20890,montez de trente-quatre et puis allez de trente-quatre à gauche,-34,34
20891,montez de quatre et puis allez de quatre-vingt-deux à gauche,-82,4
20892,montez de quatre-vingt-seize et puis allez de soixante-douze à gauche,-72,96
20893,montez de quatre-vingt-un et puis allez de huit à gauche,-8,81
20894,montez de dix et puis allez de soixante-seize à gauche,-76,10
20895,montez de quatre-vingt-sept et puis allez de quatre-vingts à gauche,-80,87
20896,montez de quarante-huit et puis allez de vingt-cinq à gauche,-25,48
20897,montez de six et puis allez de soixante-quinze à gauche,-75,6
20898,montez de onze et puis allez de quatre-vingt-un à gauche,-81,11
20899,montez de soixante-neuf et puis allez de soixante-seize à gauche,-76,69
20900,montez de soixante-neuf et puis allez de trente-quatre à gauche,-34,69
20901,montez de quatre-vingt-neuf et puis allez de quatre-vingt-dix-huit à gauche,-98,89
20902,montez de cinquante et puis allez de cinquante à gauche,-50,50
20903,montez de quatre-vingt-quatre et puis allez de soixante-seize à gauche,-76,84
20904,montez de un et puis allez de trente-trois à gauche,-33,1
20905,montez de soixante-quatorze et puis allez de quatre-vingt-dix-neuf à gauche,-99,74
20906,montez de trente-cinq et puis allez de cent à gauche,-100,35
20907,montez de quatre-vingt-onze et puis allez de vingt-quatre à gauche,-24,91
20908,montez de quatre-vingt-six et puis allez de vingt-deux à gauche,-22,86
20909,montez de vingt-six et puis allez de soixante-quinze à gauche,-75,26
20910,montez de treize et puis allez de quatre-vingt-dix-sept à gauche,-97,13
20911,montez de vingt-quatre et puis allez de quatre-vingt-huit à gauche,-88,24
20912,montez de soixante-quatorze et puis allez de cinquante-sept à gauche,-57,74
20913,montez de seize et puis allez de quatre-vingt-sept à gauche,-87,16
20914,montez de quatre-vingt-neuf et puis allez de soixante-trois à gauche,-63,89
20915,montez de un et puis allez de un à gauche,-1,1
20916,montez de quatre-vingt-dix et puis allez de un à gauche,-1,90
20917,montez de vingt-cinq et puis allez de quatre-vingt-deux à gauche,-82,25
20918,montez de quatre-vingt-dix et puis allez de soixante-cinq à gauche,-65,90
20919,montez de soixante-treize et puis allez de soixante-trois à gauche,-63,73
20920,montez de dix-neuf et puis allez de quatre-vingt-douze à gauche,-92,19
20921,montez de deux et puis allez de vingt-huit à gauche,-28,2
20922,montez de soixante-douze et puis allez de cinquante et un à gauche,-51,72
20923,montez de seize et puis allez de quarante-neuf à gauche,-49,16
20924,montez de soixante-dix-sept et puis allez de cinq à gauche,-5,77
20925,montez de quarante-six et puis allez de soixante-dix-huit à gauche,-78,46
20926,montez de trente-deux et puis allez de onze à gauche,-11,32
20927,montez de sept et puis allez de soixante-trois à gauche,-63,7
20928,montez de un et puis allez de quatre-vingt-neuf à gauche,-89,1
20929,montez de huit et puis allez de cinquante-six à gauche,-56,8
20930,montez de quatre-vingt-sept et puis allez de quatorze à gauche,-14,87
20931,montez de quatre-vingt-quatre et puis allez de soixante-dix-huit à gauche,-78,84
20932,montez de quarante-deux et puis allez de vingt-quatre à gauche,-24,42
20933,montez de vingt-neuf et puis allez de soixante-cinq à gauche,-65,29
20934,montez de seize et puis allez de vingt à gauche,-20,16
20935,montez de dix-sept et puis allez de quatre-vingt-neuf à gauche,-89,17
20936,montez de vingt-neuf et puis allez de quarante-deux à gauche,-42,29
20937,montez de trente-neuf et puis allez de quatre-vingt-quatorze à gauche,-94,39
20938,montez de soixante et onze et puis allez de quarante-sept à gauche,-47,71
20939,montez de soixante-neuf et puis allez de vingt à gauche,-20,69
20940,montez de quatre-vingt-dix-neuf et puis allez de quatre-vingt-cinq à gauche,-85,99
20941,montez de douze et puis allez de quarante-six à gauche,-46,12
20942,montez de neuf et puis allez de treize à gauche,-13,9
20943,montez de douze et puis allez de quatre-vingt-dix-neuf à gauche,-99,12
20944,montez de dix-neuf et puis allez de cinquante-sept à gauche,-57,19
20945,montez de quatre-vingt-dix-neuf et puis allez de neuf à gauche,-9,99
20946,montez de soixante-huit et puis allez de cinq à gauche,-5,68
20947,montez de vingt-sept et puis allez de cinq à gauche,-5,27
20948,montez de quarante et un et puis allez de soixante-neuf à gauche,-69,41
20949,montez de cent et puis allez de quatre-vingt-huit à gauche,-88,100
20950,montez de quarante et un et puis allez de treize à gauche,-13,41
20951,montez de cinquante-neuf et puis allez de soixante-neuf à gauche,-69,59
20952,montez de quatorze et puis allez de quarante-huit à gauche,-48,14
20953,montez de quarante-trois et puis allez de soixante-seize à gauche,-76,43
20954,montez de trente-huit et puis allez de soixante-huit à gauche,-68,38
20955,montez de quatre-vingt-quatorze et puis allez de quatre-vingt-huit à gauche,-88,94
20956,montez de trente-deux et puis allez de soixante-sept à gauche,-67,32
20957,montez de quarante-sept et puis allez de dix-neuf à gauche,-19,47
20958,montez de soixante-huit et puis allez de soixante à gauche,-60,68
20959,montez de quatre-vingt-cinq et puis allez de trente-quatre à gauche,-34,85
20960,montez de quatre-vingt-douze et puis allez de dix-sept à gauche,-17,92
20961,montez de trois et puis allez de quatre à gauche,-4,3
20962,montez de cinq et puis allez de dix-sept à gauche,-17,5
20963,montez de quatre et puis allez de neuf à gauche,-9,4
20964,montez de trois et puis allez de quatre-vingt-dix-neuf à gauche,-99,3
20965,montez de vingt-quatre et puis allez de quatre-vingt-dix à gauche,-90,24
20966,montez de quarante-six et puis allez de vingt-quatre à gauche,-24,46
20967,montez de trente-quatre et puis allez de quatre-vingt-seize à gauche,-96,34
20968,montez de vingt-six et puis allez de quatre-vingt-quatre à gauche,-84,26
20969,montez de cinquante-huit et puis allez de soixante-quatre à gauche,-64,58
20970,montez de soixante-treize et puis allez de trente et un à gauche,-31,73
20971,montez de vingt-deux et puis allez de soixante-cinq à gauche,-65,22
20972,montez de soixante-dix et puis allez de huit à gauche,-8,70
20973,montez de cinquante-cinq et puis allez de trente-cinq à gauche,-35,55
20974,montez de soixante-douze et puis allez de quarante-six à gauche,-46,72
20975,montez de vingt-trois et puis allez de soixante-trois à gauche,-63,23
20976,montez de quatre-vingt-dix-sept et puis allez de cinquante-sept à gauche,-57,97
20977,montez de onze et puis allez de huit à gauche,-8,11
20978,montez de soixante-dix-sept et puis allez de soixante-dix à gauche,-70,77
20979,montez de sept et puis allez de quatre-vingt-six à gauche,-86,7
20980,montez de quarante-quatre et puis allez de soixante-deux à gauche,-62,44
20981,montez de quatre-vingt-onze et puis allez de quatre-vingts à gauche,-80,91
20982,montez de quatre-vingt-sept et puis allez de vingt-deux à gauche,-22,87
20983,montez de quarante-sept et puis allez de quarante et un à gauche,-41,47
20984,montez de soixante-douze et puis allez de soixante-quatorze à gauche,-74,72
20985,montez de trente-sept et puis allez de soixante et un à gauche,-61,37
20986,montez de quinze et puis allez de cinquante et un à gauche,-51,15
20987,montez de quatre-vingt-quinze et puis allez de dix-neuf à gauche,-19,95
20988,montez de quarante-sept et puis allez de cinquante-neuf à gauche,-59,47
20989,montez de trente-six et puis allez de soixante-dix-neuf à gauche,-79,36
20990,montez de quatre-vingt-dix-neuf et puis allez de quarante et un à gauche,-41,99
20991,montez de quatre-vingt-sept et puis allez de quarante-sept à gauche,-47,87
20992,montez de dix-sept et puis allez de cinquante-neuf à gauche,-59,17
20993,montez de soixante-six et puis allez de quatre-vingt-treize à gauche,-93,66
20994,montez de quatre-vingt-dix-neuf et puis allez de quatre-vingt-dix-huit à gauche,-98,99
20995,montez de quatre-vingt-cinq et puis allez de soixante-quinze à gauche,-75,85
20996,montez de quatre-vingt-seize et puis allez de six à gauche,-6,96
20997,montez de dix et puis allez de quatorze à gauche,-14,10
20998,montez de vingt-sept et puis allez de cinquante à gauche,-50,27
20999,montez de soixante-seize et puis allez de cinquante-neuf à gauche,-59,76
21000,montez de vingt-six et puis allez de quarante à droite,40,26
21001,montez de vingt-huit et puis allez de quatre-vingt-quinze à droite,95,28
21002,montez de quatre-vingt-dix et puis allez de trois à droite,3,90
21003,montez de quatre et puis allez de quarante et un à droite,41,4
21004,montez de quinze et puis allez de vingt-neuf à droite,29,15
21005,montez de un et puis allez de quatre-vingt-huit à droite,88,1
21006,montez de quarante-huit et puis allez de quatre-vingt-neuf à droite,89,48
21007,montez de soixante-cinq et puis allez de soixante-dix-huit à droite,78,65
21008,montez de vingt et puis allez de quarante-neuf à droite,49,20
21009,montez de quatorze et puis allez de vingt-six à droite,26,14
21010,montez de quarante-sept et puis allez de quarante-neuf à droite,49,47
21011,montez de cinquante-neuf et puis allez de quatre-vingt-dix-huit à droite,98,59
21012,montez de quatre-vingt-cinq et puis allez de soixante-huit à droite,68,85
21013,montez de quatre-vingt-dix-huit et puis allez de quatre-vingt-douze à droite,92,98
21014,montez de quarante-sept et puis allez de cinquante à droite,50,47
21015,montez de cinquante-trois et puis allez de trente-cinq à droite,35,53
21016,montez de quatre-vingt-quinze et puis allez de cinq à droite,5,95
21017,montez de cinquante-trois et puis allez de soixante-quatorze à droite,74,53
21018,montez de cinquante-trois et puis allez de soixante et un à droite,61,53
21019,montez de cinquante-neuf et puis allez de quatre-vingt-quatre à droite,84,59
21020,montez de soixante-dix-sept et puis allez de trente-deux à droite,32,77
21021,montez de soixante-douze et puis allez de quarante-sept à droite,47,72
21022,montez de vingt-neuf et puis allez de quarante et un à droite,41,29
21023,montez de quarante et un et puis allez de deux à droite,2,41
21024,montez de quatre-vingt-onze et puis allez de vingt-quatre à droite,24,91
21025,montez de dix et puis allez de soixante-cinq à droite,65,10
21026,montez de soixante-seize et puis allez de soixante et un à droite,61,76
21027,montez de cinquante-six et puis allez de soixante-six à droite,66,56
21028,montez de vingt-cinq et puis allez de quatre-vingt-un à droite,81,25
21029,montez de quatre-vingt-huit et puis allez de quatre-vingt-treize à droite,93,88
21030,montez de douze et puis allez de neuf à droite,9,12
21031,montez de quarante-deux et puis allez de trente-quatre à droite,34,42
21032,montez de cinquante et un et puis allez de quatre-vingt-onze à droite,91,51
21033,montez de vingt-deux et puis allez de soixante-dix-huit à droite,78,22
21034,montez de dix-huit et puis allez de quarante-sept à droite,47,18
21035,montez de quarante-six et puis allez de trente-cinq à droite,35,46
21036,montez de dix-sept et puis allez de quarante et un à droite,41,17
21037,montez de vingt-trois et puis allez de quatre-vingt-neuf à droite,89,23
21038,montez de soixante-quatorze et puis allez de soixante et un à droite,61,74
21039,montez de dix-huit et puis allez de quatre-vingt-sept à droite,87,18
21040,montez de quatre-vingt-quinze et puis allez de soixante-dix-huit à droite,78,95
21041,montez de quatre-vingt-dix-huit et puis allez de dix à droite,10,98
21042,montez de quatre-vingt-un et puis allez de quatre-vingt-dix-huit à droite,98,81
21043,montez de cinq et puis allez de vingt-deux à droite,22,5
21044,montez de cinquante-trois et puis allez de quarante-six à droite,46,53
21045,montez de quatre-vingt-dix-neuf et puis allez de quatre-vingt-dix-huit à droite,98,99
21046,montez de quatre-vingt-quatre et puis allez de quatre-vingt-un à droite,81,84
21047,montez de vingt-neuf et puis allez de soixante-huit à droite,68,29
21048,montez de trente-cinq et puis allez de quatre-vingt-un à droite,81,35
21049,montez de vingt et puis allez de quatre-vingt-dix-sept à droite,97,20
21050,montez de six et puis allez de dix-sept à droite,17,6
21051,montez de cent et puis allez de quarante-cinq à droite,45,100
21052,montez de quatre-vingt-quatorze et puis allez de quatre-vingt-trois à droite,83,94
21053,montez de dix-sept et puis allez de quatre-vingt-sept à droite,87,17
21054,montez de trois et puis allez de quarante-sept à droite,47,3
21055,montez de vingt-huit et puis allez de vingt-quatre à droite,24,28
21056,montez de quarante-six et puis allez de quarante-neuf à droite,49,46
21057,montez de soixante-douze et puis allez de quatre-vingt-six à droite,86,72
21058,montez de trente-trois et puis allez de soixante-quinze à droite,75,33
21059,montez de trente-neuf et puis allez de cinquante-quatre à droite,54,39
21060,montez de vingt et un et puis allez de quatre-vingt-un à droite,81,21
21061,montez de quarante-neuf et puis allez de cinquante-neuf à droite,59,49
21062,montez de six et puis allez de soixante-seize à droite,76,6
21063,montez de soixante et un et puis allez de soixante-quatorze à droite,74,61
21064,montez de douze et puis allez de trois à droite,3,12
21065,montez de cinquante-trois et puis allez de soixante-douze à droite,72,53
21066,montez de soixante-huit et puis allez de vingt et un à droite,21,68
21067,montez de trente et puis allez de cinquante et un à droite,51,30
21068,montez de soixante-huit et puis allez de quatre-vingt-quatre à droite,84,68
21069,montez de quarante-cinq et puis allez de cinq à droite,5,45
21070,montez de cinquante-cinq et puis allez de trente-quatre à droite,34,55
21071,montez de quarante-quatre et puis allez de quatre-vingt-dix-huit à droite,98,44
21072,montez de huit et puis allez de soixante et onze à droite,71,8
21073,montez de soixante-quinze et puis allez de quatre-vingt-neuf à droite,89,75
21074,montez de vingt-neuf et puis allez de trente-trois à droite,33,29
21075,montez de quatre-vingt-dix et puis allez de quarante-sept à droite,47,90
21076,montez de quatre-vingt-cinq et puis allez de quarante à droite,40,85
21077,montez de vingt et un et puis allez de trente-neuf à droite,39,21
21078,montez de quatre-vingt-quinze et puis allez de seize à droite,16,95
21079,montez de cinquante-neuf et puis allez de soixante-deux à droite,62,59
21080,montez de vingt et un et puis allez de quatre-vingt-quatre à droite,84,21
21081,montez de quatre-vingt-dix-neuf et puis allez de quatre-vingt-quinze à droite,95,99
21082,montez de cinquante-neuf et puis allez de vingt-cinq à droite,25,59
21083,montez de soixante-deux et puis allez de dix à droite,10,62
21084,montez de cinquante-quatre et puis allez de quarante-quatre à droite,44,54
21085,montez de cinquante-deux et puis allez de cent à droite,100,52
21086,montez de onze et puis allez de quarante-huit à droite,48,11
21087,montez de dix-sept et puis allez de quatre-vingt-seize à droite,96,17
21088,montez de vingt-six et puis allez de soixante et onze à droite,71,26
21089,montez de dix-sept et puis allez de quatre-vingt-seize à droite,96,17
21090,montez de dix-neuf et puis allez de quarante-cinq à droite,45,19
21091,montez de quatre-vingt-seize et puis allez de trente et un à droite,31,96
21092,montez de quarante-sept et puis allez de quatre-vingt-huit à droite,88,47
21093,montez de vingt et puis allez de trente à droite,30,20
21094,montez de quarante-trois et puis allez de trente et un à droite,31,43
21095,montez de dix-neuf et puis allez de quarante-huit à droite,48,19
21096,montez de vingt-neuf et puis allez de treize à droite,13,29
21097,montez de quatre-vingt-seize et puis allez de quatre-vingt-six à droite,86,96
21098,montez de trois et puis allez de soixante-seize à droite,76,3
21099,montez de soixante-neuf et puis allez de cinq à droite,5,69
21100,montez de cinquante-cinq et puis allez de quatre-vingt-dix-huit à droite,98,55
21101,montez de quatre-vingt-huit et puis allez de soixante-douze à droite,72,88
21102,montez de soixante-six et puis allez de huit à droite,8,66
21103,montez de soixante-quinze et puis allez de quarante-huit à droite,48,75
21104,montez de soixante-sept et puis allez de trente-cinq à droite,35,67
21105,montez de trente-neuf et puis allez de quarante-trois à droite,43,39
21106,montez de quarante et puis allez de quatre-vingt-quatorze à droite,94,40
21107,montez de dix-sept et puis allez de trente-neuf à droite,39,17
21108,montez de soixante-deux et puis allez de vingt-neuf à droite,29,62
21109,montez de cent et puis allez de quatre-vingt-douze à droite,92,100
21110,montez de un et puis allez de soixante-sept à droite,67,1
21111,montez de quatre-vingt-quatorze et puis allez de cinquante-quatre à droite,54,94
21112,montez de soixante-dix-sept et puis allez de quarante-huit à droite,48,77
21113,montez de cinq et puis allez de cinquante et un à droite,51,5
21114,montez de quatre-vingt-six et puis allez de quarante-six à droite,46,86
21115,montez de quarante-cinq et puis allez de soixante-cinq à droite,65,45
21116,montez de dix-neuf et puis allez de soixante-trois à droite,63,19
21117,montez de dix-neuf et puis allez de soixante-sept à droite,67,19
21118,montez de quatre-vingts et puis allez de quarante à droite,40,80
21119,montez de quatre-vingt-quinze et puis allez de trente-sept à droite,37,95
21120,montez de quatre-vingt-neuf et puis allez de quarante et un à droite,41,89
21121,montez de cinquante-cinq et puis allez de quatre-vingt-quatre à droite,84,55
21122,montez de quatre-vingt-douze et puis allez de soixante-deux à droite,62,92
21123,montez de quatre-vingt-dix-neuf et puis allez de soixante-huit à droite,68,99
21124,montez de quatre-vingt-trois et puis allez de quarante-cinq à droite,45,83
21125,montez de soixante-quinze et puis allez de cinq à droite,5,75
21126,montez de quatre-vingts et puis allez de soixante-trois à droite,63,80
21127,montez de cinquante-neuf et puis allez de quatre-vingt-quatre à droite,84,59
21128,montez de cent et puis allez de soixante-huit à droite,68,100
21129,montez de soixante-dix-huit et puis allez de un à droite,1,78
21130,montez de soixante et onze et puis allez de soixante-douze à droite,72,71
21131,montez de dix-neuf et puis allez de quatre-vingt-dix-neuf à droite,99,19
21132,montez de quarante-cinq et puis allez de trente-neuf à droite,39,45
21133,montez de trente-trois et puis allez de quarante à droite,40,33
21134,montez de quarante et un et puis allez de trente-cinq à droite,35,41
21135,montez de soixante et un et puis allez de cinquante-deux à droite,52,61
21136,montez de dix-neuf et puis allez de trente-cinq à droite,35,19
21137,montez de trente et puis allez de vingt-sept à droite,27,30
21138,montez de seize et puis allez de quatorze à droite,14,16
21139,montez de soixante-neuf et puis allez de dix-neuf à droite,19,69
21140,montez de quarante-six et puis allez de soixante-neuf à droite,69,46
21141,montez de quatre-vingt-dix-huit et puis allez de cinquante-neuf à droite,59,98
21142,montez de quatre-vingt-sept et puis allez de trente et un à droite,31,87
21143,montez de cinquante et un et puis allez de quarante-neuf à droite,49,51
21144,montez de cinquante-cinq et puis allez de huit à droite,8,55
21145,montez de soixante-douze et puis allez de soixante-seize à droite,76,72
21146,montez de quatre-vingt-dix-neuf et puis allez de soixante-sept à droite,67,99
21147,montez de cinquante-trois et puis allez de quarante à droite,40,53
21148,montez de cinquante-six et puis allez de huit à droite,8,56
21149,montez de cinquante-deux et puis allez de soixante-quatorze à droite,74,52
21150,montez de neuf et puis allez de quatre-vingt-quatorze à droite,94,9
21151,montez de quatre-vingts et puis allez de soixante-neuf à droite,69,80
21152,montez de cinquante-quatre et puis allez de soixante-neuf à droite,69,54
21153,montez de trente-deux et puis allez de seize à droite,16,32
21154,montez de quarante-huit et puis allez de cinquante-trois à droite,53,48
21155,montez de seize et puis allez de trente et un à droite,31,16
21156,montez de vingt-huit et puis allez de quatre-vingt-douze à droite,92,28
21157,montez de vingt-quatre et puis allez de quatre-vingt-six à droite,86,24
21158,montez de cinquante-quatre et puis allez de vingt-deux à droite,22,54
21159,montez de dix-sept et puis allez de quarante-trois à droite,43,17
21160,montez de quarante-quatre et puis allez de trente et un à droite,31,44
21161,montez de quatre-vingt-six et puis allez de trente-six à droite,36,86
21162,montez de quatre-vingt-douze et puis allez de quarante-cinq à droite,45,92
21163,montez de trente-huit et puis allez de trente-quatre à droite,34,38
21164,montez de trente et un et puis allez de quatre-vingt-neuf à droite,89,31
21165,montez de cinquante et puis allez de soixante à droite,60,50
21166,montez de dix-neuf et puis allez de onze à droite,11,19
21167,montez de quatre-vingt-dix et puis allez de cinquante à droite,50,90
21168,montez de cinquante-deux et puis allez de quatre-vingt-sept à droite,87,52
21169,montez de quatre-vingt-quatre et puis allez de cent à droite,100,84
21170,montez de un et puis allez de trente-deux à droite,32,1
21171,montez de quinze et puis allez de vingt-deux à droite,22,15
21172,montez de quarante-quatre et puis allez de vingt-trois à droite,23,44
21173,montez de soixante-cinq et puis allez de vingt-six à droite,26,65
21174,montez de quatre-vingt-dix et puis allez de soixante et onze à droite,71,90
21175,montez de quatre et puis allez de soixante-quinze à droite,75,4
21176,montez de soixante-treize et puis allez de trois à droite,3,73
21177,montez de quatre-vingt-huit et puis allez de quatre à droite,4,88
21178,montez de vingt-huit et puis allez de quarante-sept à droite,47,28
21179,montez de cent et puis allez de vingt-quatre à droite,24,100
21180,montez de soixante-trois et puis allez de cinquante-cinq à droite,55,63
21181,montez de soixante-huit et puis allez de vingt-six à droite,26,68
21182,montez de quarante-sept et puis allez de quatre à droite,4,47
21183,montez de soixante-sept et puis allez de trente à droite,30,67
21184,montez de quatre-vingt-dix-neuf et puis allez de soixante-deux à droite,62,99
21185,montez de soixante-deux et puis allez de cinquante-huit à droite,58,62
21186,montez de trente et un et puis allez de quatre-vingt-dix-huit à droite,98,31
21187,montez de cinquante et un et puis allez de quatre-vingt-neuf à droite,89,51
21188,montez de cinquante-sept et puis allez de quatre-vingt-un à droite,81,57
21189,montez de quarante-huit et puis allez de soixante et onze à droite,71,48
21190,montez de vingt-huit et puis allez de quatre-vingt-dix-huit à droite,98,28
21191,montez de quatorze et puis allez de vingt-sept à droite,27,14
21192,montez de quatre-vingt-un et puis allez de cinquante-six à droite,56,81
21193,montez de vingt et un et puis allez de soixante et un à droite,61,21
21194,montez de quarante-huit et puis allez de cinquante-six à droite,56,48
21195,montez de cinquante-trois et puis allez de quatre-vingt-dix-neuf à droite,99,53
21196,montez de quarante-neuf et puis allez de trente-trois à droite,33,49
21197,montez de dix-sept et puis allez de trente-trois à droite,33,17
21198,montez de vingt-cinq et puis allez de soixante-neuf à droite,69,25
21199,montez de cinquante et puis allez de cinquante-huit à droite,58,50
21200,montez de trente-six et puis allez de soixante à droite,60,36
21201,montez de quatre-vingt-neuf et puis allez de vingt à droite,20,89
21202,montez de vingt-sept et puis allez de soixante-dix-sept à droite,77,27
21203,montez de vingt-trois et puis allez de vingt-cinq à droite,25,23
21204,montez de cinquante et un et puis allez de vingt-huit à droite,28,51
21205,montez de trente-huit et puis allez de deux à droite,2,38
21206,montez de trente-sept et puis allez de quatre-vingt-un à droite,81,37
21207,montez de trente-sept et puis allez de quatre-vingt-un à droite,81,37
21208,montez de huit et puis allez de soixante-cinq à droite,65,8
21209,montez de quatorze et puis allez de vingt-sept à droite,27,14
21210,montez de quatre-vingt-treize et puis allez de trente-deux à droite,32,93
21211,montez de quarante-six et puis allez de trente-six à droite,36,46
21212,montez de quarante-neuf et puis allez de quatre-vingt-quatorze à droite,94,49
21213,montez de quatre-vingt-dix et puis allez de quatre-vingt-quatre à droite,84,90
21214,montez de cinquante-sept et puis allez de soixante-treize à droite,73,57
21215,montez de trente-cinq et puis allez de cinquante à droite,50,35
21216,montez de trente-sept et puis allez de soixante-neuf à droite,69,37
21217,montez de dix-huit et puis allez de soixante-quatorze à droite,74,18
21218,montez de quatre-vingt-quatorze et puis allez de cinquante-huit à droite,58,94
21219,montez de vingt-neuf et puis allez de treize à droite,13,29
21220,montez de soixante-trois et puis allez de quatre-vingt-dix-huit à droite,98,63
21221,montez de soixante et onze et puis allez de cinq à droite,5,71
21222,montez de vingt-trois et puis allez de vingt-neuf à droite,29,23
21223,montez de trente-deux et puis allez de neuf à droite,9,32
21224,montez de cinquante-neuf et puis allez de soixante et onze à droite,71,59
21225,montez de vingt-trois et puis allez de soixante-quatorze à droite,74,23
21226,montez de quatre-vingt-treize et puis allez de trente-six à droite,36,93
21227,montez de trente-neuf et puis allez de onze à droite,11,39
21228,montez de quatre-vingt-dix-huit et puis allez de quarante-cinq à droite,45,98
21229,montez de trente-six et puis allez de trente-deux à droite,32,36
21230,montez de quatre-vingt-onze et puis allez de cinquante-neuf à droite,59,91
21231,montez de trente-trois et puis allez de vingt-neuf à droite,29,33
21232,montez de trente et puis allez de quarante et un à droite,41,30
21233,montez de trente-quatre et puis allez de trente-sept à droite,37,34
21234,montez de soixante-seize et puis allez de vingt-neuf à droite,29,76
21235,montez de quatre-vingt-onze et puis allez de dix-sept à droite,17,91
21236,montez de quatre-vingt-trois et puis allez de vingt-cinq à droite,25,83
21237,montez de trente et un et puis allez de quatre-vingt-quinze à droite,95,31
21238,montez de quatre-vingt-neuf et puis allez de soixante-sept à droite,67,89
21239,montez de cinquante-six et puis allez de trente et un à droite,31,56
21240,montez de sept et puis allez de quarante-sept à droite,47,7
21241,montez de quatre-vingt-dix-neuf et puis allez de quatre-vingt-huit à droite,88,99
21242,montez de vingt-deux et puis allez de quatre-vingt-dix-neuf à droite,99,22
21243,montez de quatre-vingt-quatre et puis allez de vingt-neuf à droite,29,84
21244,montez de cinquante et puis allez de soixante-quatre à droite,64,50
21245,montez de vingt-trois et puis allez de trente-trois à droite,33,23
21246,montez de quatre et puis allez de cinquante-trois à droite,53,4
21247,montez de dix-neuf et puis allez de vingt-six à droite,26,19
21248,montez de vingt et un et puis allez de quatre-vingt-neuf à droite,89,21
21249,montez de quarante-neuf et puis allez de soixante-dix-neuf à droite,79,49
21250,montez de vingt-six et puis allez de cinquante-trois à droite,53,26
21251,montez de trente-trois et puis allez de quatre-vingt-trois à droite,83,33
21252,montez de cinquante-huit et puis allez de soixante-neuf à droite,69,58
21253,montez de trente-trois et puis allez de trente-deux à droite,32,33
21254,montez de vingt et puis allez de soixante-dix à droite,70,20
21255,montez de vingt-quatre et puis allez de vingt-neuf à droite,29,24
21256,montez de quatre-vingt-quatre et puis allez de quatre-vingt-seize à droite,96,84
21257,montez de vingt-huit et puis allez de soixante à droite,60,28
21258,montez de sept et puis allez de trente-trois à droite,33,7
21259,montez de soixante-trois et puis allez de trente-cinq à droite,35,63
21260,montez de soixante-huit et puis allez de quatre-vingt-dix à droite,90,68
21261,montez de soixante-seize et puis allez de quatre-vingt-dix-neuf à droite,99,76
21262,montez de soixante-cinq et puis allez de trente-cinq à droite,35,65
21263,montez de quatre-vingt-dix-neuf et puis allez de cinquante à droite,50,99
21264,montez de trente-sept et puis allez de quatre-vingt-dix-neuf à droite,99,37
21265,montez de vingt-quatre et puis allez de soixante-neuf à droite,69,24
21266,montez de quatre-vingt-six et puis allez de quarante et un à droite,41,86
21267,montez de quarante-huit et puis allez de cinquante à droite,50,48
21268,montez de trois et puis allez de quarante et un à droite,41,3
21269,montez de quarante-quatre et puis allez de quatre-vingts à droite,80,44
21270,montez de trente-neuf et puis allez de trente-huit à droite,38,39
21271,montez de soixante-treize et puis allez de soixante-neuf à droite,69,73
21272,montez de quarante-six et puis allez de dix à droite,10,46
21273,montez de vingt-huit et puis allez de soixante-deux à droite,62,28
21274,montez de quatre-vingt-deux et puis allez de quarante-neuf à droite,49,82
21275,montez de vingt-neuf et puis allez de vingt à droite,20,29
21276,montez de cinq et puis allez de soixante-dix-neuf à droite,79,5
21277,montez de vingt et puis allez de soixante-quatorze à droite,74,20
21278,montez de trente-neuf et puis allez de vingt-deux à droite,22,39
21279,montez de cinquante-six et puis allez de quinze à droite,15,56
21280,montez de soixante-dix-neuf et puis allez de quatre-vingt-dix à droite,90,79
21281,montez de quatre-vingt-douze et puis allez de quatre-vingt-treize à droite,93,92
21282,montez de vingt-deux et puis allez de soixante et onze à droite,71,22
21283,montez de quatre-vingt-douze et puis allez de quarante-cinq à droite,45,92
21284,montez de dix et puis allez de dix-neuf à droite,19,10
21285,montez de cinquante-trois et puis allez de vingt-trois à droite,23,53
21286,montez de deux et puis allez de vingt à droite,20,2
21287,montez de vingt-neuf et puis allez de quatre-vingt-dix-huit à droite,98,29
21288,montez de quatre-vingt-un et puis allez de soixante-huit à droite,68,81
21289,montez de quatre et puis allez de vingt-quatre à droite,24,4
21290,montez de trente et puis allez de dix-sept à droite,17,30
21291,montez de trente-deux et puis allez de vingt-trois à droite,23,32
21292,montez de dix-huit et puis allez de soixante et un à droite,61,18
21293,montez de vingt-deux et puis allez de soixante-huit à droite,68,22
21294,montez de quatre-vingt-trois et puis allez de quarante-cinq à droite,45,83
21295,montez de quatre et puis allez de trois à droite,3,4
21296,montez de neuf et puis allez de trente-neuf à droite,39,9
21297,montez de soixante-six et puis allez de quarante-cinq à droite,45,66
21298,montez de soixante-treize et puis allez de deux à droite,2,73
21299,montez de seize et puis allez de vingt-six à droite,26,16
21300,montez de treize et puis allez de quarante-six à droite,46,13
21301,montez de soixante-cinq et puis allez de trente-trois à droite,33,65
21302,montez de cinquante et un et puis allez de trente-cinq à droite,35,51
21303,montez de soixante et un et puis allez de quatre-vingt-dix-sept à droite,97,61
21304,montez de quarante-trois et puis allez de quarante et un à droite,41,43
21305,montez de soixante-quatre et puis allez de soixante-deux à droite,62,64
21306,montez de sept et puis allez de quatre-vingt-treize à droite,93,7
21307,montez de vingt-deux et puis allez de soixante-sept à droite,67,22
21308,montez de soixante-dix et puis allez de soixante-trois à droite,63,70
21309,montez de quatre-vingt-seize et puis allez de cinquante-quatre à droite,54,96
21310,montez de douze et puis allez de soixante-quatre à droite,64,12
21311,montez de soixante-dix-neuf et puis allez de trente et un à droite,31,79
21312,montez de cinquante-trois et puis allez de quatorze à droite,14,53
21313,montez de quatre-vingt-dix et puis allez de cinquante-sept à droite,57,90
21314,montez de soixante-quatorze et puis allez de trente-deux à droite,32,74
21315,montez de trente-cinq et puis allez de cinquante-trois à droite,53,35
21316,montez de quatre-vingt-dix-sept et puis allez de soixante-douze à droite,72,97
21317,montez de quatre-vingt-dix-neuf et puis allez de douze à droite,12,99
21318,montez de soixante-neuf et puis allez de quatre à droite,4,69
21319,montez de quatre-vingt-dix-huit et puis allez de dix-neuf à droite,19,98
21320,montez de cinquante et un et puis allez de douze à droite,12,51
21321,montez de vingt et puis allez de un à droite,1,20
21322,montez de quatre-vingt-onze et puis allez de un à droite,1,91
21323,montez de trente-trois et puis allez de quatre-vingt-quatre à droite,84,33
21324,montez de quatre-vingt-quatre et puis allez de neuf à droite,9,84
21325,montez de quarante-six et puis allez de soixante et onze à droite,71,46
21326,montez de soixante-seize et puis allez de vingt-sept à droite,27,76
21327,montez de soixante et onze et puis allez de quatre à droite,4,71
21328,montez de soixante-douze et puis allez de trente-trois à droite,33,72
21329,montez de seize et puis allez de cinquante-cinq à droite,55,16
21330,montez de quatorze et puis allez de deux à droite,2,14
21331,montez de soixante-cinq et puis allez de quarante-neuf à droite,49,65
21332,montez de soixante-deux et puis allez de cent à droite,100,62
21333,montez de trente-trois et puis allez de quatre-vingt-six à droite,86,33
21334,montez de huit et puis allez de quatre-vingt-neuf à droite,89,8
21335,montez de trois et puis allez de quatre-vingt-neuf à droite,89,3
21336,montez de vingt-six et puis allez de soixante-dix-neuf à droite,79,26
21337,montez de trois et puis allez de seize à droite,16,3
21338,montez de vingt et un et puis allez de un à droite,1,21
21339,montez de neuf et puis allez de trente et un à droite,31,9
21340,montez de vingt-sept et puis allez de vingt-quatre à droite,24,27
21341,montez de huit et puis allez de dix-sept à droite,17,8
21342,montez de quatre-vingt-dix-neuf et puis allez de soixante-quinze à droite,75,99
21343,montez de soixante-quatre et puis allez de trente-sept à droite,37,64
21344,montez de cinquante et puis allez de cinquante-cinq à droite,55,50
21345,montez de quatre-vingt-quatre et puis allez de quatre-vingts à droite,80,84
21346,montez de soixante-quatorze et puis allez de quatre-vingt-neuf à droite,89,74
21347,montez de vingt-six et puis allez de vingt-neuf à droite,29,26
21348,montez de trente et puis allez de cinquante-huit à droite,58,30
21349,montez de soixante-deux et puis allez de trois à droite,3,62
21350,montez de quatre et puis allez de vingt-huit à droite,28,4
21351,montez de quatre-vingt-six et puis allez de vingt-trois à droite,23,86
21352,montez de quatre-vingt-quatorze et puis allez de quatre-vingt-trois à droite,83,94
21353,montez de quatre-vingt-quatre et puis allez de onze à droite,11,84
21354,montez de quatre-vingt-onze et puis allez de quarante-six à droite,46,91
21355,montez de quatre-vingt-quinze et puis allez de vingt-sept à droite,27,95
21356,montez de vingt-neuf et puis allez de dix à droite,10,29
21357,montez de soixante-neuf et puis allez de quatre-vingt-quatorze à droite,94,69
21358,montez de quarante-cinq et puis allez de quatre-vingt-dix-huit à droite,98,45
21359,montez de soixante et un et puis allez de trente-deux à droite,32,61
21360,montez de trente-six et puis allez de quatre à droite,4,36
21361,montez de trente-trois et puis allez de dix-sept à droite,17,33
21362,montez de quarante et puis allez de cinquante-quatre à droite,54,40
21363,montez de soixante-huit et puis allez de quatre-vingt-quatorze à droite,94,68
21364,montez de seize et puis allez de trente-sept à droite,37,16
21365,montez de soixante-dix-neuf et puis allez de soixante-dix à droite,70,79
21366,montez de cinquante-quatre et puis allez de quatre-vingt-un à droite,81,54
21367,montez de quatre-vingt-onze et puis allez de soixante-six à droite,66,91
21368,montez de cinquante-quatre et puis allez de quatre-vingt-un à droite,81,54
21369,montez de cinquante-deux et puis allez de quinze à droite,15,52
21370,montez de dix-huit et puis allez de cinquante-six à droite,56,18
21371,montez de quarante et un et puis allez de soixante-sept à droite,67,41
21372,montez de soixante-huit et puis allez de soixante-cinq à droite,65,68
21373,montez de cinquante-six et puis allez de quarante-trois à droite,43,56
21374,montez de cinq et puis allez de quatre-vingt-seize à droite,96,5
21375,montez de quarante-neuf et puis allez de cinquante-six à droite,56,49
21376,montez de dix-neuf et puis allez de soixante-six à droite,66,19
21377,montez de quarante-deux et puis allez de cinquante-huit à droite,58,42
21378,montez de cinquante-quatre et puis allez de cinquante et un à droite,51,54
21379,montez de quarante-trois et puis allez de soixante-trois à droite,63,43
21380,montez de vingt-deux et puis allez de dix-sept à droite,17,22
21381,montez de quarante-sept et puis allez de cent à droite,100,47
21382,montez de trente-neuf et puis allez de dix-huit à droite,18,39
21383,montez de quatre-vingt-six et puis allez de trente et un à droite,31,86
21384,montez de quatre-vingt-dix-sept et puis allez de quatre-vingt-dix-huit à droite,98,97
21385,montez de soixante-huit et puis allez de cinquante-quatre à droite,54,68
21386,montez de soixante-neuf et puis allez de dix-huit à droite,18,69
21387,montez de douze et puis allez de vingt-trois à droite,23,12
21388,montez de cinquante-deux et puis allez de quinze à droite,15,52
21389,montez de trente et un et puis allez de cinquante-neuf à droite,59,31
21390,montez de soixante-dix-huit et puis allez de vingt-sept à droite,27,78
21391,montez de soixante-neuf et puis allez de trente et un à droite,31,69
21392,montez de trente-six et puis allez de trente-trois à droite,33,36
21393,montez de cinquante-deux et puis allez de vingt-trois à droite,23,52
21394,montez de trente et un et puis allez de treize à droite,13,31
21395,montez de douze et puis allez de neuf à droite,9,12
21396,montez de soixante-huit et puis allez de quatre à droite,4,68
21397,montez de cinquante-deux et puis allez de dix-neuf à droite,19,52
21398,montez de quatre et puis allez de quinze à droite,15,4
21399,montez de soixante-six et puis allez de soixante-seize à droite,76,66
21400,montez de soixante-dix-huit et puis allez de soixante-quatorze à droite,74,78
21401,montez de quatre-vingts et puis allez de cinquante-six à droite,56,80
21402,montez de soixante-neuf et puis allez de quarante-huit à droite,48,69
21403,montez de vingt-neuf et puis allez de quatre-vingt-deux à droite,82,29
21404,montez de quatre-vingt-huit et puis allez de six à droite,6,88
21405,montez de soixante-seize et puis allez de vingt-six à droite,26,76
21406,montez de quatre-vingt-un et puis allez de soixante-dix à droite,70,81
21407,montez de cinquante-cinq et puis allez de soixante-dix à droite,70,55
21408,montez de soixante-sept et puis allez de treize à droite,13,67
21409,montez de vingt-sept et puis allez de quatre-vingts à droite,80,27
21410,montez de vingt et un et puis allez de trente-quatre à droite,34,21
21411,montez de quatre-vingt-onze et puis allez de quatre-vingt-dix-huit à droite,98,91
21412,montez de soixante-seize et puis allez de quatorze à droite,14,76
21413,montez de quatre-vingt-six et puis allez de quarante-neuf à droite,49,86
21414,montez de cinquante et puis allez de soixante-cinq à droite,65,50
21415,montez de trente-cinq et puis allez de trente-sept à droite,37,35
21416,montez de onze et puis allez de sept à droite,7,11
21417,montez de neuf et puis allez de trente-huit à droite,38,9
21418,montez de neuf et puis allez de quarante-huit à droite,48,9
21419,montez de onze et puis allez de vingt à droite,20,11
21420,montez de quatre-vingt-dix-neuf et puis allez de soixante-dix à droite,70,99
21421,montez de douze et puis allez de deux à droite,2,12
21422,montez de quatre et puis allez de dix-sept à droite,17,4
21423,montez de trente et un et puis allez de quarante et un à droite,41,31
21424,montez de trente-neuf et puis allez de soixante et un à droite,61,39
21425,montez de quarante-quatre et puis allez de quatre-vingt-cinq à droite,85,44
21426,montez de quarante-neuf et puis allez de vingt-deux à droite,22,49
21427,montez de quatre-vingt-un et puis allez de cinquante-cinq à droite,55,81
21428,montez de cinquante et puis allez de vingt à droite,20,50
21429,montez de soixante et onze et puis allez de quarante et un à droite,41,71
21430,montez de soixante-sept et puis allez de soixante-douze à droite,72,67
21431,montez de soixante-neuf et puis allez de soixante-sept à droite,67,69
21432,montez de quatre-vingt-huit et puis allez de treize à droite,13,88
21433,montez de quatre-vingt-dix-neuf et puis allez de quatre-vingt-neuf à droite,89,99
21434,montez de soixante-cinq et puis allez de vingt-huit à droite,28,65
21435,montez de trente-six et puis allez de vingt-deux à droite,22,36
21436,montez de soixante et puis allez de trente à droite,30,60
21437,montez de dix-neuf et puis allez de quatre-vingt-dix-sept à droite,97,19
21438,montez de soixante-quatorze et puis allez de soixante-seize à droite,76,74
21439,montez de quatorze et puis allez de quatre-vingt-douze à droite,92,14
21440,montez de dix-huit et puis allez de vingt-cinq à droite,25,18
21441,montez de soixante-sept et puis allez de quatre-vingt-deux à droite,82,67
21442,montez de soixante-neuf et puis allez de trente-sept à droite,37,69
21443,montez de cinquante-six et puis allez de vingt à droite,20,56
21444,montez de quarante-cinq et puis allez de soixante-quinze à droite,75,45
21445,montez de quatre-vingt-quatorze et puis allez de vingt et un à droite,21,94
21446,montez de trente-quatre et puis allez de cent à droite,100,34
21447,montez de trois et puis allez de soixante-quatre à droite,64,3
21448,montez de soixante-trois et puis allez de quatre-vingt-cinq à droite,85,63
21449,montez de soixante-six et puis allez de vingt et un à droite,21,66
21450,montez de quarante-cinq et puis allez de cinquante-neuf à droite,59,45
21451,montez de quatre-vingt-deux et puis allez de soixante-huit à droite,68,82
21452,montez de trente-neuf et puis allez de sept à droite,7,39
21453,montez de quatre-vingt-seize et puis allez de quarante-huit à droite,48,96
21454,montez de seize et puis allez de soixante-quatre à droite,64,16
21455,montez de treize et puis allez de quatre-vingt-dix-huit à droite,98,13
21456,montez de quatre et puis allez de quatre-vingt-seize à droite,96,4
21457,montez de trente-cinq et puis allez de soixante-treize à droite,73,35
21458,montez de quatre-vingt-seize et puis allez de quatre à droite,4,96
21459,montez de trente et puis allez de quatre-vingt-onze à droite,91,30
21460,montez de dix-sept et puis allez de quatre-vingt-dix-huit à droite,98,17
21461,montez de trente et puis allez de dix-neuf à droite,19,30
21462,montez de soixante-dix-huit et puis allez de cinquante-neuf à droite,59,78
21463,montez de trente-six et puis allez de soixante-trois à droite,63,36
21464,montez de quatre-vingt-dix-huit et puis allez de dix-neuf à droite,19,98
21465,montez de quatorze et puis allez de neuf à droite,9,14
21466,montez de soixante et puis allez de dix-sept à droite,17,60
21467,montez de quarante-cinq et puis allez de soixante-treize à droite,73,45
21468,montez de soixante-dix et puis allez de treize à droite,13,70
21469,montez de soixante et onze et puis allez de soixante-six à droite,66,71
21470,montez de soixante et puis allez de cinquante-cinq à droite,55,60
21471,montez de trente-quatre et puis allez de seize à droite,16,34
21472,montez de vingt-sept et puis allez de seize à droite,16,27
21473,montez de trente-cinq et puis allez de quatre-vingts à droite,80,35
21474,montez de soixante et puis allez de dix-huit à droite,18,60
21475,montez de quatre-vingt-dix-sept et puis allez de neuf à droite,9,97
21476,montez de soixante-trois et puis allez de cinquante-trois à droite,53,63
21477,montez de quarante-quatre et puis allez de cinquante-quatre à droite,54,44
21478,montez de cinquante-six et puis allez de soixante-neuf à droite,69,56
21479,montez de soixante-treize et puis allez de quatre-vingt-un à droite,81,73
21480,montez de six et puis allez de trente-quatre à droite,34,6
21481,montez de trente-quatre et puis allez de quarante-cinq à droite,45,34
21482,montez de quatre-vingt-dix-sept et puis allez de soixante-douze à droite,72,97
21483,montez de trente-trois et puis allez de cinquante-quatre à droite,54,33
21484,montez de soixante-seize et puis allez de quatre-vingt-six à droite,86,76
21485,montez de quatre-vingt-dix-neuf et puis allez de trente-quatre à droite,34,99
21486,montez de quatre-vingt-neuf et puis allez de cinquante-six à droite,56,89
21487,montez de vingt-quatre et puis allez de quatre-vingt-douze à droite,92,24
21488,montez de soixante-trois et puis allez de quatre-vingt-treize à droite,93,63
21489,montez de soixante-trois et puis allez de soixante à droite,60,63
21490,montez de vingt et un et puis allez de trente-sept à droite,37,21
21491,montez de trente-deux et puis allez de cinquante et un à droite,51,32
21492,montez de quatre-vingt-seize et puis allez de trente à droite,30,96
21493,montez de quarante-trois et puis allez de trente-deux à droite,32,43
21494,montez de soixante-sept et puis allez de vingt et un à droite,21,67
21495,montez de quarante-cinq et puis allez de treize à droite,13,45
21496,montez de soixante et un et puis allez de soixante-sept à droite,67,61
21497,montez de quarante-huit et puis allez de quatre-vingt-dix à droite,90,48
21498,montez de soixante-quinze et puis allez de neuf à droite,9,75
21499,montez de cinquante-deux et puis allez de quatre-vingts à droite,80,52
21500,montez de soixante-douze et puis allez de quatre-vingt-neuf à droite,89,72
21501,montez de soixante et un et puis allez de quatre-vingt-cinq à droite,85,61
21502,montez de trente et puis allez de trente à droite,30,30
21503,montez de dix et puis allez de trente-six à droite,36,10
21504,montez de quatre-vingt-dix-sept et puis allez de quarante et un à droite,41,97
21505,montez de quatre-vingt-onze et puis allez de quatre-vingt-six à droite,86,91
21506,montez de soixante-dix-sept et puis allez de soixante-dix-huit à droite,78,77
21507,montez de cent et puis allez de vingt à droite,20,100
21508,montez de cinquante-deux et puis allez de quarante-quatre à droite,44,52
21509,montez de quatre-vingt-neuf et puis allez de trente-neuf à droite,39,89
21510,montez de quarante-neuf et puis allez de quatre-vingt-onze à droite,91,49
21511,montez de neuf et puis allez de quatre-vingt-quatre à droite,84,9
21512,montez de cinquante et puis allez de soixante-deux à droite,62,50
21513,montez de trente-huit et puis allez de quatre-vingt-treize à droite,93,38
21514,montez de trente-neuf et puis allez de soixante-dix-neuf à droite,79,39
21515,montez de trente-deux et puis allez de deux à droite,2,32
21516,montez de trente et puis allez de cinquante-cinq à droite,55,30
21517,montez de quarante-six et puis allez de quatre-vingts à droite,80,46
21518,montez de cinquante-trois et puis allez de sept à droite,7,53
21519,montez de quatre-vingt-treize et puis allez de quarante-deux à droite,42,93
21520,montez de quarante-trois et puis allez de quarante-deux à droite,42,43
21521,montez de six et puis allez de soixante-douze à droite,72,6
21522,montez de cent et puis allez de soixante-cinq à droite,65,100
21523,montez de cinquante-neuf et puis allez de quarante-sept à droite,47,59
21524,montez de quatre-vingt-quinze et puis allez de soixante-cinq à droite,65,95
21525,montez de quatre et puis allez de soixante-dix-huit à droite,78,4
21526,montez de quatre-vingt-sept et puis allez de soixante-dix-huit à droite,78,87
21527,montez de vingt-huit et puis allez de vingt-huit à droite,28,28
21528,montez de cinquante-neuf et puis allez de quinze à droite,15,59
21529,montez de douze et puis allez de vingt-huit à droite,28,12
21530,montez de seize et puis allez de quatre-vingt-cinq à droite,85,16
21531,montez de soixante-dix-sept et puis allez de quatorze à droite,14,77
21532,montez de soixante-neuf et puis allez de quatre-vingt-deux à droite,82,69
21533,montez de un et puis allez de neuf à droite,9,1
21534,montez de quarante-neuf et puis allez de soixante-dix-sept à droite,77,49
21535,montez de vingt-six et puis allez de quatre-vingt-neuf à droite,89,26
21536,montez de soixante-treize et puis allez de quatre-vingt-douze à droite,92,73
21537,montez de quarante-sept et puis allez de cinquante-huit à droite,58,47
21538,montez de cinquante-six et puis allez de vingt-deux à droite,22,56
21539,montez de trente-cinq et puis allez de trente-huit à droite,38,35
21540,montez de vingt-huit et puis allez de quatre-vingt-dix-neuf à droite,99,28
21541,montez de treize et puis allez de quatre-vingt-douze à droite,92,13
21542,montez de quarante-neuf et puis allez de soixante-quinze à droite,75,49
21543,montez de quatorze et puis allez de trente-trois à droite,33,14
21544,montez de trente et puis allez de quarante-trois à droite,43,30
21545,montez de vingt-cinq et puis allez de quatre-vingt-neuf à droite,89,25
21546,montez de trente-six et puis allez de quatre-vingt-onze à droite,91,36
21547,montez de un et puis allez de cinquante à droite,50,1
21548,montez de soixante-trois et puis allez de soixante-treize à droite,73,63
21549,montez de un et puis allez de quarante à droite,40,1
21550,montez de cinquante-huit et puis allez de six à droite,6,58
21551,montez de vingt-quatre et puis allez de trente-huit à droite,38,24
21552,montez de quarante et un et puis allez de vingt à droite,20,41
21553,montez de vingt-neuf et puis allez de quatre à droite,4,29
21554,montez de soixante-neuf et puis allez de soixante-trois à droite,63,69
21555,montez de soixante et puis allez de soixante-dix à droite,70,60
21556,montez de quatre-vingt-cinq et puis allez de neuf à droite,9,85
21557,montez de quatre-vingt-six et puis allez de vingt-cinq à droite,25,86
21558,montez de soixante-dix-neuf et puis allez de cinquante-neuf à droite,59,79
21559,montez de quatorze et puis allez de soixante-douze à droite,72,14
21560,montez de quatre-vingt-quatorze et puis allez de trente-sept à droite,37,94
21561,montez de soixante-seize et puis allez de soixante et un à droite,61,76
21562,montez de vingt-neuf et puis allez de vingt-neuf à droite,29,29
21563,montez de soixante-quatre et puis allez de treize à droite,13,64
21564,montez de quarante-cinq et puis allez de soixante et onze à droite,71,45
21565,montez de vingt-six et puis allez de neuf à droite,9,26
21566,montez de cinq et puis allez de quatre-vingt-sept à droite,87,5
21567,montez de quatre-vingt-quatre et puis allez de trois à droite,3,84
21568,montez de dix-neuf et puis allez de dix-neuf à droite,19,19
21569,montez de onze et puis allez de quatre-vingt-dix-huit à droite,98,11
21570,montez de quarante-cinq et puis allez de quarante-trois à droite,43,45
21571,montez de trente-deux et puis allez de vingt-quatre à droite,24,32
21572,montez de trente et puis allez de neuf à droite,9,30
21573,montez de quatre-vingt-trois et puis allez de quarante et un à droite,41,83
21574,montez de cinquante-cinq et puis allez de quarante-neuf à droite,49,55
21575,montez de soixante-deux et puis allez de soixante-dix à droite,70,62
21576,montez de vingt-trois et puis allez de trente-huit à droite,38,23
21577,montez de soixante-dix-neuf et puis allez de quarante-six à droite,46,79
21578,montez de onze et puis allez de deux à droite,2,11
21579,montez de soixante-deux et puis allez de huit à droite,8,62
21580,montez de douze et puis allez de cinquante et un à droite,51,12
21581,montez de quatre-vingt-sept et puis allez de quarante-cinq à droite,45,87
21582,montez de quatre-vingt-onze et puis allez de soixante-dix-neuf à droite,79,91
21583,montez de cinquante et puis allez de six à droite,6,50
21584,montez de vingt et un et puis allez de quarante et un à droite,41,21
21585,montez de quarante-huit et puis allez de vingt à droite,20,48
21586,montez de soixante-huit et puis allez de cinquante-neuf à droite,59,68
21587,montez de quatre-vingt-quatorze et puis allez de quatre-vingt-trois à droite,83,94
21588,montez de quatre-vingt-dix-neuf et puis allez de quatre-vingt-treize à droite,93,99
21589,montez de soixante-dix-huit et puis allez de quarante-sept à droite,47,78
21590,montez de vingt-quatre et puis allez de quatre-vingt-neuf à droite,89,24
21591,montez de soixante-treize et puis allez de soixante et un à droite,61,73
21592,montez de soixante-dix-neuf et puis allez de quatre-vingt-treize à droite,93,79
21593,montez de neuf et puis allez de cinquante-neuf à droite,59,9
21594,montez de vingt et puis allez de vingt-neuf à droite,29,20
21595,montez de quatre-vingt-dix-neuf et puis allez de vingt-six à droite,26,99
21596,montez de cinquante-quatre et puis allez de quatre-vingt-cinq à droite,85,54
21597,montez de soixante-trois et puis allez de quinze à droite,15,63
21598,montez de quatre-vingt-quatre et puis allez de quatre-vingt-quatorze à droite,94,84
21599,montez de cinquante-huit et puis allez de vingt à droite,20,58
21600,montez de quarante-sept et puis allez de soixante-quatre à droite,64,47
21601,montez de quatre-vingt-un et puis allez de trente à droite,30,81
21602,montez de sept et puis allez de quarante à droite,40,7
21603,montez de quatre-vingt-neuf et puis allez de soixante-dix-huit à droite,78,89
21604,montez de trente-trois et puis allez de trois à droite,3,33
21605,montez de deux et puis allez de deux à droite,2,2
21606,montez de vingt-sept et puis allez de dix-huit à droite,18,27
21607,montez de vingt-deux et puis allez de quatre-vingt-dix-sept à droite,97,22
21608,montez de soixante et puis allez de dix-sept à droite,17,60
21609,montez de cinquante-deux et puis allez de vingt et un à droite,21,52
21610,montez de dix-huit et puis allez de vingt-deux à droite,22,18
21611,montez de quarante-quatre et puis allez de douze à droite,12,44
21612,montez de trente et puis allez de cent à droite,100,30
21613,montez de quarante-trois et puis allez de quatre-vingt-deux à droite,82,43
21614,montez de quatre-vingt-sept et puis allez de quarante-deux à droite,42,87
21615,montez de soixante-seize et puis allez de vingt-neuf à droite,29,76
21616,montez de cent et puis allez de vingt-sept à droite,27,100
21617,montez de cinquante-huit et puis allez de trente et un à droite,31,58
21618,montez de trente-quatre et puis allez de vingt-sept à droite,27,34
21619,montez de cinquante-trois et puis allez de quatre-vingt-onze à droite,91,53
21620,montez de soixante-douze et puis allez de soixante-dix-huit à droite,78,72
21621,montez de soixante-quatorze et puis allez de douze à droite,12,74
21622,montez de quatre-vingt-six et puis allez de cinquante-sept à droite,57,86
21623,montez de dix et puis allez de vingt-huit à droite,28,10
21624,montez de quatre-vingt-huit et puis allez de soixante à droite,60,88
21625,montez de vingt-neuf et puis allez de quatre-vingt-quatorze à droite,94,29
21626,montez de soixante-sept et puis allez de quatre à droite,4,67
21627,montez de huit et puis allez de dix-neuf à droite,19,8
21628,montez de deux et puis allez de cinquante-sept à droite,57,2
21629,montez de vingt et un et puis allez de soixante-deux à droite,62,21
21630,montez de quatre-vingt-un et puis allez de cinquante-six à droite,56,81
21631,montez de quatre-vingt-six et puis allez de trente à droite,30,86
21632,montez de soixante-treize et puis allez de quatre-vingt-quinze à droite,95,73
21633,montez de cinquante et puis allez de trente-neuf à droite,39,50
21634,montez de neuf et puis allez de vingt-six à droite,26,9
21635,montez de sept et puis allez de soixante-dix-sept à droite,77,7
21636,montez de quinze et puis allez de quatre-vingt-treize à droite,93,15
21637,montez de soixante-douze et puis allez de soixante-dix-neuf à droite,79,72
21638,montez de quatre-vingts et puis allez de soixante-cinq à droite,65,80
21639,montez de dix-neuf et puis allez de soixante-dix-neuf à droite,79,19
21640,montez de soixante-trois et puis allez de soixante-quatorze à droite,74,63
21641,montez de quatre-vingt-douze et puis allez de huit à droite,8,92
21642,montez de vingt-cinq et puis allez de cinquante-trois à droite,53,25
21643,montez de quatre-vingt-neuf et puis allez de soixante-dix-huit à droite,78,89
21644,montez de quatre-vingt-quinze et puis allez de vingt-six à droite,26,95
21645,montez de trente et puis allez de dix-huit à droite,18,30
21646,montez de vingt-quatre et puis allez de cinquante-trois à droite,53,24
21647,montez de dix et puis allez de vingt-huit à droite,28,10
21648,montez de cinq et puis allez de vingt-deux à droite,22,5
21649,montez de quatre-vingt-seize et puis allez de soixante-dix à droite,70,96
21650,montez de quatre-vingt-dix-huit et puis allez de quarante-quatre à droite,44,98
21651,montez de soixante-sept et puis allez de quatorze à droite,14,67
21652,montez de soixante et onze et puis allez de soixante-sept à droite,67,71
21653,montez de quarante et un et puis allez de quarante-neuf à droite,49,41
21654,montez de vingt-huit et puis allez de soixante-cinq à droite,65,28
21655,montez de neuf et puis allez de soixante-treize à droite,73,9
21656,montez de quatre et puis allez de treize à droite,13,4
21657,montez de soixante-dix-sept et puis allez de seize à droite,16,77
21658,montez de soixante-huit et puis allez de soixante-dix à droite,70,68
21659,montez de vingt-cinq et puis allez de quatre-vingt-huit à droite,88,25
21660,montez de un et puis allez de soixante-douze à droite,72,1
21661,montez de soixante-huit et puis allez de trente-deux à droite,32,68
21662,montez de quatre-vingt-dix-huit et puis allez de soixante-quinze à droite,75,98
21663,montez de soixante-six et puis allez de quinze à droite,15,66
21664,montez de soixante et puis allez de trente-six à droite,36,60
21665,montez de treize et puis allez de vingt-neuf à droite,29,13
21666,montez de quarante-sept et puis allez de quatre-vingt-dix-neuf à droite,99,47
21667,montez de soixante-dix et puis allez de trente-neuf à droite,39,70
21668,montez de soixante-dix-neuf et puis allez de quatre-vingt-quatorze à droite,94,79
21669,montez de soixante-six et puis allez de dix-sept à droite,17,66
21670,montez de trente-quatre et puis allez de quatre-vingt-dix-huit à droite,98,34
21671,montez de soixante-dix et puis allez de dix-huit à droite,18,70
21672,montez de sept et puis allez de quatre-vingt-dix-huit à droite,98,7
21673,montez de vingt-deux et puis allez de trente-trois à droite,33,22
21674,montez de dix-neuf et puis allez de quatre-vingts à droite,80,19
21675,montez de vingt-deux et puis allez de quatre-vingt-trois à droite,83,22
21676,montez de vingt-cinq et puis allez de vingt-cinq à droite,25,25
21677,montez de vingt-huit et puis allez de soixante-quinze à droite,75,28
21678,montez de trente et un et puis allez de cinquante-deux à droite,52,31
21679,montez de trente-trois et puis allez de cinquante-huit à droite,58,33
21680,montez de dix-huit et puis allez de cinquante-six à droite,56,18
21681,montez de cinquante-neuf et puis allez de quatre-vingt-dix-neuf à droite,99,59
21682,montez de soixante-treize et puis allez de cinquante-neuf à droite,59,73
21683,montez de cinquante-neuf et puis allez de quarante-trois à droite,43,59
21684,montez de trois et puis allez de quatre-vingts à droite,80,3
21685,montez de dix-neuf et puis allez de quatre-vingt-treize à droite,93,19
21686,montez de cinquante-deux et puis allez de six à droite,6,52
21687,montez de soixante-treize et puis allez de quatre-vingt-quatre à droite,84,73
21688,montez de quatre et puis allez de quatre à droite,4,4
21689,montez de soixante-dix et puis allez de soixante à droite,60,70
21690,montez de soixante et onze et puis allez de soixante-dix-neuf à droite,79,71
21691,montez de cinquante-six et puis allez de un à droite,1,56
21692,montez de quarante-huit et puis allez de quatre-vingt-dix-huit à droite,98,48
21693,montez de quatre et puis allez de onze à droite,11,4
21694,montez de soixante et un et puis allez de cent à droite,100,61
21695,montez de quatre-vingt-quatorze et puis allez de quatre-vingt-dix à droite,90,94
21696,montez de quarante-deux et puis allez de vingt à droite,20,42
21697,montez de soixante-huit et puis allez de treize à droite,13,68
21698,montez de six et puis allez de vingt-cinq à droite,25,6
21699,montez de soixante-douze et puis allez de soixante-douze à droite,72,72
21700,montez de soixante-seize et puis allez de vingt-cinq à droite,25,76
21701,montez de quatre et puis allez de trente-six à droite,36,4
21702,montez de quatre-vingt-deux et puis allez de six à droite,6,82
21703,montez de un et puis allez de quatre-vingt-huit à droite,88,1
21704,montez de soixante-douze et puis allez de soixante à droite,60,72
21705,montez de quatre-vingt-six et puis allez de quatre-vingt-dix-sept à droite,97,86
21706,montez de un et puis allez de six à droite,6,1
21707,montez de quarante-cinq et puis allez de quatorze à droite,14,45
21708,montez de soixante et onze et puis allez de soixante-sept à droite,67,71
21709,montez de soixante-quinze et puis allez de quatre à droite,4,75
21710,montez de cinquante-six et puis allez de trente-deux à droite,32,56
21711,montez de cinquante-deux et puis allez de soixante et onze à droite,71,52
21712,montez de quarante-sept et puis allez de sept à droite,7,47
21713,montez de huit et puis allez de quarante-quatre à droite,44,8
21714,montez de seize et puis allez de quatre-vingt-neuf à droite,89,16
21715,montez de cinquante-sept et puis allez de quatre-vingt-six à droite,86,57
21716,montez de quarante et un et puis allez de trente-trois à droite,33,41
21717,montez de soixante-neuf et puis allez de trente-sept à droite,37,69
21718,montez de quatre-vingt-quatre et puis allez de trente et un à droite,31,84
21719,montez de trente-trois et puis allez de soixante-trois à droite,63,33
21720,montez de soixante-quatorze et puis allez de soixante-quinze à droite,75,74
21721,montez de trente-huit et puis allez de vingt-cinq à droite,25,38
21722,montez de quatre-vingt-dix-huit et puis allez de sept à droite,7,98
21723,montez de quatre-vingt-dix et puis allez de quatre-vingt-treize à droite,93,90
21724,montez de soixante-huit et puis allez de vingt et un à droite,21,68
21725,montez de soixante-quinze et puis allez de soixante à droite,60,75
21726,montez de cinquante-neuf et puis allez de soixante-dix-huit à droite,78,59
21727,montez de quatre-vingt-dix-neuf et puis allez de vingt et un à droite,21,99
21728,montez de soixante et puis allez de treize à droite,13,60
21729,montez de quarante-quatre et puis allez de quatre-vingt-sept à droite,87,44
21730,montez de neuf et puis allez de quarante-quatre à droite,44,9
21731,montez de soixante-trois et puis allez de cinquante-neuf à droite,59,63
21732,montez de douze et puis allez de onze à droite,11,12
21733,montez de soixante-quatre et puis allez de quatre-vingt-trois à droite,83,64
21734,montez de quarante-sept et puis allez de cinquante-deux à droite,52,47
21735,montez de quatre-vingt-six et puis allez de vingt-sept à droite,27,86
21736,montez de quatre-vingt-six et puis allez de cinquante-trois à droite,53,86
21737,montez de cinquante et puis allez de trente-sept à droite,37,50
21738,montez de quatre-vingt-un et puis allez de cinquante-trois à droite,53,81
21739,montez de soixante et un et puis allez de soixante-quatre à droite,64,61
21740,montez de cinquante-huit et puis allez de soixante et onze à droite,71,58
21741,montez de treize et puis allez de onze à droite,11,13
21742,montez de soixante-dix-huit et puis allez de cinquante à droite,50,78
21743,montez de cinquante-cinq et puis allez de quarante-quatre à droite,44,55
21744,montez de cinquante-quatre et puis allez de quarante-sept à droite,47,54
21745,montez de soixante-neuf et puis allez de soixante et onze à droite,71,69
21746,montez de soixante et onze et puis allez de quarante-huit à droite,48,71
21747,montez de soixante-dix-sept et puis allez de quarante-deux à droite,42,77
21748,montez de quatre-vingt-dix-sept et puis allez de trente-huit à droite,38,97
21749,montez de quarante-cinq et puis allez de soixante-neuf à droite,69,45
21750,montez de soixante-neuf et puis allez de quarante-trois à droite,43,69
21751,montez de quarante-neuf et puis allez de trente-huit à droite,38,49
21752,montez de quatre-vingt-douze et puis allez de quatre-vingt-seize à droite,96,92
21753,montez de trente et un et puis allez de quatre-vingt-un à droite,81,31
21754,montez de soixante-dix-neuf et puis allez de soixante-dix-neuf à droite,79,79
21755,montez de vingt-huit et puis allez de quatre-vingt-deux à droite,82,28
21756,montez de cinquante-trois et puis allez de vingt-huit à droite,28,53
21757,montez de dix-huit et puis allez de vingt et un à droite,21,18
21758,montez de quatre et puis allez de soixante et onze à droite,71,4
21759,montez de cinquante et puis allez de dix-huit à droite,18,50
21760,montez de soixante et onze et puis allez de trente-huit à droite,38,71
21761,montez de vingt-cinq et puis allez de seize à droite,16,25
21762,montez de trente-huit et puis allez de soixante-quatorze à droite,74,38
21763,montez de vingt-huit et puis allez de quatre-vingt-neuf à droite,89,28
21764,montez de quatre-vingt-treize et puis allez de quatre-vingt-cinq à droite,85,93
21765,montez de trente-six et puis allez de cinquante-six à droite,56,36
21766,montez de neuf et puis allez de vingt-quatre à droite,24,9
21767,montez de cinquante-huit et puis allez de quatre-vingt-huit à droite,88,58
21768,montez de huit et puis allez de soixante-deux à droite,62,8
21769,montez de cinquante-trois et puis allez de quatre-vingt-seize à droite,96,53
21770,montez de vingt-trois et puis allez de quatre-vingt-deux à droite,82,23
21771,montez de trente-sept et puis allez de dix-huit à droite,18,37
21772,montez de soixante et onze et puis allez de quatre-vingt-deux à droite,82,71
21773,montez de vingt-cinq et puis allez de quarante et un à droite,41,25
21774,montez de quatre-vingt-quatre et puis allez de trente à droite,30,84
21775,montez de quinze et puis allez de cinquante-six à droite,56,15
21776,montez de un et puis allez de quatre-vingt-deux à droite,82,1
21777,montez de quarante-cinq et puis allez de soixante-huit à droite,68,45
21778,montez de cinquante-sept et puis allez de soixante-six à droite,66,57
21779,montez de soixante-dix-neuf et puis allez de quarante-deux à droite,42,79
21780,montez de soixante-quinze et puis allez de cinquante-deux à droite,52,75
21781,montez de six et puis allez de trente et un à droite,31,6
21782,montez de quatre-vingt-quatre et puis allez de quatre-vingt-quinze à droite,95,84
21783,montez de trente-quatre et puis allez de cinquante-quatre à droite,54,34
21784,montez de quatre-vingt-quinze et puis allez de quatre-vingt-quatre à droite,84,95
21785,montez de soixante-cinq et puis allez de six à droite,6,65
21786,montez de quatre et puis allez de un à droite,1,4
21787,montez de soixante-treize et puis allez de cinquante-cinq à droite,55,73
21788,montez de quatre-vingt-un et puis allez de quatre-vingt-seize à droite,96,81
21789,montez de huit et puis allez de cinquante-sept à droite,57,8
21790,montez de vingt-deux et puis allez de vingt-six à droite,26,22
21791,montez de quatorze et puis allez de vingt-six à droite,26,14
21792,montez de cinquante et puis allez de quatre-vingt-un à droite,81,50
21793,montez de soixante-huit et puis allez de soixante et un à droite,61,68
21794,montez de trente-huit et puis allez de trente-neuf à droite,39,38
21795,montez de trente-huit et puis allez de quinze à droite,15,38
21796,montez de soixante-huit et puis allez de onze à droite,11,68
21797,montez de soixante-treize et puis allez de cinquante-quatre à droite,54,73
21798,montez de quarante-quatre et puis allez de vingt et un à droite,21,44
21799,montez de quatre-vingt-trois et puis allez de cinquante-six à droite,56,83
21800,montez de soixante-six et puis allez de cinquante-sept à droite,57,66
21801,montez de vingt et un et puis allez de soixante-sept à droite,67,21
21802,montez de cinquante et puis allez de seize à droite,16,50
21803,montez de cinquante-neuf et puis allez de quarante-deux à droite,42,59
21804,montez de quarante-huit et puis allez de cinquante-deux à droite,52,48
21805,montez de soixante et onze et puis allez de soixante et onze à droite,71,71
21806,montez de quatre-vingt-quatorze et puis allez de quarante-huit à droite,48,94
21807,montez de treize et puis allez de cinq à droite,5,13
21808,montez de soixante-dix-sept et puis allez de quatorze à droite,14,77
21809,montez de six et puis allez de soixante-huit à droite,68,6
21810,montez de treize et puis allez de quatre-vingt-cinq à droite,85,13
21811,montez de cinquante et puis allez de soixante-quatre à droite,64,50
21812,montez de douze et puis allez de quatre-vingt-treize à droite,93,12
21813,montez de trente et un et puis allez de soixante-treize à droite,73,31
21814,montez de quatre-vingt-dix-neuf et puis allez de quatre-vingt-treize à droite,93,99
21815,montez de quatre-vingt-quinze et puis allez de soixante-dix à droite,70,95
21816,montez de trente-cinq et puis allez de trente-huit à droite,38,35
21817,montez de quatre-vingt-quinze et puis allez de quarante-neuf à droite,49,95
21818,montez de quatre-vingt-dix-sept et puis allez de sept à droite,7,97
21819,montez de quatre-vingt-seize et puis allez de vingt-quatre à droite,24,96
21820,montez de cinquante-neuf et puis allez de trente-deux à droite,32,59
21821,montez de seize et puis allez de trente-trois à droite,33,16
21822,montez de vingt-cinq et puis allez de quatorze à droite,14,25
21823,montez de quarante et un et puis allez de neuf à droite,9,41
21824,montez de huit et puis allez de quatre-vingt-dix-huit à droite,98,8
21825,montez de vingt-cinq et puis allez de un à droite,1,25
21826,montez de soixante-dix-huit et puis allez de trente-huit à droite,38,78
21827,montez de quatre-vingt-un et puis allez de cinquante-cinq à droite,55,81
21828,montez de soixante-quinze et puis allez de quatre-vingt-sept à droite,87,75
21829,montez de quatre-vingt-deux et puis allez de cinquante-deux à droite,52,82
21830,montez de trente et un et puis allez de trente-neuf à droite,39,31
21831,montez de cinquante-sept et puis allez de quarante-huit à droite,48,57
21832,montez de quatre-vingt-un et puis allez de quarante-neuf à droite,49,81
21833,montez de trente-deux et puis allez de soixante-neuf à droite,69,32
21834,montez de cinq et puis allez de vingt-cinq à droite,25,5
21835,montez de trente-cinq et puis allez de quarante-quatre à droite,44,35
21836,montez de quarante et un et puis allez de soixante-huit à droite,68,41
21837,montez de soixante-dix-sept et puis allez de quatre-vingt-sept à droite,87,77
21838,montez de trois et puis allez de vingt-neuf à droite,29,3
21839,montez de quarante et un et puis allez de trente-six à droite,36,41
21840,montez de vingt-deux et puis allez de vingt et un à droite,21,22
21841,montez de quatre-vingt-dix-sept et puis allez de cinquante-six à droite,56,97
21842,montez de soixante et onze et puis allez de quatorze à droite,14,71
21843,montez de trente-neuf et puis allez de un à droite,1,39
21844,montez de trente-sept et puis allez de quatre-vingt-un à droite,81,37
21845,montez de dix-sept et puis allez de soixante-trois à droite,63,17
21846,montez de soixante et un et puis allez de treize à droite,13,61
21847,montez de seize et puis allez de quatre-vingt-treize à droite,93,16
21848,montez de cinquante-huit et puis allez de cinquante et un à droite,51,58
21849,montez de quatre-vingt-un et puis allez de quatre-vingt-cinq à droite,85,81
21850,montez de soixante-seize et puis allez de soixante-cinq à droite,65,76
21851,montez de soixante-neuf et puis allez de cinquante-trois à droite,53,69
21852,montez de soixante-quatorze et puis allez de quatre-vingt-douze à droite,92,74
21853,montez de quatre-vingt-six et puis allez de deux à droite,2,86
21854,montez de cinquante-sept et puis allez de dix à droite,10,57
21855,montez de soixante-quatre et puis allez de cinquante-trois à droite,53,64
21856,montez de quatre-vingt-quatre et puis allez de vingt-quatre à droite,24,84
21857,montez de quatre-vingt-dix et puis allez de treize à droite,13,90
21858,montez de cinquante-huit et puis allez de dix à droite,10,58
21859,montez de cinquante-quatre et puis allez de quatre-vingt-dix à droite,90,54
21860,montez de soixante-quatre et puis allez de quatre-vingt-onze à droite,91,64
21861,montez de quatre-vingt-un et puis allez de cinquante-sept à droite,57,81
21862,montez de soixante-deux et puis allez de trente-six à droite,36,62
21863,montez de soixante-neuf et puis allez de dix à droite,10,69
21864,montez de soixante-quinze et puis allez de quatre-vingt-huit à droite,88,75
21865,montez de quarante-cinq et puis allez de soixante-quatorze à droite,74,45
21866,montez de quarante-huit et puis allez de dix-sept à droite,17,48
21867,montez de quarante-quatre et puis allez de trente-huit à droite,38,44
21868,montez de trente-trois et puis allez de trente-huit à droite,38,33
21869,montez de cinquante-trois et puis allez de quatorze à droite,14,53
21870,montez de soixante et puis allez de soixante-dix-sept à droite,77,60
21871,montez de neuf et puis allez de quarante-quatre à droite,44,9
21872,montez de un et puis allez de vingt-deux à droite,22,1
21873,montez de quarante-deux et puis allez de vingt-quatre à droite,24,42
21874,montez de soixante et un et puis allez de trente-deux à droite,32,61
21875,montez de quarante-six et puis allez de soixante et un à droite,61,46
21876,montez de quarante-sept et puis allez de quarante à droite,40,47
21877,montez de soixante et onze et puis allez de vingt à droite,20,71
21878,montez de quarante-quatre et puis allez de vingt-trois à droite,23,44
21879,montez de onze et puis allez de quatre-vingt-quatorze à droite,94,11
21880,montez de quatre-vingt-quatorze et puis allez de soixante-neuf à droite,69,94
21881,montez de trente-neuf et puis allez de quatre-vingt-treize à droite,93,39
21882,montez de quatre-vingt-quinze et puis allez de trente-six à droite,36,95
21883,montez de onze et puis allez de quatre-vingt-treize à droite,93,11
21884,montez de quatre-vingt-seize et puis allez de quatre-vingt-treize à droite,93,96
21885,montez de quatre-vingt-deux et puis allez de seize à droite,16,82
21886,montez de soixante-dix-huit et puis allez de seize à droite,16,78
21887,montez de cinquante-six et puis allez de soixante-deux à droite,62,56
21888,montez de vingt-six et puis allez de vingt-huit à droite,28,26
21889,montez de soixante-trois et puis allez de quarante-deux à droite,42,63
21890,montez de quatre-vingt-deux et puis allez de quarante-quatre à droite,44,82
21891,montez de huit et puis allez de quatre-vingt-sept à droite,87,8
21892,montez de soixante-dix et puis allez de soixante-quinze à droite,75,70
21893,montez de quatre-vingt-quatorze et puis allez de vingt-trois à droite,23,94
21894,montez de soixante-seize et puis allez de quarante-six à droite,46,76
21895,montez de quarante-trois et puis allez de cent à droite,100,43
21896,montez de trente et un et puis allez de quarante-deux à droite,42,31
21897,montez de soixante et puis allez de quatre-vingt-dix-sept à droite,97,60
21898,montez de cinquante-trois et puis allez de quarante et un à droite,41,53
21899,montez de trente et un et puis allez de vingt-trois à droite,23,31
21900,montez de vingt-cinq et puis allez de soixante-sept à droite,67,25
21901,montez de quarante et un et puis allez de treize à droite,13,41
21902,montez de quatre-vingts et puis allez de soixante-six à droite,66,80
21903,montez de trente-huit et puis allez de cinquante-six à droite,56,38
21904,montez de vingt et un et puis allez de onze à droite,11,21
21905,montez de quatre-vingt-dix-huit et puis allez de vingt et un à droite,21,98
21906,montez de cent et puis allez de vingt-neuf à droite,29,100
21907,montez de cinq et puis allez de soixante-trois à droite,63,5
21908,montez de soixante-six et puis allez de vingt et un à droite,21,66
21909,montez de dix-huit et puis allez de vingt à droite,20,18
21910,montez de treize et puis allez de cinquante-cinq à droite,55,13
21911,montez de trente-cinq et puis allez de quarante et un à droite,41,35
21912,montez de quatre-vingt-douze et puis allez de soixante-dix-sept à droite,77,92
21913,montez de soixante-dix-neuf et puis allez de cinquante-cinq à droite,55,79
21914,montez de soixante et onze et puis allez de seize à droite,16,71
21915,montez de soixante-dix-huit et puis allez de quatre-vingt-sept à droite,87,78
21916,montez de quarante-trois et puis allez de cinquante-quatre à droite,54,43
21917,montez de dix et puis allez de quatre-vingt-huit à droite,88,10
21918,montez de quatre-vingt-six et puis allez de quatre-vingt-treize à droite,93,86
21919,montez de vingt et puis allez de soixante-douze à droite,72,20
21920,montez de trente-deux et puis allez de quarante-deux à droite,42,32
21921,montez de quatre-vingt-six et puis allez de quatorze à droite,14,86
21922,montez de trois et puis allez de soixante-dix-huit à droite,78,3
21923,montez de trente-sept et puis allez de trente-quatre à droite,34,37
21924,montez de soixante-cinq et puis allez de quatre-vingt-un à droite,81,65
21925,montez de vingt et puis allez de seize à droite,16,20
21926,montez de seize et puis allez de cinquante à droite,50,16
21927,montez de trois et puis allez de soixante et onze à droite,71,3
21928,montez de treize et puis allez de cinquante-cinq à droite,55,13
21929,montez de soixante-cinq et puis allez de deux à droite,2,65
21930,montez de trois et puis allez de quatorze à droite,14,3
21931,montez de vingt-huit et puis allez de quatre-vingt-dix-sept à droite,97,28
21932,montez de trois et puis allez de soixante et un à droite,61,3
21933,montez de onze et puis allez de soixante-six à droite,66,11
21934,montez de quatre-vingt-dix-neuf et puis allez de dix-huit à droite,18,99
21935,montez de trente-neuf et puis allez de cinquante et un à droite,51,39
21936,montez de cent et puis allez de quinze à droite,15,100
21937,montez de vingt-huit et puis allez de quatre-vingts à droite,80,28
21938,montez de quarante-huit et puis allez de soixante-dix-neuf à droite,79,48
21939,montez de cinquante-sept et puis allez de cent à droite,100,57
21940,montez de quarante-sept et puis allez de vingt-neuf à droite,29,47
21941,montez de quatre-vingt-sept et puis allez de quarante-deux à droite,42,87
21942,montez de soixante-dix-sept et puis allez de cinquante-cinq à droite,55,77
21943,montez de quatre-vingt-dix-neuf et puis allez de trente à droite,30,99
21944,montez de cinquante-cinq et puis allez de cinquante et un à droite,51,55
21945,montez de dix-neuf et puis allez de cinq à droite,5,19
21946,montez de cinquante et un et puis allez de cinquante-quatre à droite,54,51
21947,montez de dix-huit et puis allez de cinquante-deux à droite,52,18
21948,montez de vingt et puis allez de dix à droite,10,20
21949,montez de quatre-vingt-quatorze et puis allez de vingt-neuf à droite,29,94
21950,montez de quarante-sept et puis allez de soixante et un à droite,61,47
21951,montez de soixante et onze et puis allez de vingt-huit à droite,28,71
21952,montez de soixante-neuf et puis allez de soixante-dix-neuf à droite,79,69
21953,montez de trente-trois et puis allez de soixante-quatre à droite,64,33
21954,montez de quatre-vingt-deux et puis allez de trente et un à droite,31,82
21955,montez de quinze et puis allez de cinq à droite,5,15
21956,montez de soixante-dix-sept et puis allez de quatre-vingt-seize à droite,96,77
21957,montez de dix-neuf et puis allez de soixante-treize à droite,73,19
21958,montez de quatre-vingt-quatorze et puis allez de quatre-vingt-onze à droite,91,94
21959,montez de dix-neuf et puis allez de dix-sept à droite,17,19
21960,montez de soixante-quatre et puis allez de quatre-vingt-six à droite,86,64
21961,montez de neuf et puis allez de soixante-quatorze à droite,74,9
21962,montez de cinquante-six et puis allez de quatre-vingt-dix à droite,90,56
21963,montez de soixante-deux et puis allez de soixante-treize à droite,73,62
21964,montez de quarante-quatre et puis allez de quatre-vingt-un à droite,81,44
21965,montez de quarante-quatre et puis allez de trente-deux à droite,32,44
21966,montez de onze et puis allez de quatre-vingt-deux à droite,82,11
21967,montez de soixante-dix-sept et puis allez de trente-trois à droite,33,77
21968,montez de quatre-vingt-dix-sept et puis allez de quarante-cinq à droite,45,97
21969,montez de quarante et puis allez de trente-neuf à droite,39,40
21970,montez de soixante-quinze et puis allez de soixante-six à droite,66,75
21971,montez de cinquante-huit et puis allez de vingt-quatre à droite,24,58
21972,montez de vingt-deux et puis allez de quatre-vingt-treize à droite,93,22
21973,montez de trente-trois et puis allez de cinquante-huit à droite,58,33
21974,montez de soixante-treize et puis allez de trente-cinq à droite,35,73
21975,montez de quatre-vingt-neuf et puis allez de soixante et un à droite,61,89
21976,montez de soixante-neuf et puis allez de trente-quatre à droite,34,69
21977,montez de dix-sept et puis allez de quarante-neuf à droite,49,17
21978,montez de trente-quatre et puis allez de soixante-seize à droite,76,34
21979,montez de soixante-neuf et puis allez de soixante-dix-huit à droite,78,69
21980,montez de soixante-dix-neuf et puis allez de soixante-neuf à droite,69,79
21981,montez de soixante-cinq et puis allez de soixante-dix-sept à droite,77,65
21982,montez de quatorze et puis allez de quatre-vingt-six à droite,86,14
21983,montez de quatre-vingt-neuf et puis allez de vingt-trois à droite,23,89
21984,montez de quatre-vingt-dix-huit et puis allez de trente-quatre à droite,34,98
21985,montez de quarante-sept et puis allez de quarante-deux à droite,42,47
21986,montez de quinze et puis allez de sept à droite,7,15
21987,montez de quatre-vingt-sept et puis allez de soixante-trois à droite,63,87
21988,montez de soixante-seize et puis allez de trente-sept à droite,37,76
21989,montez de quatre-vingt-sept et puis allez de trente-six à droite,36,87
21990,montez de soixante-cinq et puis allez de quatre-vingt-douze à droite,92,65
21991,montez de soixante-deux et puis allez de quarante-quatre à droite,44,62
21992,montez de huit et puis allez de trente-six à droite,36,8
21993,montez de quatre-vingt-quatre et puis allez de quatre-vingt-deux à droite,82,84
21994,montez de quatre-vingt-dix-sept et puis allez de quarante-quatre à droite,44,97
21995,montez de vingt-deux et puis allez de quarante-sept à droite,47,22
21996,montez de quatre-vingt-onze et puis allez de soixante-trois à droite,63,91
21997,montez de onze et puis allez de quarante-six à droite,46,11
21998,montez de quatre-vingt-seize et puis allez de quatre-vingt-douze à droite,92,96
21999,montez de cinquante et un et puis allez de un à droite,1,51
22000,descendez de quarante-six et puis allez de quatre à gauche,-4,-46
22001,descendez de cinquante et puis allez de cinquante-trois à gauche,-53,-50
22002,descendez de soixante-douze et puis allez de cinquante-huit à gauche,-58,-72
22003,descendez de soixante-sept et puis allez de soixante-dix à gauche,-70,-67
22004,descendez de quarante et puis allez de quatre-vingt-quatorze à gauche,-94,-40
22005,descendez de soixante-douze et puis allez de soixante-huit à gauche,-68,-72
22006,descendez de trente et un et puis allez de soixante-trois à gauche,-63,-31
22007,descendez de quatre-vingt-dix-sept et puis allez de vingt-quatre à gauche,-24,-97
22008,descendez de quatre-vingt-sept et puis allez de douze à gauche,-12,-87
22009,descendez de quarante-neuf et puis allez de quarante-cinq à gauche,-45,-49
22010,descendez de cinq et puis allez de cinquante-quatre à gauche,-54,-5
22011,descendez de trente-trois et puis allez de trente-neuf à gauche,-39,-33
22012,descendez de dix et puis allez de quatre-vingt-dix-huit à gauche,-98,-10
22013,descendez de quarante et un et puis allez de vingt-trois à gauche,-23,-41
22014,descendez de quatre-vingt-dix-neuf et puis allez de vingt-deux à gauche,-22,-99
22015,descendez de quatorze et puis allez de soixante et onze à gauche,-71,-14
22016,descendez de quatre-vingt-douze et puis allez de trente-trois à gauche,-33,-92
22017,descendez de soixante-seize et puis allez de quatre-vingt-quatorze à gauche,-94,-76
22018,descendez de quatre-vingts et puis allez de trente-neuf à gauche,-39,-80
22019,descendez de onze et puis allez de dix-neuf à gauche,-19,-11
22020,descendez de cinquante-six et puis allez de vingt-quatre à gauche,-24,-56
22021,descendez de trente-sept et puis allez de cinquante-trois à gauche,-53,-37
22022,descendez de trente-huit et puis allez de soixante-quinze à gauche,-75,-38
22023,descendez de trente et puis allez de quatre-vingts à gauche,-80,-30
22024,descendez de quatre-vingt-un et puis allez de vingt-cinq à gauche,-25,-81
22025,descendez de quarante-trois et puis allez de vingt et un à gauche,-21,-43
22026,descendez de soixante-dix et puis allez de quatre-vingt-neuf à gauche,-89,-70
22027,descendez de vingt-quatre et puis allez de trente-neuf à gauche,-39,-24
22028,descendez de trente et un et puis allez de soixante-dix-sept à gauche,-77,-31
22029,descendez de quarante-deux et puis allez de cent à gauche,-100,-42
22030,descendez de quarante-six et puis allez de dix-neuf à gauche,-19,-46
22031,descendez de quatre-vingt-dix-huit et puis allez de soixante-dix-huit à gauche,-78,-98
22032,descendez de vingt et puis allez de quatre-vingt-trois à gauche,-83,-20
22033,descendez de quatre-vingt-huit et puis allez de onze à gauche,-11,-88
22034,descendez de vingt-cinq et puis allez de soixante-dix-huit à gauche,-78,-25
22035,descendez de quatre-vingt-dix-neuf et puis allez de trente-quatre à gauche,-34,-99
22036,descendez de vingt-six et puis allez de trente-huit à gauche,-38,-26
22037,descendez de cinquante-huit et puis allez de dix-neuf à gauche,-19,-58
22038,descendez de cinquante-cinq et puis allez de vingt-six à gauche,-26,-55
22039,descendez de cent et puis allez de quatre-vingt-quatorze à gauche,-94,-100
22040,descendez de dix-huit et puis allez de vingt-quatre à gauche,-24,-18
22041,descendez de quinze et puis allez de cinquante-neuf à gauche,-59,-15
22042,descendez de quatre-vingt-un et puis allez de quatre-vingt-huit à gauche,-88,-81
22043,descendez de soixante-six et puis allez de cinquante-trois à gauche,-53,-66
22044,descendez de quatre-vingt-sept et puis allez de dix-sept à gauche,-17,-87
22045,descendez de soixante-huit et puis allez de soixante-dix-sept à gauche,-77,-68
22046,descendez de quarante-huit et puis allez de soixante-quatre à gauche,-64,-48
22047,descendez de soixante-neuf et puis allez de soixante et onze à gauche,-71,-69
22048,descendez de vingt-neuf et puis allez de soixante-dix à gauche,-70,-29
22049,descendez de quarante-quatre et puis allez de huit à gauche,-8,-44
22050,descendez de trente-quatre et puis allez de soixante-quatorze à gauche,-74,-34
22051,descendez de cinquante-quatre et puis allez de soixante-quatre à gauche,-64,-54
22052,descendez de trente-six et puis allez de quarante-sept à gauche,-47,-36
22053,descendez de quarante et puis allez de quatre-vingt-dix-huit à gauche,-98,-40
22054,descendez de vingt-trois et puis allez de soixante-neuf à gauche,-69,-23
22055,descendez de soixante-dix-huit et puis allez de soixante et onze à gauche,-71,-78
22056,descendez de quatre et puis allez de trente-trois à gauche,-33,-4
22057,descendez de quatre et puis allez de quatre-vingt-cinq à gauche,-85,-4
22058,descendez de cinq et puis allez de soixante-six à gauche,-66,-5
22059,descendez de soixante-deux et puis allez de quarante-quatre à gauche,-44,-62
22060,descendez de neuf et puis allez de quatre-vingt-sept à gauche,-87,-9
22061,descendez de quarante et puis allez de vingt-deux à gauche,-22,-40
22062,descendez de trente et un et puis allez de quatre-vingt-dix-neuf à gauche,-99,-31
22063,descendez de quatre-vingt-treize et puis allez de huit à gauche,-8,-93
22064,descendez de cinquante-six et puis allez de quarante-neuf à gauche,-49,-56
22065,descendez de quatre-vingt-sept et puis allez de trente-deux à gauche,-32,-87
22066,descendez de quatre-vingt-dix et puis allez de vingt et un à gauche,-21,-90
22067,descendez de soixante-huit et puis allez de quarante-sept à gauche,-47,-68
22068,descendez de soixante et un et puis allez de cinq à gauche,-5,-61
22069,descendez de trente-huit et puis allez de quarante-neuf à gauche,-49,-38
22070,descendez de trente-sept et puis allez de vingt-cinq à gauche,-25,-37
22071,descendez de quatre-vingt-treize et puis allez de cinquante-neuf à gauche,-59,-93
22072,descendez de soixante-dix-sept et puis allez de trente-deux à gauche,-32,-77
22073,descendez de soixante-treize et puis allez de cent à gauche,-100,-73
22074,descendez de trente et puis allez de cinq à gauche,-5,-30
22075,descendez de treize et puis allez de cinquante-trois à gauche,-53,-13
22076,descendez de quatre-vingt-sept et puis allez de trente et un à gauche,-31,-87
22077,descendez de cinquante-sept et puis allez de trente-trois à gauche,-33,-57
22078,descendez de vingt et puis allez de quatre-vingt-quinze à gauche,-95,-20
22079,descendez de neuf et puis allez de cinquante-cinq à gauche,-55,-9
22080,descendez de soixante-trois et puis allez de cinquante et un à gauche,-51,-63
22081,descendez de vingt-cinq et puis allez de quatre-vingt-seize à gauche,-96,-25
22082,descendez de quatre-vingt-un et puis allez de onze à gauche,-11,-81
22083,descendez de quatre-vingt-onze et puis allez de soixante-cinq à gauche,-65,-91
22084,descendez de dix-huit et puis allez de onze à gauche,-11,-18
22085,descendez de quatre-vingt-quinze et puis allez de vingt-neuf à gauche,-29,-95
22086,descendez de quarante-neuf et puis allez de soixante-dix à gauche,-70,-49
22087,descendez de trois et puis allez de vingt et un à gauche,-21,-3
22088,descendez de vingt-deux et puis allez de trois à gauche,-3,-22
22089,descendez de trente-deux et puis allez de soixante à gauche,-60,-32
22090,descendez de soixante-sept et puis allez de cinquante-neuf à gauche,-59,-67
22091,descendez de cinquante et puis allez de vingt-six à gauche,-26,-50
22092,descendez de soixante-dix-huit et puis allez de quatre-vingt-cinq à gauche,-85,-78
22093,descendez de vingt-neuf et puis allez de trente-sept à gauche,-37,-29
22094,descendez de quarante et un et puis allez de trente-huit à gauche,-38,-41
22095,descendez de quatre-vingts et puis allez de soixante-dix-sept à gauche,-77,-80
22096,descendez de soixante-cinq et puis allez de dix-neuf à gauche,-19,-65
22097,descendez de soixante-cinq et puis allez de quatre-vingt-un à gauche,-81,-65
22098,descendez de vingt et un et puis allez de quatre-vingt-quatre à gauche,-84,-21
22099,descendez de cinquante-quatre et puis allez de cinquante et un à gauche,-51,-54
22100,descendez de quatre-vingt-sept et puis allez de quatre-vingts à gauche,-80,-87
22101,descendez de quatre-vingt-un et puis allez de cinquante-sept à gauche,-57,-81
22102,descendez de soixante-huit et puis allez de vingt-deux à gauche,-22,-68
22103,descendez de soixante-dix et puis allez de cinquante-cinq à gauche,-55,-70
22104,descendez de cinquante-quatre et puis allez de soixante-quatorze à gauche,-74,-54
22105,descendez de soixante-six et puis allez de treize à gauche,-13,-66
22106,descendez de deux et puis allez de quatre-vingt-onze à gauche,-91,-2
22107,descendez de quatre-vingt-six et puis allez de vingt-trois à gauche,-23,-86
22108,descendez de quatre et puis allez de trente-sept à gauche,-37,-4
22109,descendez de deux et puis allez de cinquante-sept à gauche,-57,-2
22110,descendez de trente-deux et puis allez de soixante-dix-sept à gauche,-77,-32
22111,descendez de quinze et puis allez de sept à gauche,-7,-15
22112,descendez de cinquante-six et puis allez de dix-sept à gauche,-17,-56
22113,descendez de cinquante-huit et puis allez de quarante-trois à gauche,-43,-58
22114,descendez de dix-sept et puis allez de quatre-vingt-quinze à gauche,-95,-17
22115,descendez de quatre-vingt-quinze et puis allez de soixante-six à gauche,-66,-95
22116,descendez de douze et puis allez de dix-neuf à gauche,-19,-12
22117,descendez de neuf et puis allez de dix-neuf à gauche,-19,-9
22118,descendez de quatre-vingt-deux et puis allez de quatre-vingt-quatorze à gauche,-94,-82
22119,descendez de cinquante-deux et puis allez de vingt-deux à gauche,-22,-52
22120,descendez de soixante-deux et puis allez de huit à gauche,-8,-62
22121,descendez de trente-huit et puis allez de vingt-huit à gauche,-28,-38
22122,descendez de six et puis allez de douze à gauche,-12,-6
22123,descendez de trente et puis allez de soixante-dix à gauche,-70,-30
22124,descendez de quatre-vingts et puis allez de douze à gauche,-12,-80
22125,descendez de quarante-deux et puis allez de douze à gauche,-12,-42
22126,descendez de cinquante et puis allez de quatre-vingt-dix-neuf à gauche,-99,-50
22127,descendez de dix et puis allez de soixante et onze à gauche,-71,-10
22128,descendez de treize et puis allez de huit à gauche,-8,-13
22129,descendez de seize et puis allez de trente à gauche,-30,-16
22130,descendez de quatre-vingt-trois et puis allez de deux à gauche,-2,-83
22131,descendez de soixante-treize et puis allez de soixante-six à gauche,-66,-73
22132,descendez de vingt-deux et puis allez de trente-quatre à gauche,-34,-22
22133,descendez de quatre-vingt-un et puis allez de cinquante-six à gauche,-56,-81
22134,descendez de cent et puis allez de dix-sept à gauche,-17,-100
22135,descendez de neuf et puis allez de quatre-vingt-cinq à gauche,-85,-9
22136,descendez de quatre-vingt-treize et puis allez de quarante-quatre à gauche,-44,-93
22137,descendez de dix-sept et puis allez de soixante-dix-huit à gauche,-78,-17
22138,descendez de trente-neuf et puis allez de quarante-six à gauche,-46,-39
22139,descendez de soixante-sept et puis allez de cinquante et un à gauche,-51,-67
22140,descendez de soixante-quinze et puis allez de deux à gauche,-2,-75
22141,descendez de quatre-vingt-neuf et puis allez de quatre-vingt-quatre à gauche,-84,-89
22142,descendez de trente-six et puis allez de soixante-treize à gauche,-73,-36
22143,descendez de soixante-seize et puis allez de onze à gauche,-11,-76
22144,descendez de treize et puis allez de quatre-vingt-trois à gauche,-83,-13
22145,descendez de cinquante et puis allez de douze à gauche,-12,-50
22146,descendez de soixante et onze et puis allez de vingt-neuf à gauche,-29,-71
22147,descendez de soixante-huit et puis allez de quarante-deux à gauche,-42,-68
22148,descendez de soixante-neuf et puis allez de quatre-vingts à gauche,-80,-69
22149,descendez de trente-neuf et puis allez de quatre-vingt-seize à gauche,-96,-39
22150,descendez de deux et puis allez de soixante-douze à gauche,-72,-2
22151,descendez de quarante et puis allez de soixante-huit à gauche,-68,-40
22152,descendez de quatre-vingt-un et puis allez de huit à gauche,-8,-81
22153,descendez de vingt-trois et puis allez de quatre-vingt-sept à gauche,-87,-23
22154,descendez de soixante-six et puis allez de quatre-vingt-douze à gauche,-92,-66
22155,descendez de soixante-huit et puis allez de neuf à gauche,-9,-68
22156,descendez de quarante-cinq et puis allez de trente-huit à gauche,-38,-45
22157,descendez de quatre-vingt-quinze et puis allez de cinquante-cinq à gauche,-55,-95
22158,descendez de cinquante-six et puis allez de soixante-sept à gauche,-67,-56
22159,descendez de vingt-neuf et puis allez de trente-sept à gauche,-37,-29
22160,descendez de quarante-six et puis allez de onze à gauche,-11,-46
22161,descendez de trente-cinq et puis allez de quatre-vingt-cinq à gauche,-85,-35
22162,descendez de huit et puis allez de quatre-vingt-huit à gauche,-88,-8
22163,descendez de quatre-vingt-treize et puis allez de quatre-vingt-sept à gauche,-87,-93
22164,descendez de quatre-vingt-dix-sept et puis allez de quarante-six à gauche,-46,-97
22165,descendez de trois et puis allez de soixante-deux à gauche,-62,-3
22166,descendez de vingt-six et puis allez de dix-neuf à gauche,-19,-26
22167,descendez de cinquante-trois et puis allez de onze à gauche,-11,-53
22168,descendez de soixante-treize et puis allez de soixante-trois à gauche,-63,-73
22169,descendez de cinquante-cinq et puis allez de trente à gauche,-30,-55
22170,descendez de quatre-vingt-trois et puis allez de vingt-quatre à gauche,-24,-83
22171,descendez de vingt-sept et puis allez de quatre-vingt-dix-huit à gauche,-98,-27
22172,descendez de soixante-huit et puis allez de vingt-neuf à gauche,-29,-68
22173,descendez de quarante-sept et puis allez de onze à gauche,-11,-47
22174,descendez de quatre-vingt-quatorze et puis allez de sept à gauche,-7,-94
22175,descendez de trente-trois et puis allez de quarante-neuf à gauche,-49,-33
22176,descendez de trente-trois et puis allez de quarante-neuf à gauche,-49,-33
22177,descendez de quatre-vingt-dix et puis allez de soixante-trois à gauche,-63,-90
22178,descendez de soixante-dix-sept et puis allez de vingt-huit à gauche,-28,-77
22179,descendez de sept et puis allez de soixante-dix-neuf à gauche,-79,-7
22180,descendez de cinquante-trois et puis allez de soixante-dix-sept à gauche,-77,-53
22181,descendez de soixante-douze et puis allez de deux à gauche,-2,-72
22182,descendez de soixante-dix-huit et puis allez de quatre-vingt-onze à gauche,-91,-78
22183,descendez de quatre-vingt-quatorze et puis allez de soixante-treize à gauche,-73,-94
22184,descendez de trente et puis allez de trente-huit à gauche,-38,-30
22185,descendez de trente-six et puis allez de quarante-cinq à gauche,-45,-36
22186,descendez de soixante et un et puis allez de soixante-seize à gauche,-76,-61
22187,descendez de dix-sept et puis allez de quatre-vingt-dix-neuf à gauche,-99,-17
22188,descendez de sept et puis allez de quarante-neuf à gauche,-49,-7
22189,descendez de vingt-huit et puis allez de vingt et un à gauche,-21,-28
22190,descendez de soixante et puis allez de soixante-huit à gauche,-68,-60
22191,descendez de soixante-trois et puis allez de quatre-vingts à gauche,-80,-63
22192,descendez de quatre-vingt-onze et puis allez de treize à gauche,-13,-91
22193,descendez de soixante-huit et puis allez de soixante-dix-neuf à gauche,-79,-68
22194,descendez de trente-trois et puis allez de quatre-vingt-quatre à gauche,-84,-33
22195,descendez de quatre-vingt-onze et puis allez de cinquante-cinq à gauche,-55,-91
22196,descendez de soixante-dix-sept et puis allez de vingt-neuf à gauche,-29,-77
22197,descendez de quarante-neuf et puis allez de soixante-neuf à gauche,-69,-49
22198,descendez de quinze et puis allez de un à gauche,-1,-15
22199,descendez de trente-neuf et puis allez de vingt-quatre à gauche,-24,-39
22200,descendez de cinquante-deux et puis allez de trois à gauche,-3,-52
22201,descendez de soixante-trois et puis allez de trente et un à gauche,-31,-63
22202,descendez de treize et puis allez de soixante-seize à gauche,-76,-13
22203,descendez de trente-six et puis allez de cinquante-huit à gauche,-58,-36
22204,descendez de quatre-vingt-seize et puis allez de soixante-quatorze à gauche,-74,-96
22205,descendez de quatre-vingt-sept et puis allez de quatre-vingt-deux à gauche,-82,-87
22206,descendez de cinquante-deux et puis allez de deux à gauche,-2,-52
22207,descendez de quatre-vingt-huit et puis allez de quatre-vingt-dix à gauche,-90,-88
22208,descendez de un et puis allez de vingt-sept à gauche,-27,-1
22209,descendez de quatre-vingt-dix-sept et puis allez de dix-sept à gauche,-17,-97
22210,descendez de quatre-vingt-dix-huit et puis allez de cinquante-neuf à gauche,-59,-98
22211,descendez de douze et puis allez de vingt-trois à gauche,-23,-12
22212,descendez de vingt-sept et puis allez de quatre-vingt-cinq à gauche,-85,-27
22213,descendez de quatre-vingt-quatorze et puis allez de vingt à gauche,-20,-94
22214,descendez de dix-sept et puis allez de dix-huit à gauche,-18,-17
22215,descendez de deux et puis allez de quatre-vingt-douze à gauche,-92,-2
22216,descendez de trente et un et puis allez de quarante-six à gauche,-46,-31
22217,descendez de quatre-vingt-onze et puis allez de cent à gauche,-100,-91
22218,descendez de cinquante-huit et puis allez de trente-six à gauche,-36,-58
22219,descendez de quatre-vingt-dix-huit et puis allez de vingt-cinq à gauche,-25,-98
22220,descendez de cinquante-huit et puis allez de quatre-vingts à gauche,-80,-58
22221,descendez de trente-deux et puis allez de onze à gauche,-11,-32
22222,descendez de cinquante-cinq et puis allez de soixante-treize à gauche,-73,-55
22223,descendez de vingt-six et puis allez de quatre-vingt-un à gauche,-81,-26
22224,descendez de quatre-vingt-quatre et puis allez de douze à gauche,-12,-84
22225,descendez de soixante-treize et puis allez de six à gauche,-6,-73
22226,descendez de quatre-vingt-six et puis allez de quatre-vingt-neuf à gauche,-89,-86
22227,descendez de quinze et puis allez de huit à gauche,-8,-15
22228,descendez de quatre-vingts et puis allez de trente et un à gauche,-31,-80
22229,descendez de cinquante-neuf et puis allez de vingt-trois à gauche,-23,-59
22230,descendez de quatre-vingt-seize et puis allez de trente-sept à gauche,-37,-96
22231,descendez de soixante et un et puis allez de vingt-quatre à gauche,-24,-61
22232,descendez de soixante-quatorze et puis allez de soixante-dix à gauche,-70,-74
22233,descendez de quarante-deux et puis allez de deux à gauche,-2,-42
22234,descendez de soixante-six et puis allez de trente-six à gauche,-36,-66
22235,descendez de quatre-vingt-quatre et puis allez de quatre-vingt-un à gauche,-81,-84
22236,descendez de trente et puis allez de soixante-douze à gauche,-72,-30
22237,descendez de soixante et puis allez de quatre-vingt-trois à gauche,-83,-60
22238,descendez de quarante-six et puis allez de soixante et un à gauche,-61,-46
22239,descendez de quarante-quatre et puis allez de quatre-vingt-dix-huit à gauche,-98,-44
22240,descendez de trente et un et puis allez de cent à gauche,-100,-31
22241,descendez de quatre-vingt-dix-sept et puis allez de quarante et un à gauche,-41,-97
22242,descendez de soixante et onze et puis allez de soixante-huit à gauche,-68,-71
22243,descendez de soixante-huit et puis allez de sept à gauche,-7,-68
22244,descendez de soixante-neuf et puis allez de quatre à gauche,-4,-69
22245,descendez de soixante-dix-neuf et puis allez de soixante et un à gauche,-61,-79
22246,descendez de quatre-vingt-quatorze et puis allez de quatre-vingt-cinq à gauche,-85,-94
22247,descendez de quarante-deux et puis allez de trente-quatre à gauche,-34,-42
22248,descendez de soixante-quinze et puis allez de quatorze à gauche,-14,-75
22249,descendez de soixante-quinze et puis allez de quarante-huit à gauche,-48,-75
22250,descendez de quatre-vingt-un et puis allez de cinquante-trois à gauche,-53,-81
22251,descendez de soixante-quatre et puis allez de trente-cinq à gauche,-35,-64
22252,descendez de quatre-vingt-huit et puis allez de vingt-huit à gauche,-28,-88
22253,descendez de trente et puis allez de trente-six à gauche,-36,-30
22254,descendez de soixante-treize et puis allez de quatre-vingts à gauche,-80,-73
22255,descendez de quarante-huit et puis allez de quarante-six à gauche,-46,-48
22256,descendez de soixante-quatre et puis allez de quarante et un à gauche,-41,-64
22257,descendez de quarante et un et puis allez de soixante-dix-sept à gauche,-77,-41
22258,descendez de cinquante et puis allez de neuf à gauche,-9,-50
22259,descendez de soixante-neuf et puis allez de sept à gauche,-7,-69
22260,descendez de quarante-quatre et puis allez de quarante-sept à gauche,-47,-44
22261,descendez de vingt-deux et puis allez de vingt-cinq à gauche,-25,-22
22262,descendez de vingt-neuf et puis allez de douze à gauche,-12,-29
22263,descendez de quatre-vingt-huit et puis allez de soixante-seize à gauche,-76,-88
22264,descendez de soixante-seize et puis allez de trente-deux à gauche,-32,-76
22265,descendez de huit et puis allez de onze à gauche,-11,-8
22266,descendez de vingt-deux et puis allez de quarante-deux à gauche,-42,-22
22267,descendez de vingt-quatre et puis allez de soixante et onze à gauche,-71,-24
22268,descendez de quatre-vingt-dix et puis allez de cinquante et un à gauche,-51,-90
22269,descendez de quatre-vingt-treize et puis allez de soixante-huit à gauche,-68,-93
22270,descendez de cinquante et puis allez de un à gauche,-1,-50
22271,descendez de soixante-douze et puis allez de quarante à gauche,-40,-72
22272,descendez de soixante-neuf et puis allez de trente-sept à gauche,-37,-69
22273,descendez de vingt-quatre et puis allez de trois à gauche,-3,-24
22274,descendez de quarante-trois et puis allez de soixante-huit à gauche,-68,-43
22275,descendez de soixante-huit et puis allez de soixante-dix-neuf à gauche,-79,-68
22276,descendez de quatre-vingt-dix-sept et puis allez de quatre-vingt-seize à gauche,-96,-97
22277,descendez de quarante-deux et puis allez de dix à gauche,-10,-42
22278,descendez de quatre-vingt-dix et puis allez de quatre-vingt-onze à gauche,-91,-90
22279,descendez de vingt-deux et puis allez de quarante-neuf à gauche,-49,-22
22280,descendez de quatre-vingt-quatorze et puis allez de trente et un à gauche,-31,-94
22281,descendez de quatre-vingt-dix-huit et puis allez de vingt-six à gauche,-26,-98
22282,descendez de trente-neuf et puis allez de quatre-vingt-dix-huit à gauche,-98,-39
22283,descendez de vingt-deux et puis allez de trente-six à gauche,-36,-22
22284,descendez de quarante-deux et puis allez de trente-sept à gauche,-37,-42
22285,descendez de trente-deux et puis allez de soixante-quatorze à gauche,-74,-32
22286,descendez de vingt et puis allez de soixante-quinze à gauche,-75,-20
22287,descendez de neuf et puis allez de onze à gauche,-11,-9
22288,descendez de trente-trois et puis allez de quarante-cinq à gauche,-45,-33
22289,descendez de cinq et puis allez de quinze à gauche,-15,-5
22290,descendez de soixante-six et puis allez de cinq à gauche,-5,-66
22291,descendez de quatre-vingt-trois et puis allez de trente à gauche,-30,-83
22292,descendez de vingt-cinq et puis allez de quatre-vingt-onze à gauche,-91,-25
22293,descendez de cinquante-deux et puis allez de quarante-six à gauche,-46,-52
22294,descendez de quatre-vingt-deux et puis allez de vingt-quatre à gauche,-24,-82
22295,descendez de soixante-cinq et puis allez de vingt-cinq à gauche,-25,-65
22296,descendez de trente-deux et puis allez de soixante-dix-sept à gauche,-77,-32
22297,descendez de cinquante-cinq et puis allez de neuf à gauche,-9,-55
22298,descendez de soixante-treize et puis allez de quarante-neuf à gauche,-49,-73
22299,descendez de soixante-quinze et puis allez de seize à gauche,-16,-75
22300,descendez de quarante-quatre et puis allez de soixante-cinq à gauche,-65,-44
22301,descendez de dix-huit et puis allez de soixante-six à gauche,-66,-18
22302,descendez de quatre-vingts et puis allez de quatre à gauche,-4,-80
22303,descendez de soixante et onze et puis allez de cinquante-six à gauche,-56,-71
22304,descendez de soixante-seize et puis allez de soixante-douze à gauche,-72,-76
22305,descendez de quarante-cinq et puis allez de vingt-neuf à gauche,-29,-45
22306,descendez de trente-sept et puis allez de soixante-cinq à gauche,-65,-37
22307,descendez de vingt-neuf et puis allez de quatre à gauche,-4,-29
22308,descendez de soixante et onze et puis allez de cinquante et un à gauche,-51,-71
22309,descendez de cinquante-cinq et puis allez de trente-quatre à gauche,-34,-55
22310,descendez de soixante-dix-sept et puis allez de cinquante-neuf à gauche,-59,-77
22311,descendez de soixante et un et puis allez de quatre à gauche,-4,-61
22312,descendez de quatre-vingt-treize et puis allez de cinquante et un à gauche,-51,-93
22313,descendez de sept et puis allez de quatre-vingt-trois à gauche,-83,-7
22314,descendez de cinquante et puis allez de cinquante-six à gauche,-56,-50
22315,descendez de vingt et un et puis allez de trente-deux à gauche,-32,-21
22316,descendez de dix-huit et puis allez de quatre-vingt-onze à gauche,-91,-18
22317,descendez de quatre-vingt-quatorze et puis allez de sept à gauche,-7,-94
22318,descendez de cinquante-trois et puis allez de quatre-vingt-dix-sept à gauche,-97,-53
22319,descendez de soixante-dix-neuf et puis allez de cinquante-trois à gauche,-53,-79
22320,descendez de quatre et puis allez de soixante-dix-sept à gauche,-77,-4
22321,descendez de cinquante et puis allez de trente et un à gauche,-31,-50
22322,descendez de trente-quatre et puis allez de quarante-quatre à gauche,-44,-34
22323,descendez de seize et puis allez de soixante à gauche,-60,-16
22324,descendez de cinquante-huit et puis allez de soixante-dix-sept à gauche,-77,-58
22325,descendez de sept et puis allez de quarante-trois à gauche,-43,-7
22326,descendez de dix et puis allez de quarante à gauche,-40,-10
22327,descendez de soixante-treize et puis allez de dix-huit à gauche,-18,-73
22328,descendez de soixante et onze et puis allez de trente-neuf à gauche,-39,-71
22329,descendez de vingt-quatre et puis allez de trente-six à gauche,-36,-24
22330,descendez de soixante-deux et puis allez de quatre-vingt-un à gauche,-81,-62
22331,descendez de cinquante-trois et puis allez de quarante et un à gauche,-41,-53
22332,descendez de cinquante-quatre et puis allez de trente et un à gauche,-31,-54
22333,descendez de quarante-cinq et puis allez de quatre-vingt-deux à gauche,-82,-45
22334,descendez de dix-huit et puis allez de quatre-vingt-dix à gauche,-90,-18
22335,descendez de quatre-vingt-cinq et puis allez de quatre-vingt-onze à gauche,-91,-85
22336,descendez de soixante-sept et puis allez de soixante-cinq à gauche,-65,-67
22337,descendez de quatre-vingt-dix-neuf et puis allez de cinquante-quatre à gauche,-54,-99
22338,descendez de soixante-neuf et puis allez de quatre-vingt-dix-huit à gauche,-98,-69
22339,descendez de quatre-vingt-neuf et puis allez de quatre-vingt-sept à gauche,-87,-89
22340,descendez de quatre-vingt-trois et puis allez de vingt-neuf à gauche,-29,-83
22341,descendez de soixante-sept et puis allez de quatre à gauche,-4,-67
22342,descendez de dix-huit et puis allez de trente-six à gauche,-36,-18
22343,descendez de soixante et puis allez de treize à gauche,-13,-60
22344,descendez de soixante-dix-huit et puis allez de quarante-trois à gauche,-43,-78
22345,descendez de quatre-vingt-sept et puis allez de soixante-sept à gauche,-67,-87
22346,descendez de quatre-vingt-six et puis allez de soixante-treize à gauche,-73,-86
22347,descendez de quarante-quatre et puis allez de dix-sept à gauche,-17,-44
22348,descendez de cinquante-quatre et puis allez de soixante-deux à gauche,-62,-54
22349,descendez de soixante-douze et puis allez de soixante-treize à gauche,-73,-72
22350,descendez de huit et puis allez de quarante à gauche,-40,-8
22351,descendez de quarante-cinq et puis allez de soixante-dix-neuf à gauche,-79,-45
22352,descendez de trente et puis allez de soixante-sept à gauche,-67,-30
22353,descendez de quatre-vingt-onze et puis allez de un à gauche,-1,-91
22354,descendez de trente-sept et puis allez de onze à gauche,-11,-37
22355,descendez de trente et un et puis allez de vingt et un à gauche,-21,-31
22356,descendez de cinquante-cinq et puis allez de soixante et onze à gauche,-71,-55
22357,descendez de quatre-vingt-un et puis allez de vingt et un à gauche,-21,-81
22358,descendez de quatre-vingt-dix-huit et puis allez de soixante-dix-neuf à gauche,-79,-98
22359,descendez de soixante-seize et puis allez de quinze à gauche,-15,-76
22360,descendez de quatre-vingt-neuf et puis allez de quatre-vingt-six à gauche,-86,-89
22361,descendez de dix-sept et puis allez de soixante-dix-neuf à gauche,-79,-17
22362,descendez de trente-huit et puis allez de cinquante-trois à gauche,-53,-38
22363,descendez de trente-deux et puis allez de quatre-vingt-dix-neuf à gauche,-99,-32
22364,descendez de trente-huit et puis allez de dix-huit à gauche,-18,-38
22365,descendez de douze et puis allez de trente et un à gauche,-31,-12
22366,descendez de soixante-dix-huit et puis allez de soixante-quatre à gauche,-64,-78
22367,descendez de vingt-neuf et puis allez de soixante et un à gauche,-61,-29
22368,descendez de quatre-vingt-dix-sept et puis allez de soixante-dix-sept à gauche,-77,-97
22369,descendez de trente-quatre et puis allez de trente-trois à gauche,-33,-34
22370,descendez de trois et puis allez de soixante-huit à gauche,-68,-3
22371,descendez de douze et puis allez de soixante-cinq à gauche,-65,-12
22372,descendez de un et puis allez de quatre-vingt-quatorze à gauche,-94,-1
22373,descendez de trente-six et puis allez de quarante-trois à gauche,-43,-36
22374,descendez de soixante-quatorze et puis allez de quinze à gauche,-15,-74
22375,descendez de cinquante-six et puis allez de quarante-neuf à gauche,-49,-56
22376,descendez de quarante-trois et puis allez de soixante-dix-sept à gauche,-77,-43
22377,descendez de sept et puis allez de quatre-vingt-dix à gauche,-90,-7
22378,descendez de trente-neuf et puis allez de soixante-deux à gauche,-62,-39
22379,descendez de vingt-quatre et puis allez de quatre-vingt-huit à gauche,-88,-24
22380,descendez de quatre-vingt-neuf et puis allez de quatre-vingt-cinq à gauche,-85,-89
22381,descendez de quarante-trois et puis allez de deux à gauche,-2,-43
22382,descendez de quatre-vingt-treize et puis allez de soixante-six à gauche,-66,-93
22383,descendez de trente et puis allez de quatre-vingt-dix-sept à gauche,-97,-30
22384,descendez de trente et un et puis allez de soixante-dix-neuf à gauche,-79,-31
22385,descendez de dix-neuf et puis allez de trente-deux à gauche,-32,-19
22386,descendez de cinquante-six et puis allez de quatre-vingt-dix-sept à gauche,-97,-56
22387,descendez de quatre-vingt-dix-sept et puis allez de seize à gauche,-16,-97
22388,descendez de cinquante-deux et puis allez de soixante-quinze à gauche,-75,-52
22389,descendez de soixante et onze et puis allez de quatre-vingt-un à gauche,-81,-71
22390,descendez de cinquante-quatre et puis allez de trente-quatre à gauche,-34,-54
22391,descendez de soixante-six et puis allez de sept à gauche,-7,-66
22392,descendez de deux et puis allez de trente-neuf à gauche,-39,-2
22393,descendez de soixante-treize et puis allez de quatre-vingt-trois à gauche,-83,-73
22394,descendez de vingt-cinq et puis allez de dix-huit à gauche,-18,-25
22395,descendez de quarante-huit et puis allez de quarante et un à gauche,-41,-48
22396,descendez de quinze et puis allez de quatre-vingt-dix à gauche,-90,-15
22397,descendez de trente-neuf et puis allez de soixante-sept à gauche,-67,-39
22398,descendez de neuf et puis allez de soixante et onze à gauche,-71,-9
22399,descendez de trente-six et puis allez de trente-sept à gauche,-37,-36
22400,descendez de quarante-sept et puis allez de soixante à gauche,-60,-47
22401,descendez de quarante-cinq et puis allez de quatre-vingt-quinze à gauche,-95,-45
22402,descendez de quarante-sept et puis allez de quarante-quatre à gauche,-44,-47
22403,descendez de quatre-vingt-douze et puis allez de cinquante-deux à gauche,-52,-92
22404,descendez de quatre-vingt-onze et puis allez de dix à gauche,-10,-91
22405,descendez de soixante-deux et puis allez de cinquante-huit à gauche,-58,-62
22406,descendez de soixante-cinq et puis allez de quatre-vingt-six à gauche,-86,-65
22407,descendez de treize et puis allez de quatre-vingt-dix-sept à gauche,-97,-13
22408,descendez de quarante-trois et puis allez de quinze à gauche,-15,-43
22409,descendez de vingt et un et puis allez de quatre-vingts à gauche,-80,-21
22410,descendez de cinquante-huit et puis allez de vingt-huit à gauche,-28,-58
22411,descendez de quatre-vingt-quatorze et puis allez de quarante-huit à gauche,-48,-94
22412,descendez de soixante-quatorze et puis allez de soixante-dix-huit à gauche,-78,-74
22413,descendez de quarante-six et puis allez de quatre-vingt-douze à gauche,-92,-46
22414,descendez de quatre-vingt-trois et puis allez de onze à gauche,-11,-83
22415,descendez de quarante-huit et puis allez de neuf à gauche,-9,-48
22416,descendez de vingt-sept et puis allez de vingt-huit à gauche,-28,-27
22417,descendez de cinquante et puis allez de quatre-vingt-treize à gauche,-93,-50
22418,descendez de trente-quatre et puis allez de soixante-quinze à gauche,-75,-34
22419,descendez de soixante-huit et puis allez de soixante et onze à gauche,-71,-68
22420,descendez de seize et puis allez de dix à gauche,-10,-16
22421,descendez de sept et puis allez de soixante-dix-sept à gauche,-77,-7
22422,descendez de onze et puis allez de dix à gauche,-10,-11
22423,descendez de trente-cinq et puis allez de quatre-vingt-seize à gauche,-96,-35
22424,descendez de soixante et puis allez de quarante-deux à gauche,-42,-60
22425,descendez de quatre-vingt-dix-sept et puis allez de cinquante-sept à gauche,-57,-97
22426,descendez de seize et puis allez de soixante-deux à gauche,-62,-16
22427,descendez de cent et puis allez de quatre à gauche,-4,-100
22428,descendez de soixante-trois et puis allez de vingt-huit à gauche,-28,-63
22429,descendez de soixante-dix-neuf et puis allez de trente-cinq à gauche,-35,-79
22430,descendez de quatre et puis allez de cinquante et un à gauche,-51,-4
22431,descendez de cinquante et un et puis allez de quatre-vingt-cinq à gauche,-85,-51
22432,descendez de trente-cinq et puis allez de soixante-dix à gauche,-70,-35
22433,descendez de soixante-deux et puis allez de quarante à gauche,-40,-62
22434,descendez de sept et puis allez de cinquante-deux à gauche,-52,-7
22435,descendez de quarante-six et puis allez de onze à gauche,-11,-46
22436,descendez de trente-neuf et puis allez de quarante-sept à gauche,-47,-39
22437,descendez de dix-sept et puis allez de quatre-vingt-trois à gauche,-83,-17
22438,descendez de treize et puis allez de quarante et un à gauche,-41,-13
22439,descendez de huit et puis allez de soixante-trois à gauche,-63,-8
22440,descendez de soixante-douze et puis allez de quatre-vingt-un à gauche,-81,-72
22441,descendez de quarante-cinq et puis allez de trente-trois à gauche,-33,-45
22442,descendez de soixante-treize et puis allez de onze à gauche,-11,-73
22443,descendez de douze et puis allez de quatre-vingt-treize à gauche,-93,-12
22444,descendez de un et puis allez de seize à gauche,-16,-1
22445,descendez de treize et puis allez de huit à gauche,-8,-13
22446,descendez de soixante-sept et puis allez de quatre-vingt-cinq à gauche,-85,-67
22447,descendez de quatre-vingt-deux et puis allez de trois à gauche,-3,-82
22448,descendez de soixante-dix-huit et puis allez de cinquante-neuf à gauche,-59,-78
22449,descendez de soixante-huit et puis allez de vingt-deux à gauche,-22,-68
22450,descendez de soixante et un et puis allez de cinquante-huit à gauche,-58,-61
22451,descendez de cinq et puis allez de soixante-quinze à gauche,-75,-5
22452,descendez de soixante-douze et puis allez de soixante-dix à gauche,-70,-72
22453,descendez de soixante-trois et puis allez de neuf à gauche,-9,-63
22454,descendez de cinquante-trois et puis allez de cinq à gauche,-5,-53
22455,descendez de quatre-vingt-dix-neuf et puis allez de quatre-vingt-onze à gauche,-91,-99
22456,descendez de un et puis allez de cinquante-sept à gauche,-57,-1
22457,descendez de six et puis allez de quatre-vingt-dix à gauche,-90,-6
22458,descendez de trois et puis allez de trente-neuf à gauche,-39,-3
22459,descendez de quatre-vingt-dix-neuf et puis allez de trente et un à gauche,-31,-99
22460,descendez de onze et puis allez de trente-cinq à gauche,-35,-11
22461,descendez de vingt-quatre et puis allez de quarante et un à gauche,-41,-24
22462,descendez de quatre-vingt-neuf et puis allez de dix-huit à gauche,-18,-89
22463,descendez de quatre-vingt-quatre et puis allez de vingt à gauche,-20,-84
22464,descendez de soixante-sept et puis allez de quarante-cinq à gauche,-45,-67
22465,descendez de dix et puis allez de soixante-neuf à gauche,-69,-10
22466,descendez de vingt-deux et puis allez de quarante-sept à gauche,-47,-22
22467,descendez de quatre-vingts et puis allez de soixante-deux à gauche,-62,-80
22468,descendez de quatre-vingt-onze et puis allez de cinquante-sept à gauche,-57,-91
22469,descendez de quatre-vingt-sept et puis allez de cinquante-quatre à gauche,-54,-87
22470,descendez de quatre-vingt-dix-huit et puis allez de soixante-deux à gauche,-62,-98
22471,descendez de six et puis allez de douze à gauche,-12,-6
22472,descendez de quarante-six et puis allez de quarante-neuf à gauche,-49,-46
22473,descendez de quarante-six et puis allez de six à gauche,-6,-46
22474,descendez de quatre-vingt-onze et puis allez de soixante-neuf à gauche,-69,-91
22475,descendez de dix-sept et puis allez de soixante et onze à gauche,-71,-17
22476,descendez de quatre et puis allez de quatre-vingt-quinze à gauche,-95,-4
22477,descendez de sept et puis allez de quarante-cinq à gauche,-45,-7
22478,descendez de cinquante-deux et puis allez de onze à gauche,-11,-52
22479,descendez de quatre-vingt-un et puis allez de vingt à gauche,-20,-81
22480,descendez de quatre-vingt-quinze et puis allez de soixante-quatorze à gauche,-74,-95
22481,descendez de soixante-huit et puis allez de soixante-sept à gauche,-67,-68
22482,descendez de onze et puis allez de soixante-treize à gauche,-73,-11
22483,descendez de quatre-vingt-trois et puis allez de quatre à gauche,-4,-83
22484,descendez de cinq et puis allez de six à gauche,-6,-5
22485,descendez de quatre et puis allez de quarante-trois à gauche,-43,-4
22486,descendez de soixante-quatre et puis allez de treize à gauche,-13,-64
22487,descendez de quatre-vingt-treize et puis allez de vingt-cinq à gauche,-25,-93
22488,descendez de soixante-douze et puis allez de quatre-vingt-treize à gauche,-93,-72
22489,descendez de un et puis allez de soixante-quatre à gauche,-64,-1
22490,descendez de quatre-vingt-dix-neuf et puis allez de quarante-quatre à gauche,-44,-99
22491,descendez de vingt-trois et puis allez de douze à gauche,-12,-23
22492,descendez de huit et puis allez de soixante-seize à gauche,-76,-8
22493,descendez de deux et puis allez de soixante-douze à gauche,-72,-2
22494,descendez de soixante-dix-neuf et puis allez de cinquante et un à gauche,-51,-79
22495,descendez de soixante-neuf et puis allez de vingt-huit à gauche,-28,-69
22496,descendez de quarante-sept et puis allez de quarante-sept à gauche,-47,-47
22497,descendez de quatre-vingt-douze et puis allez de soixante et un à gauche,-61,-92
22498,descendez de cinquante-cinq et puis allez de trente-sept à gauche,-37,-55
22499,descendez de quatre-vingt-quatorze et puis allez de trois à gauche,-3,-94
22500,descendez de soixante et onze et puis allez de quatre-vingt-neuf à gauche,-89,-71
22501,descendez de soixante-dix-huit et puis allez de quarante-six à gauche,-46,-78
22502,descendez de quatre-vingt-quatre et puis allez de quarante-huit à gauche,-48,-84
22503,descendez de quatre-vingt-six et puis allez de cinquante-six à gauche,-56,-86
22504,descendez de quatre-vingts et puis allez de dix-neuf à gauche,-19,-80
22505,descendez de soixante-huit et puis allez de soixante-quatre à gauche,-64,-68
22506,descendez de quatre-vingt-sept et puis allez de soixante-quatre à gauche,-64,-87
22507,descendez de soixante-dix et puis allez de dix-neuf à gauche,-19,-70
22508,descendez de soixante-quatorze et puis allez de cinquante-huit à gauche,-58,-74
22509,descendez de cent et puis allez de quatre-vingt-six à gauche,-86,-100
22510,descendez de cent et puis allez de trois à gauche,-3,-100
22511,descendez de douze et puis allez de huit à gauche,-8,-12
22512,descendez de quatorze et puis allez de quatre-vingt-douze à gauche,-92,-14
22513,descendez de quatre-vingt-seize et puis allez de cinq à gauche,-5,-96
22514,descendez de soixante-huit et puis allez de quarante-deux à gauche,-42,-68
22515,descendez de quarante-trois et puis allez de quatre-vingt-huit à gauche,-88,-43
22516,descendez de trente-neuf et puis allez de quatre-vingt-cinq à gauche,-85,-39
22517,descendez de quarante et puis allez de huit à gauche,-8,-40
22518,descendez de soixante-seize et puis allez de quinze à gauche,-15,-76
22519,descendez de quatre-vingt-douze et puis allez de neuf à gauche,-9,-92
22520,descendez de cinquante-six et puis allez de soixante et onze à gauche,-71,-56
22521,descendez de cinq et puis allez de vingt-quatre à gauche,-24,-5
22522,descendez de treize et puis allez de quatre-vingt-deux à gauche,-82,-13
22523,descendez de trente-quatre et puis allez de quatre-vingt-treize à gauche,-93,-34
22524,descendez de trente-huit et puis allez de quarante-neuf à gauche,-49,-38
22525,descendez de soixante-trois et puis allez de cinquante-deux à gauche,-52,-63
22526,descendez de vingt et puis allez de quatre-vingt-onze à gauche,-91,-20
22527,descendez de cinquante-neuf et puis allez de vingt-neuf à gauche,-29,-59
22528,descendez de trente-neuf et puis allez de trente-deux à gauche,-32,-39
22529,descendez de quarante-quatre et puis allez de quatre-vingt-dix-huit à gauche,-98,-44
22530,descendez de quarante-deux et puis allez de quarante à gauche,-40,-42
22531,descendez de quatre-vingt-dix et puis allez de deux à gauche,-2,-90
22532,descendez de soixante-quatorze et puis allez de vingt-deux à gauche,-22,-74
22533,descendez de quatre-vingt-seize et puis allez de trente-deux à gauche,-32,-96
22534,descendez de quatre-vingt-quatre et puis allez de dix à gauche,-10,-84
22535,descendez de quatre-vingt-dix-neuf et puis allez de soixante-treize à gauche,-73,-99
22536,descendez de dix-neuf et puis allez de vingt à gauche,-20,-19
22537,descendez de quatre-vingt-douze et puis allez de cinquante-neuf à gauche,-59,-92
22538,descendez de soixante-quinze et puis allez de cinquante-huit à gauche,-58,-75
22539,descendez de soixante-treize et puis allez de quatre-vingt-seize à gauche,-96,-73
22540,descendez de vingt et puis allez de quatre-vingt-dix à gauche,-90,-20
22541,descendez de trente-trois et puis allez de soixante et un à gauche,-61,-33
22542,descendez de soixante et puis allez de vingt à gauche,-20,-60
22543,descendez de vingt-sept et puis allez de vingt-trois à gauche,-23,-27
22544,descendez de soixante et onze et puis allez de quatre-vingt-dix-neuf à gauche,-99,-71
22545,descendez de quatre-vingt-deux et puis allez de quatre-vingt-quatre à gauche,-84,-82
22546,descendez de quatre-vingt-un et puis allez de dix-neuf à gauche,-19,-81
22547,descendez de trois et puis allez de huit à gauche,-8,-3
22548,descendez de soixante-seize et puis allez de soixante-douze à gauche,-72,-76
22549,descendez de quatre-vingt-seize et puis allez de quatre-vingt-un à gauche,-81,-96
22550,descendez de dix-huit et puis allez de deux à gauche,-2,-18
22551,descendez de quatre-vingt-douze et puis allez de soixante-sept à gauche,-67,-92
22552,descendez de quatre-vingt-neuf et puis allez de quatre-vingts à gauche,-80,-89
22553,descendez de vingt-huit et puis allez de cinquante-neuf à gauche,-59,-28
22554,descendez de cinquante-huit et puis allez de cinquante-sept à gauche,-57,-58
22555,descendez de cent et puis allez de quarante-trois à gauche,-43,-100
22556,descendez de quarante et un et puis allez de quatre-vingt-treize à gauche,-93,-41
22557,descendez de cent et puis allez de quarante et un à gauche,-41,-100
22558,descendez de soixante-dix-neuf et puis allez de quatre-vingt-onze à gauche,-91,-79
22559,descendez de quatre-vingt-onze et puis allez de cinquante-sept à gauche,-57,-91
22560,descendez de vingt-sept et puis allez de vingt-quatre à gauche,-24,-27
22561,descendez de trente-huit et puis allez de soixante-dix-neuf à gauche,-79,-38
22562,descendez de vingt et puis allez de neuf à gauche,-9,-20
22563,descendez de vingt-trois et puis allez de soixante-douze à gauche,-72,-23
22564,descendez de quatre-vingt-neuf et puis allez de trente-deux à gauche,-32,-89
22565,descendez de quatre et puis allez de cinquante-cinq à gauche,-55,-4
22566,descendez de soixante-huit et puis allez de quatre-vingt-dix-sept à gauche,-97,-68
22567,descendez de soixante et puis allez de trois à gauche,-3,-60
22568,descendez de trente-sept et puis allez de trente-neuf à gauche,-39,-37
22569,descendez de trente-cinq et puis allez de dix-sept à gauche,-17,-35
22570,descendez de trente et puis allez de dix-neuf à gauche,-19,-30
22571,descendez de soixante-dix-huit et puis allez de trente-sept à gauche,-37,-78
22572,descendez de quatre-vingt-treize et puis allez de quarante et un à gauche,-41,-93
22573,descendez de soixante-seize et puis allez de cent à gauche,-100,-76
22574,descendez de six et puis allez de soixante-seize à gauche,-76,-6
22575,descendez de vingt-huit et puis allez de un à gauche,-1,-28
22576,descendez de quatre-vingts et puis allez de vingt-sept à gauche,-27,-80
22577,descendez de cinquante et puis allez de soixante-huit à gauche,-68,-50
22578,descendez de quatre-vingt-neuf et puis allez de soixante-huit à gauche,-68,-89
22579,descendez de vingt-six et puis allez de soixante-dix à gauche,-70,-26
22580,descendez de soixante-seize et puis allez de quatre à gauche,-4,-76
22581,descendez de soixante et puis allez de soixante-quatre à gauche,-64,-60
22582,descendez de quatre-vingt-onze et puis allez de quarante à gauche,-40,-91
22583,descendez de vingt et un et puis allez de vingt-six à gauche,-26,-21
22584,descendez de cinquante-six et puis allez de cent à gauche,-100,-56
22585,descendez de quarante-neuf et puis allez de soixante-deux à gauche,-62,-49
22586,descendez de trente-neuf et puis allez de soixante-quatre à gauche,-64,-39
22587,descendez de quatre-vingt-seize et puis allez de quatre-vingt-quinze à gauche,-95,-96
22588,descendez de treize et puis allez de quatre-vingt-dix à gauche,-90,-13
22589,descendez de soixante-quatre et puis allez de soixante-huit à gauche,-68,-64
22590,descendez de soixante-seize et puis allez de cent à gauche,-100,-76
22591,descendez de quatre-vingt-dix-huit et puis allez de dix-sept à gauche,-17,-98
22592,descendez de soixante-six et puis allez de douze à gauche,-12,-66
22593,descendez de soixante-neuf et puis allez de soixante-dix-huit à gauche,-78,-69
22594,descendez de treize et puis allez de quarante-six à gauche,-46,-13
22595,descendez de quatre-vingt-cinq et puis allez de soixante-cinq à gauche,-65,-85
22596,descendez de huit et puis allez de soixante-quatorze à gauche,-74,-8
22597,descendez de cinquante-cinq et puis allez de soixante-treize à gauche,-73,-55
22598,descendez de cinquante-sept et puis allez de vingt-trois à gauche,-23,-57
22599,descendez de quarante-neuf et puis allez de quatre-vingt-dix-neuf à gauche,-99,-49
22600,descendez de quarante-deux et puis allez de cinquante-deux à gauche,-52,-42
22601,descendez de quatre-vingt-quinze et puis allez de soixante-quatorze à gauche,-74,-95
22602,descendez de soixante-deux et puis allez de cinquante-neuf à gauche,-59,-62
22603,descendez de quarante-neuf et puis allez de soixante-quinze à gauche,-75,-49
22604,descendez de trente-deux et puis allez de soixante à gauche,-60,-32
22605,descendez de cinquante et un et puis allez de trois à gauche,-3,-51
22606,descendez de soixante-six et puis allez de neuf à gauche,-9,-66
22607,descendez de soixante et puis allez de deux à gauche,-2,-60
22608,descendez de quatre-vingt-deux et puis allez de cinquante-trois à gauche,-53,-82
22609,descendez de quatre-vingt-douze et puis allez de quarante-quatre à gauche,-44,-92
22610,descendez de vingt-deux et puis allez de douze à gauche,-12,-22
22611,descendez de trente-deux et puis allez de douze à gauche,-12,-32
22612,descendez de vingt-neuf et puis allez de quatre-vingt-six à gauche,-86,-29
22613,descendez de quatre-vingt-sept et puis allez de cinquante-sept à gauche,-57,-87
22614,descendez de cinquante et un et puis allez de quatre-vingt-douze à gauche,-92,-51
22615,descendez de quatre-vingt-six et puis allez de soixante-quatre à gauche,-64,-86
22616,descendez de trois et puis allez de cinquante-quatre à gauche,-54,-3
22617,descendez de quatre-vingt-un et puis allez de cinquante-trois à gauche,-53,-81
22618,descendez de onze et puis allez de seize à gauche,-16,-11
22619,descendez de sept et puis allez de cinquante et un à gauche,-51,-7
22620,descendez de quatre-vingt-dix-neuf et puis allez de trente à gauche,-30,-99
22621,descendez de trente-neuf et puis allez de soixante-trois à gauche,-63,-39
22622,descendez de soixante-sept et puis allez de quatre-vingt-cinq à gauche,-85,-67
22623,descendez de quatre-vingt-quatre et puis allez de dix-sept à gauche,-17,-84
22624,descendez de soixante-seize et puis allez de vingt-cinq à gauche,-25,-76
22625,descendez de vingt et un et puis allez de soixante-sept à gauche,-67,-21
22626,descendez de cinq et puis allez de quatre-vingt-seize à gauche,-96,-5
22627,descendez de vingt-huit et puis allez de quatre-vingt-seize à gauche,-96,-28
22628,descendez de quatorze et puis allez de dix-huit à gauche,-18,-14
22629,descendez de quatre-vingt-un et puis allez de trente-sept à gauche,-37,-81
22630,descendez de cinquante-six et puis allez de quatre-vingt-seize à gauche,-96,-56
22631,descendez de quarante-neuf et puis allez de deux à gauche,-2,-49
22632,descendez de dix-neuf et puis allez de soixante-dix-sept à gauche,-77,-19
22633,descendez de vingt et puis allez de neuf à gauche,-9,-20
22634,descendez de trois et puis allez de quarante et un à gauche,-41,-3
22635,descendez de soixante-dix-neuf et puis allez de trois à gauche,-3,-79
22636,descendez de quatre-vingt-onze et puis allez de quatre-vingt-deux à gauche,-82,-91
22637,descendez de quarante-six et puis allez de vingt-trois à gauche,-23,-46
22638,descendez de vingt-six et puis allez de deux à gauche,-2,-26
22639,descendez de treize et puis allez de trente-sept à gauche,-37,-13
22640,descendez de soixante et onze et puis allez de trente-six à gauche,-36,-71
22641,descendez de vingt-trois et puis allez de trois à gauche,-3,-23
22642,descendez de trente-six et puis allez de soixante-dix à gauche,-70,-36
22643,descendez de cent et puis allez de huit à gauche,-8,-100
22644,descendez de cinquante-sept et puis allez de vingt-six à gauche,-26,-57
22645,descendez de quatre-vingt-un et puis allez de trente-six à gauche,-36,-81
22646,descendez de sept et puis allez de vingt-huit à gauche,-28,-7
22647,descendez de quatre-vingt-quinze et puis allez de vingt-quatre à gauche,-24,-95
22648,descendez de trente-sept et puis allez de quatre-vingt-cinq à gauche,-85,-37
22649,descendez de trois et puis allez de soixante-douze à gauche,-72,-3
22650,descendez de quarante et un et puis allez de soixante-dix-neuf à gauche,-79,-41
22651,descendez de quatre-vingt-onze et puis allez de soixante et onze à gauche,-71,-91
22652,descendez de cinq et puis allez de sept à gauche,-7,-5
22653,descendez de quatorze et puis allez de cinquante-cinq à gauche,-55,-14
22654,descendez de quatre-vingt-un et puis allez de quatre-vingt-deux à gauche,-82,-81
22655,descendez de quatre-vingt-dix-sept et puis allez de treize à gauche,-13,-97
22656,descendez de quarante-trois et puis allez de cinquante-neuf à gauche,-59,-43
22657,descendez de quatre-vingt-huit et puis allez de quatre-vingts à gauche,-80,-88
22658,descendez de cinquante-deux et puis allez de cinquante-cinq à gauche,-55,-52
22659,descendez de trente-cinq et puis allez de dix à gauche,-10,-35
22660,descendez de neuf et puis allez de quatre-vingt-neuf à gauche,-89,-9
22661,descendez de quatre-vingt-sept et puis allez de vingt-neuf à gauche,-29,-87
22662,descendez de soixante-dix-neuf et puis allez de soixante-douze à gauche,-72,-79
22663,descendez de trente-cinq et puis allez de quarante-cinq à gauche,-45,-35
22664,descendez de quatre-vingts et puis allez de soixante-seize à gauche,-76,-80
22665,descendez de treize et puis allez de cinquante à gauche,-50,-13
22666,descendez de cinquante et puis allez de quatorze à gauche,-14,-50
22667,descendez de soixante-dix-neuf et puis allez de trente-cinq à gauche,-35,-79
22668,descendez de quatre-vingt-sept et puis allez de quatre-vingt-dix-huit à gauche,-98,-87
22669,descendez de quatre-vingt-six et puis allez de neuf à gauche,-9,-86
22670,descendez de trente et puis allez de trente et un à gauche,-31,-30
22671,descendez de quarante et un et puis allez de vingt-sept à gauche,-27,-41
22672,descendez de vingt-sept et puis allez de trente à gauche,-30,-27
22673,descendez de quatre-vingts et puis allez de quatre-vingt-dix-sept à gauche,-97,-80
22674,descendez de vingt-huit et puis allez de soixante-huit à gauche,-68,-28
22675,descendez de quatre-vingts et puis allez de trente-neuf à gauche,-39,-80
22676,descendez de quatre-vingt-deux et puis allez de soixante-quinze à gauche,-75,-82
22677,descendez de neuf et puis allez de vingt-quatre à gauche,-24,-9
22678,descendez de quatre-vingt-douze et puis allez de cinquante-deux à gauche,-52,-92
22679,descendez de quatre-vingt-dix-sept et puis allez de soixante-cinq à gauche,-65,-97
22680,descendez de vingt et puis allez de quarante-six à gauche,-46,-20
22681,descendez de cinquante-trois et puis allez de trente-six à gauche,-36,-53
22682,descendez de trente-deux et puis allez de quarante à gauche,-40,-32
22683,descendez de cinq et puis allez de soixante-dix-sept à gauche,-77,-5
22684,descendez de soixante et un et puis allez de quatorze à gauche,-14,-61
22685,descendez de soixante-dix-sept et puis allez de soixante-sept à gauche,-67,-77
22686,descendez de quatre-vingt-six et puis allez de huit à gauche,-8,-86
22687,descendez de soixante-dix-huit et puis allez de soixante-douze à gauche,-72,-78
22688,descendez de quarante-sept et puis allez de soixante-dix à gauche,-70,-47
22689,descendez de vingt-quatre et puis allez de quarante-cinq à gauche,-45,-24
22690,descendez de seize et puis allez de cinquante-sept à gauche,-57,-16
22691,descendez de trois et puis allez de vingt-quatre à gauche,-24,-3
22692,descendez de quarante-cinq et puis allez de quatre-vingt-six à gauche,-86,-45
22693,descendez de cinquante-sept et puis allez de trente-neuf à gauche,-39,-57
22694,descendez de quatre-vingt-dix-sept et puis allez de cinquante-deux à gauche,-52,-97
22695,descendez de trente-deux et puis allez de quatre-vingt-un à gauche,-81,-32
22696,descendez de cinquante-cinq et puis allez de quinze à gauche,-15,-55
22697,descendez de quatre-vingt-dix-huit et puis allez de quatre-vingt-quatre à gauche,-84,-98
22698,descendez de dix-sept et puis allez de vingt-sept à gauche,-27,-17
22699,descendez de soixante-douze et puis allez de quatre à gauche,-4,-72
22700,descendez de trente-huit et puis allez de vingt-deux à gauche,-22,-38
22701,descendez de dix-sept et puis allez de soixante-treize à gauche,-73,-17
22702,descendez de quatre-vingt-dix-neuf et puis allez de vingt à gauche,-20,-99
22703,descendez de soixante-douze et puis allez de soixante-six à gauche,-66,-72
22704,descendez de soixante-six et puis allez de soixante-huit à gauche,-68,-66
22705,descendez de soixante-seize et puis allez de trente-trois à gauche,-33,-76
22706,descendez de neuf et puis allez de quinze à gauche,-15,-9
22707,descendez de cinquante-neuf et puis allez de vingt-six à gauche,-26,-59
22708,descendez de vingt et un et puis allez de soixante-treize à gauche,-73,-21
22709,descendez de soixante-trois et puis allez de trente-six à gauche,-36,-63
22710,descendez de vingt-quatre et puis allez de cinquante à gauche,-50,-24
22711,descendez de soixante-quinze et puis allez de cinquante-deux à gauche,-52,-75
22712,descendez de neuf et puis allez de soixante-six à gauche,-66,-9
22713,descendez de cinquante et un et puis allez de quatre à gauche,-4,-51
22714,descendez de vingt-neuf et puis allez de soixante-dix à gauche,-70,-29
22715,descendez de quarante et puis allez de soixante-deux à gauche,-62,-40
22716,descendez de quatre-vingt-huit et puis allez de trente-deux à gauche,-32,-88
22717,descendez de trente-cinq et puis allez de quatre-vingt-cinq à gauche,-85,-35
22718,descendez de quatre-vingt-dix-huit et puis allez de trente-cinq à gauche,-35,-98
22719,descendez de quatre-vingt-un et puis allez de trente-cinq à gauche,-35,-81
22720,descendez de quarante-six et puis allez de quatre-vingt-quatre à gauche,-84,-46
22721,descendez de vingt-cinq et puis allez de cinquante-huit à gauche,-58,-25
22722,descendez de trente-trois et puis allez de six à gauche,-6,-33
22723,descendez de quatre-vingts et puis allez de soixante-huit à gauche,-68,-80
22724,descendez de cent et puis allez de un à gauche,-1,-100
22725,descendez de trente-neuf et puis allez de vingt-cinq à gauche,-25,-39
22726,descendez de quatre-vingt-cinq et puis allez de cinquante-cinq à gauche,-55,-85
22727,descendez de soixante-quatre et puis allez de soixante-trois à gauche,-63,-64
22728,descendez de cinquante-cinq et puis allez de cinquante-sept à gauche,-57,-55
22729,descendez de quatre-vingt-six et puis allez de quarante-quatre à gauche,-44,-86
22730,descendez de treize et puis allez de neuf à gauche,-9,-13
22731,descendez de soixante-quatorze et puis allez de soixante-huit à gauche,-68,-74
22732,descendez de douze et puis allez de cinquante-quatre à gauche,-54,-12
22733,descendez de trente-deux et puis allez de quatre-vingt-treize à gauche,-93,-32
22734,descendez de cinquante-huit et puis allez de quatre-vingt-dix-sept à gauche,-97,-58
22735,descendez de quatre et puis allez de soixante-huit à gauche,-68,-4
22736,descendez de quatre-vingt-dix-neuf et puis allez de soixante-cinq à gauche,-65,-99
22737,descendez de quatre-vingt-quinze et puis allez de soixante-quinze à gauche,-75,-95
22738,descendez de cent et puis allez de vingt-quatre à gauche,-24,-100
22739,descendez de dix-huit et puis allez de quatre-vingt-treize à gauche,-93,-18
22740,descendez de onze et puis allez de trois à gauche,-3,-11
22741,descendez de soixante-six et puis allez de soixante-dix-sept à gauche,-77,-66
22742,descendez de trente-sept et puis allez de soixante-dix à gauche,-70,-37
22743,descendez de vingt-cinq et puis allez de cinquante-quatre à gauche,-54,-25
22744,descendez de quatre-vingt-dix-sept et puis allez de quatre-vingt-deux à gauche,-82,-97
22745,descendez de quatre-vingt-deux et puis allez de quatre-vingt-quatorze à gauche,-94,-82
22746,descendez de quatre-vingts et puis allez de trente-six à gauche,-36,-80
22747,descendez de cinquante-six et puis allez de cinquante et un à gauche,-51,-56
22748,descendez de quarante-trois et puis allez de soixante et un à gauche,-61,-43
22749,descendez de vingt-sept et puis allez de trente et un à gauche,-31,-27
22750,descendez de vingt-six et puis allez de quatre-vingt-sept à gauche,-87,-26
22751,descendez de trente-trois et puis allez de vingt à gauche,-20,-33
22752,descendez de soixante-quinze et puis allez de trente-cinq à gauche,-35,-75
22753,descendez de quarante et un et puis allez de quatre-vingt-deux à gauche,-82,-41
22754,descendez de vingt-trois et puis allez de cinquante-neuf à gauche,-59,-23
22755,descendez de soixante-trois et puis allez de soixante-seize à gauche,-76,-63
22756,descendez de quatre-vingts et puis allez de quatre-vingt-dix-huit à gauche,-98,-80
22757,descendez de soixante-douze et puis allez de soixante-dix-sept à gauche,-77,-72
22758,descendez de trente-huit et puis allez de soixante à gauche,-60,-38
22759,descendez de vingt-cinq et puis allez de soixante-treize à gauche,-73,-25
22760,descendez de cinquante et un et puis allez de quatre-vingt-un à gauche,-81,-51
22761,descendez de trente-quatre et puis allez de vingt-trois à gauche,-23,-34
22762,descendez de vingt et un et puis allez de quatre-vingt-neuf à gauche,-89,-21
22763,descendez de soixante-dix-sept et puis allez de vingt-sept à gauche,-27,-77
22764,descendez de vingt-trois et puis allez de cent à gauche,-100,-23
22765,descendez de quarante-sept et puis allez de quarante et un à gauche,-41,-47
22766,descendez de trente-huit et puis allez de quatorze à gauche,-14,-38
22767,descendez de dix-sept et puis allez de quatre-vingt-onze à gauche,-91,-17
22768,descendez de soixante et onze et puis allez de deux à gauche,-2,-71
22769,descendez de quatre-vingt-dix-huit et puis allez de soixante-deux à gauche,-62,-98
22770,descendez de vingt-trois et puis allez de quatorze à gauche,-14,-23
22771,descendez de cinquante-trois et puis allez de quatre-vingt-quinze à gauche,-95,-53
22772,descendez de trente-neuf et puis allez de soixante à gauche,-60,-39
22773,descendez de quarante-huit et puis allez de soixante-cinq à gauche,-65,-48
22774,descendez de dix-huit et puis allez de trente-cinq à gauche,-35,-18
22775,descendez de quatre-vingt-onze et puis allez de soixante-dix-huit à gauche,-78,-91
22776,descendez de vingt et un et puis allez de onze à gauche,-11,-21
22777,descendez de trente-sept et puis allez de quatre-vingt-dix-neuf à gauche,-99,-37
22778,descendez de soixante-quatre et puis allez de quatre-vingt-un à gauche,-81,-64
22779,descendez de trente et puis allez de cinquante-quatre à gauche,-54,-30
22780,descendez de quarante et puis allez de quatre-vingt-dix-huit à gauche,-98,-40
22781,descendez de quatre-vingt-cinq et puis allez de soixante-treize à gauche,-73,-85
22782,descendez de trente-trois et puis allez de soixante-sept à gauche,-67,-33
22783,descendez de cinquante-huit et puis allez de cinquante et un à gauche,-51,-58
22784,descendez de soixante-deux et puis allez de quatre à gauche,-4,-62
22785,descendez de quarante-trois et puis allez de dix-huit à gauche,-18,-43
22786,descendez de trente-trois et puis allez de soixante-deux à gauche,-62,-33
22787,descendez de cinquante-neuf et puis allez de vingt et un à gauche,-21,-59
22788,descendez de vingt-sept et puis allez de cinquante-sept à gauche,-57,-27
22789,descendez de soixante-dix-neuf et puis allez de vingt-trois à gauche,-23,-79
22790,descendez de vingt et puis allez de vingt-neuf à gauche,-29,-20
22791,descendez de quarante-quatre et puis allez de quatre-vingt-dix-neuf à gauche,-99,-44
22792,descendez de cinquante-cinq et puis allez de trente-quatre à gauche,-34,-55
22793,descendez de quatre-vingt-quatre et puis allez de soixante-neuf à gauche,-69,-84
22794,descendez de vingt-six et puis allez de soixante-douze à gauche,-72,-26
22795,descendez de cinquante-huit et puis allez de douze à gauche,-12,-58
22796,descendez de dix et puis allez de cinquante-sept à gauche,-57,-10
22797,descendez de cinquante-quatre et puis allez de seize à gauche,-16,-54
22798,descendez de quatre et puis allez de soixante-cinq à gauche,-65,-4
22799,descendez de soixante-sept et puis allez de trente et un à gauche,-31,-67
22800,descendez de soixante-deux et puis allez de quatre-vingt-dix-huit à gauche,-98,-62
22801,descendez de cinquante et puis allez de huit à gauche,-8,-50
22802,descendez de quatre-vingts et puis allez de quatorze à gauche,-14,-80
22803,descendez de soixante-sept et puis allez de quatre-vingt-cinq à gauche,-85,-67
22804,descendez de soixante-huit et puis allez de soixante-deux à gauche,-62,-68
22805,descendez de quatre-vingt-douze et puis allez de soixante-sept à gauche,-67,-92
22806,descendez de quarante-trois et puis allez de onze à gauche,-11,-43
22807,descendez de trente-deux et puis allez de quatre à gauche,-4,-32
22808,descendez de quatre-vingt-onze et puis allez de quatre-vingt-seize à gauche,-96,-91
22809,descendez de vingt et un et puis allez de quarante à gauche,-40,-21
22810,descendez de quatre-vingt-onze et puis allez de quatre-vingt-cinq à gauche,-85,-91
22811,descendez de quatre-vingt-six et puis allez de vingt et un à gauche,-21,-86
22812,descendez de dix-sept et puis allez de quarante et un à gauche,-41,-17
22813,descendez de soixante-cinq et puis allez de quatre-vingt-quatorze à gauche,-94,-65
22814,descendez de soixante-seize et puis allez de trente-neuf à gauche,-39,-76
22815,descendez de soixante-cinq et puis allez de soixante-quatorze à gauche,-74,-65
22816,descendez de soixante-seize et puis allez de trente-quatre à gauche,-34,-76
22817,descendez de quatre-vingt-dix-huit et puis allez de quatre-vingt-dix-sept à gauche,-97,-98
22818,descendez de vingt-huit et puis allez de quarante-sept à gauche,-47,-28
22819,descendez de soixante-neuf et puis allez de soixante-quatorze à gauche,-74,-69
22820,descendez de quatre-vingt-quatre et puis allez de seize à gauche,-16,-84
22821,descendez de quarante-quatre et puis allez de dix-neuf à gauche,-19,-44
22822,descendez de soixante-cinq et puis allez de trente-six à gauche,-36,-65
22823,descendez de vingt-six et puis allez de quatorze à gauche,-14,-26
22824,descendez de trente-cinq et puis allez de quatre-vingt-cinq à gauche,-85,-35
22825,descendez de quatre-vingt-neuf et puis allez de soixante et un à gauche,-61,-89
22826,descendez de six et puis allez de soixante-trois à gauche,-63,-6
22827,descendez de vingt-quatre et puis allez de seize à gauche,-16,-24
22828,descendez de quatre-vingt-deux et puis allez de quatre-vingt-six à gauche,-86,-82
22829,descendez de quatre-vingt-neuf et puis allez de quatre-vingts à gauche,-80,-89
22830,descendez de quarante-trois et puis allez de cinquante-huit à gauche,-58,-43
22831,descendez de soixante-dix-sept et puis allez de trente et un à gauche,-31,-77
22832,descendez de cinquante-neuf et puis allez de trente-quatre à gauche,-34,-59
22833,descendez de quarante-sept et puis allez de soixante-trois à gauche,-63,-47
22834,descendez de dix-huit et puis allez de quatre-vingt-huit à gauche,-88,-18
22835,descendez de quatre-vingt-neuf et puis allez de vingt-sept à gauche,-27,-89
22836,descendez de soixante-dix et puis allez de cinquante-quatre à gauche,-54,-70
22837,descendez de quarante et un et puis allez de quatre-vingt-sept à gauche,-87,-41
22838,descendez de cinquante-six et puis allez de vingt-quatre à gauche,-24,-56
22839,descendez de un et puis allez de cent à gauche,-100,-1
22840,descendez de soixante-cinq et puis allez de vingt-sept à gauche,-27,-65
22841,descendez de soixante-quatre et puis allez de quatre-vingt-onze à gauche,-91,-64
22842,descendez de quarante-sept et puis allez de soixante-sept à gauche,-67,-47
22843,descendez de quarante-deux et puis allez de vingt-huit à gauche,-28,-42
22844,descendez de soixante-dix-sept et puis allez de trente-six à gauche,-36,-77
22845,descendez de quarante et puis allez de soixante-dix-sept à gauche,-77,-40
22846,descendez de quatre-vingt-sept et puis allez de quatre-vingt-trois à gauche,-83,-87
22847,descendez de vingt-neuf et puis allez de cinquante à gauche,-50,-29
22848,descendez de cinquante et puis allez de vingt-deux à gauche,-22,-50
22849,descendez de soixante-sept et puis allez de quarante-huit à gauche,-48,-67
22850,descendez de trente-quatre et puis allez de vingt-neuf à gauche,-29,-34
22851,descendez de neuf et puis allez de quarante-sept à gauche,-47,-9
22852,descendez de vingt-six et puis allez de soixante à gauche,-60,-26
22853,descendez de trente-trois et puis allez de quarante-huit à gauche,-48,-33
22854,descendez de vingt-six et puis allez de cinquante-deux à gauche,-52,-26
22855,descendez de soixante-cinq et puis allez de quatre-vingt-dix-huit à gauche,-98,-65
22856,descendez de soixante-dix et puis allez de cinquante et un à gauche,-51,-70
22857,descendez de cinquante et un et puis allez de quarante-deux à gauche,-42,-51
22858,descendez de quarante et un et puis allez de soixante-six à gauche,-66,-41
22859,descendez de soixante-quinze et puis allez de quatorze à gauche,-14,-75
22860,descendez de cent et puis allez de quatre-vingt-dix-sept à gauche,-97,-100
22861,descendez de quatre-vingt-six et puis allez de cent à gauche,-100,-86
22862,descendez de trente-quatre et puis allez de soixante-quinze à gauche,-75,-34
22863,descendez de seize et puis allez de trente-neuf à gauche,-39,-16
22864,descendez de trente-sept et puis allez de vingt-neuf à gauche,-29,-37
22865,descendez de soixante-dix-huit et puis allez de soixante à gauche,-60,-78
22866,descendez de soixante-huit et puis allez de quarante-quatre à gauche,-44,-68
22867,descendez de cinquante-sept et puis allez de trente-sept à gauche,-37,-57
22868,descendez de soixante-quinze et puis allez de cinquante-trois à gauche,-53,-75
22869,descendez de huit et puis allez de soixante-quinze à gauche,-75,-8
22870,descendez de treize et puis allez de vingt-quatre à gauche,-24,-13
22871,descendez de douze et puis allez de quarante et un à gauche,-41,-12
22872,descendez de soixante et puis allez de trente-deux à gauche,-32,-60
22873,descendez de quarante et un et puis allez de quarante et un à gauche,-41,-41
22874,descendez de cinquante-sept et puis allez de deux à gauche,-2,-57
22875,descendez de quatre-vingt-huit et puis allez de quarante-huit à gauche,-48,-88
22876,descendez de soixante-quatre et puis allez de quarante-quatre à gauche,-44,-64
22877,descendez de vingt-cinq et puis allez de quarante-huit à gauche,-48,-25
22878,descendez de dix et puis allez de quatre-vingt-dix à gauche,-90,-10
22879,descendez de soixante et puis allez de quarante à gauche,-40,-60
22880,descendez de douze et puis allez de trente-six à gauche,-36,-12
22881,descendez de soixante-cinq et puis allez de vingt à gauche,-20,-65
22882,descendez de quarante et un et puis allez de quarante-six à gauche,-46,-41
22883,descendez de trente-quatre et puis allez de soixante-dix à gauche,-70,-34
22884,descendez de vingt-quatre et puis allez de quatorze à gauche,-14,-24
22885,descendez de trente-cinq et puis allez de soixante-seize à gauche,-76,-35
22886,descendez de soixante-douze et puis allez de quatre-vingt-quatre à gauche,-84,-72
22887,descendez de trente-quatre et puis allez de cinq à gauche,-5,-34
22888,descendez de cinquante-deux et puis allez de soixante à gauche,-60,-52
22889,descendez de cinquante-six et puis allez de quatre-vingt-dix-neuf à gauche,-99,-56
22890,descendez de soixante et un et puis allez de cinquante-six à gauche,-56,-61
22891,descendez de quatre-vingt-huit et puis allez de quatre-vingt-dix à gauche,-90,-88
22892,descendez de quatre-vingt-dix-huit et puis allez de quatre-vingt-neuf à gauche,-89,-98
22893,descendez de onze et puis allez de quatre-vingt-sept à gauche,-87,-11
22894,descendez de cinquante-deux et puis allez de quatre-vingt-neuf à gauche,-89,-52
22895,descendez de quatre-vingt-dix-sept et puis allez de quatorze à gauche,-14,-97
22896,descendez de soixante-dix-huit et puis allez de soixante-seize à gauche,-76,-78
22897,descendez de trente et un et puis allez de quatre-vingts à gauche,-80,-31
22898,descendez de quatre-vingt-huit et puis allez de trente à gauche,-30,-88
22899,descendez de quatre-vingt-quinze et puis allez de quarante-quatre à gauche,-44,-95
22900,descendez de cent et puis allez de quatre-vingt-dix à gauche,-90,-100
22901,descendez de soixante-dix-huit et puis allez de quatre-vingt-huit à gauche,-88,-78
22902,descendez de soixante-quatorze et puis allez de trente et un à gauche,-31,-74
22903,descendez de trente et un et puis allez de quatre-vingt-quatorze à gauche,-94,-31
22904,descendez de vingt-deux et puis allez de neuf à gauche,-9,-22
22905,descendez de quarante et un et puis allez de huit à gauche,-8,-41
22906,descendez de seize et puis allez de soixante-huit à gauche,-68,-16
22907,descendez de quarante-six et puis allez de soixante-dix-huit à gauche,-78,-46
22908,descendez de dix-sept et puis allez de seize à gauche,-16,-17
22909,descendez de quatre-vingt-sept et puis allez de dix-neuf à gauche,-19,-87
22910,descendez de quatre-vingt-dix-neuf et puis allez de dix-huit à gauche,-18,-99
22911,descendez de dix-sept et puis allez de quatre-vingt-sept à gauche,-87,-17
22912,descendez de quatre-vingt-dix et puis allez de six à gauche,-6,-90
22913,descendez de trente-sept et puis allez de quarante-six à gauche,-46,-37
22914,descendez de cinquante-huit et puis allez de quatre-vingt-dix-neuf à gauche,-99,-58
22915,descendez de deux et puis allez de dix à gauche,-10,-2
22916,descendez de deux et puis allez de dix-sept à gauche,-17,-2
22917,descendez de quatre-vingts et puis allez de vingt-deux à gauche,-22,-80
22918,descendez de soixante-trois et puis allez de soixante à gauche,-60,-63
22919,descendez de quatre-vingt-dix-huit et puis allez de quatre-vingt-deux à gauche,-82,-98
22920,descendez de soixante-neuf et puis allez de trente-sept à gauche,-37,-69
22921,descendez de seize et puis allez de vingt-deux à gauche,-22,-16
22922,descendez de quarante-cinq et puis allez de soixante-quatre à gauche,-64,-45
22923,descendez de cinq et puis allez de trente-huit à gauche,-38,-5
22924,descendez de quarante et un et puis allez de quarante-six à gauche,-46,-41
22925,descendez de trois et puis allez de onze à gauche,-11,-3
22926,descendez de soixante-huit et puis allez de six à gauche,-6,-68
22927,descendez de quatre-vingt-cinq et puis allez de vingt à gauche,-20,-85
22928,descendez de quatre-vingt-sept et puis allez de vingt-trois à gauche,-23,-87
22929,descendez de dix-sept et puis allez de soixante et onze à gauche,-71,-17
22930,descendez de quarante-quatre et puis allez de soixante-six à gauche,-66,-44
22931,descendez de soixante-treize et puis allez de soixante-huit à gauche,-68,-73
22932,descendez de quatre et puis allez de soixante-seize à gauche,-76,-4
22933,descendez de soixante-douze et puis allez de vingt-quatre à gauche,-24,-72
22934,descendez de quatre-vingt-douze et puis allez de quarante-sept à gauche,-47,-92
22935,descendez de cinquante et puis allez de vingt-deux à gauche,-22,-50
22936,descendez de un et puis allez de soixante à gauche,-60,-1
22937,descendez de seize et puis allez de quatre-vingt-neuf à gauche,-89,-16
22938,descendez de dix-huit et puis allez de quatre-vingt-neuf à gauche,-89,-18
22939,descendez de soixante-treize et puis allez de quatre à gauche,-4,-73
22940,descendez de quatre-vingt-quatorze et puis allez de soixante-huit à gauche,-68,-94
22941,descendez de quatre-vingt-dix et puis allez de trente-neuf à gauche,-39,-90
22942,descendez de soixante-quatorze et puis allez de cinquante-huit à gauche,-58,-74
22943,descendez de quatre-vingt-trois et puis allez de cinquante-trois à gauche,-53,-83
22944,descendez de cent et puis allez de cinquante-trois à gauche,-53,-100
22945,descendez de cinquante-deux et puis allez de trente-trois à gauche,-33,-52
22946,descendez de cinquante-quatre et puis allez de soixante-six à gauche,-66,-54
22947,descendez de vingt-quatre et puis allez de soixante-dix à gauche,-70,-24
22948,descendez de soixante-seize et puis allez de sept à gauche,-7,-76
22949,descendez de cinquante et puis allez de quatre-vingt-sept à gauche,-87,-50
22950,descendez de soixante-sept et puis allez de quatre-vingt-un à gauche,-81,-67
22951,descendez de cinq et puis allez de vingt à gauche,-20,-5
22952,descendez de vingt-quatre et puis allez de soixante-neuf à gauche,-69,-24
22953,descendez de trente-deux et puis allez de soixante-dix-neuf à gauche,-79,-32
22954,descendez de quatre et puis allez de cinquante-huit à gauche,-58,-4
22955,descendez de quatre-vingts et puis allez de quatre-vingt-trois à gauche,-83,-80
22956,descendez de douze et puis allez de cinquante-quatre à gauche,-54,-12
22957,descendez de soixante-quinze et puis allez de soixante-dix à gauche,-70,-75
22958,descendez de vingt-huit et puis allez de quatre-vingt-quatorze à gauche,-94,-28
22959,descendez de quatre-vingt-dix et puis allez de trente et un à gauche,-31,-90
22960,descendez de soixante-dix et puis allez de quatre-vingt-quatorze à gauche,-94,-70
22961,descendez de quatre-vingt-dix et puis allez de vingt-quatre à gauche,-24,-90
22962,descendez de quarante-trois et puis allez de dix-neuf à gauche,-19,-43
22963,descendez de quatre-vingt-seize et puis allez de cent à gauche,-100,-96
22964,descendez de trente-neuf et puis allez de cinquante et un à gauche,-51,-39
22965,descendez de trente-six et puis allez de quarante-sept à gauche,-47,-36
22966,descendez de quatre-vingt-un et puis allez de trente et un à gauche,-31,-81
22967,descendez de soixante-quatorze et puis allez de soixante-dix à gauche,-70,-74
22968,descendez de soixante-sept et puis allez de trente-trois à gauche,-33,-67
22969,descendez de quatre-vingt-douze et puis allez de quatorze à gauche,-14,-92
22970,descendez de trois et puis allez de seize à gauche,-16,-3
22971,descendez de cinquante-huit et puis allez de trois à gauche,-3,-58
22972,descendez de trente et un et puis allez de quatre-vingt-dix-neuf à gauche,-99,-31
22973,descendez de quatre et puis allez de soixante-neuf à gauche,-69,-4
22974,descendez de soixante-douze et puis allez de cinquante-trois à gauche,-53,-72
22975,descendez de soixante-seize et puis allez de cinquante-quatre à gauche,-54,-76
22976,descendez de quatre-vingt-six et puis allez de trente-trois à gauche,-33,-86
22977,descendez de cent et puis allez de soixante à gauche,-60,-100
22978,descendez de quatre-vingt-dix-neuf et puis allez de trente-cinq à gauche,-35,-99
22979,descendez de dix-neuf et puis allez de vingt-deux à gauche,-22,-19
22980,descendez de soixante-dix-sept et puis allez de vingt et un à gauche,-21,-77
22981,descendez de quatre-vingt-onze et puis allez de cinq à gauche,-5,-91
22982,descendez de cent et puis allez de quarante à gauche,-40,-100
22983,descendez de dix-sept et puis allez de soixante-quinze à gauche,-75,-17
22984,descendez de cinquante-sept et puis allez de sept à gauche,-7,-57
22985,descendez de soixante-quatorze et puis allez de quinze à gauche,-15,-74
22986,descendez de quatre-vingt-quinze et puis allez de cinquante-sept à gauche,-57,-95
22987,descendez de neuf et puis allez de trente-sept à gauche,-37,-9
22988,descendez de quarante et un et puis allez de quarante-trois à gauche,-43,-41
22989,descendez de quatre et puis allez de quatre à gauche,-4,-4
22990,descendez de vingt-deux et puis allez de cinquante-huit à gauche,-58,-22
22991,descendez de soixante-quatorze et puis allez de trente et un à gauche,-31,-74
22992,descendez de soixante-trois et puis allez de quatre-vingt-neuf à gauche,-89,-63
22993,descendez de trois et puis allez de cinquante à gauche,-50,-3
22994,descendez de quarante-quatre et puis allez de seize à gauche,-16,-44
22995,descendez de trois et puis allez de quarante-trois à gauche,-43,-3
22996,descendez de soixante-neuf et puis allez de dix-neuf à gauche,-19,-69
22997,descendez de soixante-trois et puis allez de soixante-dix-sept à gauche,-77,-63
22998,descendez de quatre-vingt-dix-neuf et puis allez de quatorze à gauche,-14,-99
22999,descendez de soixante-trois et puis allez de neuf à gauche,-9,-63
23000,descendez de quatre-vingt-douze et puis allez de vingt-sept à droite,27,-92
23001,descendez de soixante-seize et puis allez de cinquante à droite,50,-76
23002,descendez de quatre-vingt-treize et puis allez de quatorze à droite,14,-93
23003,descendez de quatre-vingt-neuf et puis allez de un à droite,1,-89
23004,descendez de quarante-trois et puis allez de dix-neuf à droite,19,-43
23005,descendez de dix-huit et puis allez de trente-sept à droite,37,-18
23006,descendez de quatre-vingt-dix-huit et puis allez de quatre-vingt-dix-sept à droite,97,-98
23007,descendez de quarante-neuf et puis allez de quarante-six à droite,46,-49
23008,descendez de quatre-vingt-cinq et puis allez de quatre-vingt-sept à droite,87,-85
23009,descendez de soixante et puis allez de cinquante-neuf à droite,59,-60
23010,descendez de quinze et puis allez de cinq à droite,5,-15
23011,descendez de cent et puis allez de vingt et un à droite,21,-100
23012,descendez de trente-quatre et puis allez de quatre-vingt-sept à droite,87,-34
23013,descendez de quatre-vingt-seize et puis allez de soixante-dix-neuf à droite,79,-96
23014,descendez de quatre-vingt-six et puis allez de vingt-quatre à droite,24,-86
23015,descendez de soixante-quinze et puis allez de soixante à droite,60,-75
23016,descendez de quatre-vingt-dix-huit et puis allez de trente-quatre à droite,34,-98
23017,descendez de quatre-vingt-huit et puis allez de soixante-neuf à droite,69,-88
23018,descendez de trente-neuf et puis allez de quatre-vingts à droite,80,-39
23019,descendez de un et puis allez de trente-cinq à droite,35,-1
23020,descendez de quatre-vingt-onze et puis allez de soixante-dix à droite,70,-91
23021,descendez de quatre-vingt-dix-sept et puis allez de quarante à droite,40,-97
23022,descendez de trente-cinq et puis allez de quatre-vingt-cinq à droite,85,-35
23023,descendez de soixante-douze et puis allez de quarante et un à droite,41,-72
23024,descendez de cinquante-quatre et puis allez de quarante-neuf à droite,49,-54
23025,descendez de quarante-neuf et puis allez de quatre-vingt-neuf à droite,89,-49
23026,descendez de vingt-deux et puis allez de trente-quatre à droite,34,-22
23027,descendez de cinq et puis allez de six à droite,6,-5
23028,descendez de seize et puis allez de vingt à droite,20,-16
23029,descendez de soixante-douze et puis allez de dix-neuf à droite,19,-72
23030,descendez de quatre-vingt-deux et puis allez de quatre-vingt-quatre à droite,84,-82
23031,descendez de soixante-douze et puis allez de trente et un à droite,31,-72
23032,descendez de trente-cinq et puis allez de soixante-quinze à droite,75,-35
23033,descendez de deux et puis allez de vingt-trois à droite,23,-2
23034,descendez de quatre-vingt-huit et puis allez de trente-cinq à droite,35,-88
23035,descendez de quatre-vingt-dix-huit et puis allez de quatre-vingt-cinq à droite,85,-98
23036,descendez de quatre-vingt-trois et puis allez de quatre-vingt-deux à droite,82,-83
23037,descendez de quinze et puis allez de vingt-huit à droite,28,-15
23038,descendez de quatre-vingt-neuf et puis allez de soixante-neuf à droite,69,-89
23039,descendez de quarante-neuf et puis allez de quarante-sept à droite,47,-49
23040,descendez de cent et puis allez de soixante et onze à droite,71,-100
23041,descendez de dix-sept et puis allez de cinquante-quatre à droite,54,-17
23042,descendez de quatre-vingt-deux et puis allez de trente-deux à droite,32,-82
23043,descendez de soixante et un et puis allez de cinquante-deux à droite,52,-61
23044,descendez de soixante-quinze et puis allez de soixante-neuf à droite,69,-75
23045,descendez de cinquante-sept et puis allez de vingt-neuf à droite,29,-57
23046,descendez de quarante-cinq et puis allez de vingt-six à droite,26,-45
23047,descendez de soixante et un et puis allez de neuf à droite,9,-61
23048,descendez de quarante et un et puis allez de vingt et un à droite,21,-41
23049,descendez de soixante-seize et puis allez de soixante-huit à droite,68,-76
23050,descendez de quatre-vingt-quinze et puis allez de dix-huit à droite,18,-95
23051,descendez de sept et puis allez de soixante-quatorze à droite,74,-7
23052,descendez de quatre-vingt-douze et puis allez de quatre-vingt-quatre à droite,84,-92
23053,descendez de vingt-huit et puis allez de soixante-huit à droite,68,-28
23054,descendez de soixante-quinze et puis allez de quatre-vingt-huit à droite,88,-75
23055,descendez de trente-sept et puis allez de trente-cinq à droite,35,-37
23056,descendez de soixante-dix-sept et puis allez de vingt-huit à droite,28,-77
23057,descendez de trente-trois et puis allez de trente-sept à droite,37,-33
23058,descendez de soixante-cinq et puis allez de soixante-dix-huit à droite,78,-65
23059,descendez de neuf et puis allez de soixante et un à droite,61,-9
23060,descendez de quatre-vingt-quinze et puis allez de trente-deux à droite,32,-95
23061,descendez de quatre-vingt-dix-huit et puis allez de dix-sept à droite,17,-98
23062,descendez de soixante et onze et puis allez de vingt-sept à droite,27,-71
23063,descendez de cinquante-neuf et puis allez de quatre-vingt-quinze à droite,95,-59
23064,descendez de quatre-vingt-neuf et puis allez de soixante-quatorze à droite,74,-89
23065,descendez de trente-neuf et puis allez de vingt et un à droite,21,-39
23066,descendez de trente-deux et puis allez de quarante-huit à droite,48,-32
23067,descendez de dix-huit et puis allez de quarante-cinq à droite,45,-18
23068,descendez de vingt-six et puis allez de cinquante-quatre à droite,54,-26
23069,descendez de vingt-six et puis allez de deux à droite,2,-26
23070,descendez de vingt-neuf et puis allez de cinquante à droite,50,-29
23071,descendez de quatre-vingt-sept et puis allez de cinquante et un à droite,51,-87
23072,descendez de soixante-seize et puis allez de cinquante et un à droite,51,-76
23073,descendez de quarante-cinq et puis allez de soixante-quatre à droite,64,-45
23074,descendez de quatre-vingt-cinq et puis allez de quatre-vingt-dix-huit à droite,98,-85
23075,descendez de quarante-huit et puis allez de trente-quatre à droite,34,-48
23076,descendez de quarante-deux et puis allez de trente-cinq à droite,35,-42
23077,descendez de trente-deux et puis allez de dix-neuf à droite,19,-32
23078,descendez de vingt-sept et puis allez de quarante-neuf à droite,49,-27
23079,descendez de quarante et puis allez de trente-huit à droite,38,-40
23080,descendez de trente-six et puis allez de quatre-vingt-treize à droite,93,-36
23081,descendez de soixante-quatorze et puis allez de cinquante-huit à droite,58,-74
23082,descendez de quatre-vingt-quatre et puis allez de sept à droite,7,-84
23083,descendez de vingt-neuf et puis allez de dix-huit à droite,18,-29
23084,descendez de un et puis allez de cinquante à droite,50,-1
23085,descendez de quatre-vingt-six et puis allez de trente-trois à droite,33,-86
23086,descendez de quatre-vingts et puis allez de quatre-vingts à droite,80,-80
23087,descendez de soixante-neuf et puis allez de quatre-vingt-un à droite,81,-69
23088,descendez de soixante et onze et puis allez de quatre-vingt-dix-sept à droite,97,-71
23089,descendez de cent et puis allez de trente-quatre à droite,34,-100
23090,descendez de cinquante-deux et puis allez de un à droite,1,-52
23091,descendez de soixante-quatre et puis allez de quarante-huit à droite,48,-64
23092,descendez de vingt-trois et puis allez de cinq à droite,5,-23
23093,descendez de quatre-vingt-trois et puis allez de soixante-trois à droite,63,-83
23094,descendez de quatre-vingt-un et puis allez de soixante-cinq à droite,65,-81
23095,descendez de soixante-dix et puis allez de seize à droite,16,-70
23096,descendez de cinquante-quatre et puis allez de soixante et un à droite,61,-54
23097,descendez de quatre-vingt-onze et puis allez de quatre-vingt-dix à droite,90,-91
23098,descendez de trente-trois et puis allez de huit à droite,8,-33
23099,descendez de soixante et puis allez de quatre-vingt-quatorze à droite,94,-60
23100,descendez de soixante-dix et puis allez de treize à droite,13,-70
23101,descendez de soixante-sept et puis allez de cent à droite,100,-67
23102,descendez de quatre-vingt-dix et puis allez de vingt-six à droite,26,-90
23103,descendez de douze et puis allez de un à droite,1,-12
23104,descendez de trois et puis allez de soixante et un à droite,61,-3
23105,descendez de seize et puis allez de soixante-quatre à droite,64,-16
23106,descendez de quatre-vingt-quatre et puis allez de vingt-quatre à droite,24,-84
23107,descendez de quatre-vingt-quinze et puis allez de soixante-treize à droite,73,-95
23108,descendez de soixante-quatorze et puis allez de dix-huit à droite,18,-74
23109,descendez de quatre-vingt-six et puis allez de soixante et un à droite,61,-86
23110,descendez de quatre-vingt-deux et puis allez de quatre-vingt-neuf à droite,89,-82
23111,descendez de quatre-vingt-treize et puis allez de sept à droite,7,-93
23112,descendez de quatre-vingt-dix-huit et puis allez de quarante-six à droite,46,-98
23113,descendez de cinq et puis allez de dix à droite,10,-5
23114,descendez de cinquante-sept et puis allez de soixante et onze à droite,71,-57
23115,descendez de cent et puis allez de cinquante-sept à droite,57,-100
23116,descendez de quarante et un et puis allez de soixante-dix-sept à droite,77,-41
23117,descendez de vingt-six et puis allez de vingt-sept à droite,27,-26
23118,descendez de quatre-vingt-deux et puis allez de quatre-vingt-douze à droite,92,-82
23119,descendez de soixante-deux et puis allez de quatre-vingt-treize à droite,93,-62
23120,descendez de neuf et puis allez de seize à droite,16,-9
23121,descendez de cinq et puis allez de quatre-vingt-dix-neuf à droite,99,-5
23122,descendez de soixante-six et puis allez de quatre-vingt-cinq à droite,85,-66
23123,descendez de dix-sept et puis allez de cinquante-cinq à droite,55,-17
23124,descendez de quatre-vingt-quatorze et puis allez de seize à droite,16,-94
23125,descendez de huit et puis allez de vingt-six à droite,26,-8
23126,descendez de seize et puis allez de quatre-vingt-neuf à droite,89,-16
23127,descendez de quatre-vingt-dix-huit et puis allez de cinquante-neuf à droite,59,-98
23128,descendez de cinquante-deux et puis allez de trente-deux à droite,32,-52
23129,descendez de huit et puis allez de quatre-vingt-seize à droite,96,-8
23130,descendez de cinquante-quatre et puis allez de quatre-vingt-deux à droite,82,-54
23131,descendez de quatre-vingt-cinq et puis allez de dix-neuf à droite,19,-85
23132,descendez de quatre-vingt-quinze et puis allez de soixante-douze à droite,72,-95
23133,descendez de quatre-vingt-sept et puis allez de deux à droite,2,-87
23134,descendez de quatorze et puis allez de quarante-neuf à droite,49,-14
23135,descendez de quarante-neuf et puis allez de cinquante-six à droite,56,-49
23136,descendez de cinquante-deux et puis allez de six à droite,6,-52
23137,descendez de vingt-cinq et puis allez de soixante-treize à droite,73,-25
23138,descendez de dix et puis allez de quatre-vingt-un à droite,81,-10
23139,descendez de deux et puis allez de un à droite,1,-2
23140,descendez de sept et puis allez de trente-neuf à droite,39,-7
23141,descendez de vingt-huit et puis allez de vingt-deux à droite,22,-28
23142,descendez de six et puis allez de quarante-six à droite,46,-6
23143,descendez de vingt-neuf et puis allez de quarante-cinq à droite,45,-29
23144,descendez de quatre-vingt-douze et puis allez de dix-sept à droite,17,-92
23145,descendez de trente-deux et puis allez de soixante et un à droite,61,-32
23146,descendez de trois et puis allez de quatre-vingt-quatre à droite,84,-3
23147,descendez de dix et puis allez de soixante à droite,60,-10
23148,descendez de quatre-vingt-dix-sept et puis allez de quatre-vingt-dix à droite,90,-97
23149,descendez de quatre-vingt-sept et puis allez de quatre-vingt-deux à droite,82,-87
23150,descendez de vingt-neuf et puis allez de quatre-vingt-dix à droite,90,-29
23151,descendez de quatre-vingt-onze et puis allez de quatre-vingt-treize à droite,93,-91
23152,descendez de quarante-sept et puis allez de soixante-quinze à droite,75,-47
23153,descendez de quinze et puis allez de cent à droite,100,-15
23154,descendez de quatre-vingt-dix-sept et puis allez de quatre-vingt-trois à droite,83,-97
23155,descendez de quarante et puis allez de soixante-douze à droite,72,-40
23156,descendez de soixante-deux et puis allez de seize à droite,16,-62
23157,descendez de soixante-sept et puis allez de cinquante-cinq à droite,55,-67
23158,descendez de quinze et puis allez de quatre-vingt-quatorze à droite,94,-15
23159,descendez de neuf et puis allez de cinquante et un à droite,51,-9
23160,descendez de vingt-cinq et puis allez de vingt-huit à droite,28,-25
23161,descendez de dix-neuf et puis allez de cinquante-six à droite,56,-19
23162,descendez de vingt et un et puis allez de vingt-sept à droite,27,-21
23163,descendez de trente-neuf et puis allez de soixante-quinze à droite,75,-39
23164,descendez de cinquante-neuf et puis allez de trente-deux à droite,32,-59
23165,descendez de quarante-deux et puis allez de trente-sept à droite,37,-42
23166,descendez de soixante-sept et puis allez de deux à droite,2,-67
23167,descendez de quatre-vingt-quinze et puis allez de trente-six à droite,36,-95
23168,descendez de soixante-quatre et puis allez de quatre-vingt-six à droite,86,-64
23169,descendez de soixante-dix-neuf et puis allez de trente-deux à droite,32,-79
23170,descendez de cinquante-quatre et puis allez de quarante et un à droite,41,-54
23171,descendez de trente-huit et puis allez de quatre-vingt-neuf à droite,89,-38
23172,descendez de vingt-sept et puis allez de quatre-vingt-neuf à droite,89,-27
23173,descendez de quatre-vingt-cinq et puis allez de trente à droite,30,-85
23174,descendez de cinquante-quatre et puis allez de soixante-dix-huit à droite,78,-54
23175,descendez de soixante-neuf et puis allez de quarante-cinq à droite,45,-69
23176,descendez de un et puis allez de soixante à droite,60,-1
23177,descendez de vingt-six et puis allez de cinquante à droite,50,-26
23178,descendez de quatre-vingts et puis allez de vingt à droite,20,-80
23179,descendez de dix et puis allez de soixante-sept à droite,67,-10
23180,descendez de vingt et puis allez de soixante-huit à droite,68,-20
23181,descendez de quarante-deux et puis allez de trois à droite,3,-42
23182,descendez de quarante-sept et puis allez de quarante-cinq à droite,45,-47
23183,descendez de quatre-vingt-onze et puis allez de dix-neuf à droite,19,-91
23184,descendez de huit et puis allez de soixante-douze à droite,72,-8
23185,descendez de quatre-vingts et puis allez de quatre-vingt-un à droite,81,-80
23186,descendez de quatre-vingts et puis allez de quatre-vingt-douze à droite,92,-80
23187,descendez de quatre-vingt-douze et puis allez de onze à droite,11,-92
23188,descendez de quarante-six et puis allez de cinquante et un à droite,51,-46
23189,descendez de quarante et puis allez de trente-deux à droite,32,-40
23190,descendez de soixante-quatorze et puis allez de cinquante-deux à droite,52,-74
23191,descendez de trente-sept et puis allez de trente-trois à droite,33,-37
23192,descendez de quatre-vingt-quatre et puis allez de quatre-vingt-treize à droite,93,-84
23193,descendez de quatre-vingt-cinq et puis allez de trente-deux à droite,32,-85
23194,descendez de quatre-vingt-dix et puis allez de soixante-quinze à droite,75,-90
23195,descendez de soixante-treize et puis allez de cinquante et un à droite,51,-73
23196,descendez de quatre-vingt-sept et puis allez de quatre-vingt-seize à droite,96,-87
23197,descendez de quatre-vingt-quinze et puis allez de quarante-sept à droite,47,-95
23198,descendez de trente-deux et puis allez de trente-six à droite,36,-32
23199,descendez de un et puis allez de sept à droite,7,-1
23200,descendez de huit et puis allez de quatre-vingt-seize à droite,96,-8
23201,descendez de trente-quatre et puis allez de trente-deux à droite,32,-34
23202,descendez de soixante-seize et puis allez de quarante-deux à droite,42,-76
23203,descendez de vingt-huit et puis allez de deux à droite,2,-28
23204,descendez de quatre-vingt-neuf et puis allez de quatre-vingt-dix-sept à droite,97,-89
23205,descendez de quatre-vingt-quatorze et puis allez de soixante-sept à droite,67,-94
23206,descendez de cent et puis allez de soixante-dix à droite,70,-100
23207,descendez de dix-sept et puis allez de quatre-vingt-huit à droite,88,-17
23208,descendez de cinquante et puis allez de quatorze à droite,14,-50
23209,descendez de quarante-huit et puis allez de soixante-dix à droite,70,-48
23210,descendez de soixante-huit et puis allez de vingt-quatre à droite,24,-68
23211,descendez de cinquante-quatre et puis allez de vingt-trois à droite,23,-54
23212,descendez de quatre-vingt-dix et puis allez de cinquante et un à droite,51,-90
23213,descendez de vingt-trois et puis allez de dix-neuf à droite,19,-23
23214,descendez de neuf et puis allez de vingt-sept à droite,27,-9
23215,descendez de soixante-douze et puis allez de quatre-vingt-six à droite,86,-72
23216,descendez de quatre-vingt-dix-neuf et puis allez de quatre-vingt-sept à droite,87,-99
23217,descendez de vingt-trois et puis allez de soixante-neuf à droite,69,-23
23218,descendez de seize et puis allez de soixante-dix-neuf à droite,79,-16
23219,descendez de dix et puis allez de soixante-huit à droite,68,-10
23220,descendez de soixante-sept et puis allez de quatre-vingt-cinq à droite,85,-67
23221,descendez de cinquante-cinq et puis allez de dix-sept à droite,17,-55
23222,descendez de cinquante-deux et puis allez de vingt-sept à droite,27,-52
23223,descendez de cinquante et un et puis allez de soixante-seize à droite,76,-51
23224,descendez de deux et puis allez de cinquante-trois à droite,53,-2
23225,descendez de vingt-trois et puis allez de cinquante-quatre à droite,54,-23
23226,descendez de cinquante et puis allez de cinquante-quatre à droite,54,-50
23227,descendez de quatre-vingt-dix et puis allez de soixante-cinq à droite,65,-90
23228,descendez de vingt et puis allez de quarante-huit à droite,48,-20
23229,descendez de quarante-sept et puis allez de quatre-vingt-douze à droite,92,-47
23230,descendez de trente-quatre et puis allez de soixante-quatre à droite,64,-34
23231,descendez de neuf et puis allez de soixante et onze à droite,71,-9
23232,descendez de trente-huit et puis allez de quatre-vingt-douze à droite,92,-38
23233,descendez de soixante-dix-huit et puis allez de soixante-trois à droite,63,-78
23234,descendez de cinquante-sept et puis allez de quarante-six à droite,46,-57
23235,descendez de quatre-vingt-huit et puis allez de dix-neuf à droite,19,-88
23236,descendez de trente-neuf et puis allez de quarante-quatre à droite,44,-39
23237,descendez de soixante-quatorze et puis allez de soixante-dix-neuf à droite,79,-74
23238,descendez de cinquante-trois et puis allez de sept à droite,7,-53
23239,descendez de soixante-cinq et puis allez de dix-sept à droite,17,-65
23240,descendez de cinquante et un et puis allez de quatre-vingt-cinq à droite,85,-51
23241,descendez de vingt-six et puis allez de soixante et onze à droite,71,-26
23242,descendez de quinze et puis allez de soixante et onze à droite,71,-15
23243,descendez de six et puis allez de quatre-vingt-dix-huit à droite,98,-6
23244,descendez de quarante-huit et puis allez de dix-neuf à droite,19,-48
23245,descendez de deux et puis allez de cinquante-neuf à droite,59,-2
23246,descendez de quarante-trois et puis allez de quatre-vingt-dix à droite,90,-43
23247,descendez de cinquante-huit et puis allez de quatre-vingt-trois à droite,83,-58
23248,descendez de soixante-dix-neuf et puis allez de soixante et onze à droite,71,-79
23249,descendez de vingt-six et puis allez de neuf à droite,9,-26
23250,descendez de quatre-vingt-onze et puis allez de quarante-sept à droite,47,-91
23251,descendez de seize et puis allez de quatre-vingt-quatre à droite,84,-16
23252,descendez de soixante et un et puis allez de trente-trois à droite,33,-61
23253,descendez de quatre-vingt-dix-neuf et puis allez de quarante-six à droite,46,-99
23254,descendez de seize et puis allez de quatre-vingt-deux à droite,82,-16
23255,descendez de sept et puis allez de quatre-vingt-trois à droite,83,-7
23256,descendez de soixante-dix et puis allez de quatre-vingt-deux à droite,82,-70
23257,descendez de quarante-six et puis allez de quatre-vingt-dix à droite,90,-46
23258,descendez de dix-huit et puis allez de quatre-vingt-trois à droite,83,-18
23259,descendez de soixante-cinq et puis allez de vingt et un à droite,21,-65
23260,descendez de quatre-vingt-cinq et puis allez de treize à droite,13,-85
23261,descendez de quatre-vingt-quatorze et puis allez de quatorze à droite,14,-94
23262,descendez de vingt-sept et puis allez de cinquante-cinq à droite,55,-27
23263,descendez de cent et puis allez de dix-neuf à droite,19,-100
23264,descendez de trois et puis allez de un à droite,1,-3
23265,descendez de trente-neuf et puis allez de huit à droite,8,-39
23266,descendez de trente-six et puis allez de quatorze à droite,14,-36
23267,descendez de soixante-quinze et puis allez de soixante-quinze à droite,75,-75
23268,descendez de cinquante-trois et puis allez de cinquante-six à droite,56,-53
23269,descendez de quatre-vingts et puis allez de trente-sept à droite,37,-80
23270,descendez de quarante-huit et puis allez de vingt-deux à droite,22,-48
23271,descendez de soixante-seize et puis allez de quarante-huit à droite,48,-76
23272,descendez de soixante-dix-neuf et puis allez de cinquante-six à droite,56,-79
23273,descendez de cinquante-huit et puis allez de quatre-vingt-cinq à droite,85,-58
23274,descendez de quatre-vingt-neuf et puis allez de quatre-vingt-cinq à droite,85,-89
23275,descendez de soixante-treize et puis allez de soixante-douze à droite,72,-73
23276,descendez de vingt-huit et puis allez de quatre-vingt-quatre à droite,84,-28
23277,descendez de vingt-sept et puis allez de vingt à droite,20,-27
23278,descendez de sept et puis allez de vingt à droite,20,-7
23279,descendez de vingt-deux et puis allez de quarante-quatre à droite,44,-22
23280,descendez de soixante-neuf et puis allez de quatre-vingt-cinq à droite,85,-69
23281,descendez de vingt-huit et puis allez de vingt-deux à droite,22,-28
23282,descendez de vingt-huit et puis allez de quatre-vingt-quatorze à droite,94,-28
23283,descendez de soixante-dix-huit et puis allez de soixante-deux à droite,62,-78
23284,descendez de vingt-huit et puis allez de soixante-dix-huit à droite,78,-28
23285,descendez de quatre-vingt-quatre et puis allez de quatre-vingt-quatorze à droite,94,-84
23286,descendez de trois et puis allez de soixante-six à droite,66,-3
23287,descendez de quarante-huit et puis allez de trente-neuf à droite,39,-48
23288,descendez de quatre-vingt-dix-huit et puis allez de dix-huit à droite,18,-98
23289,descendez de quatre et puis allez de cinquante-huit à droite,58,-4
23290,descendez de quatre-vingt-dix-sept et puis allez de trente à droite,30,-97
23291,descendez de vingt-huit et puis allez de soixante-dix à droite,70,-28
23292,descendez de deux et puis allez de quatre-vingt-quinze à droite,95,-2
23293,descendez de quatre-vingt-un et puis allez de cinquante-huit à droite,58,-81
23294,descendez de soixante-sept et puis allez de cinquante-neuf à droite,59,-67
23295,descendez de soixante-trois et puis allez de quatre-vingt-dix à droite,90,-63
23296,descendez de quinze et puis allez de quatre-vingt-neuf à droite,89,-15
23297,descendez de soixante-dix-neuf et puis allez de un à droite,1,-79
23298,descendez de cinquante-deux et puis allez de vingt-trois à droite,23,-52
23299,descendez de quatre-vingt-dix et puis allez de vingt-huit à droite,28,-90
23300,descendez de quatre-vingt-dix et puis allez de soixante-deux à droite,62,-90
23301,descendez de cinquante-trois et puis allez de quatre-vingt-douze à droite,92,-53
23302,descendez de trente-trois et puis allez de cinquante et un à droite,51,-33
23303,descendez de cinquante-six et puis allez de quatre-vingt-un à droite,81,-56
23304,descendez de dix-huit et puis allez de soixante et un à droite,61,-18
23305,descendez de dix-neuf et puis allez de vingt-deux à droite,22,-19
23306,descendez de quarante-trois et puis allez de quarante-trois à droite,43,-43
23307,descendez de cinq et puis allez de trente-neuf à droite,39,-5
23308,descendez de un et puis allez de soixante-dix à droite,70,-1
23309,descendez de soixante-sept et puis allez de vingt-six à droite,26,-67
23310,descendez de trente et puis allez de quatre-vingt-trois à droite,83,-30
23311,descendez de trente-trois et puis allez de soixante-six à droite,66,-33
23312,descendez de soixante-six et puis allez de quatre-vingt-quatorze à droite,94,-66
23313,descendez de quatre-vingt-six et puis allez de quatre-vingt-douze à droite,92,-86
23314,descendez de cinq et puis allez de soixante-trois à droite,63,-5
23315,descendez de soixante-dix-neuf et puis allez de soixante-quatre à droite,64,-79
23316,descendez de vingt-huit et puis allez de quatre-vingt-seize à droite,96,-28
23317,descendez de quatre-vingt-sept et puis allez de quatre-vingt-trois à droite,83,-87
23318,descendez de deux et puis allez de onze à droite,11,-2
23319,descendez de quatre-vingt-douze et puis allez de cinquante à droite,50,-92
23320,descendez de quatre-vingt-onze et puis allez de vingt-deux à droite,22,-91
23321,descendez de quatre-vingt-sept et puis allez de dix-neuf à droite,19,-87
23322,descendez de douze et puis allez de quarante à droite,40,-12
23323,descendez de soixante-sept et puis allez de vingt-neuf à droite,29,-67
23324,descendez de vingt et puis allez de quatre-vingt-treize à droite,93,-20
23325,descendez de dix-sept et puis allez de treize à droite,13,-17
23326,descendez de soixante et un et puis allez de trente-cinq à droite,35,-61
23327,descendez de quatre-vingt-quinze et puis allez de quinze à droite,15,-95
23328,descendez de sept et puis allez de soixante-seize à droite,76,-7
23329,descendez de soixante-douze et puis allez de quatre-vingt-seize à droite,96,-72
23330,descendez de vingt-cinq et puis allez de soixante-quatre à droite,64,-25
23331,descendez de quatre-vingts et puis allez de soixante-neuf à droite,69,-80
23332,descendez de vingt-sept et puis allez de treize à droite,13,-27
23333,descendez de soixante-deux et puis allez de quatre-vingt-dix-neuf à droite,99,-62
23334,descendez de trente-huit et puis allez de vingt-sept à droite,27,-38
23335,descendez de vingt-six et puis allez de deux à droite,2,-26
23336,descendez de quatre-vingt-dix et puis allez de vingt-neuf à droite,29,-90
23337,descendez de quatre-vingt-douze et puis allez de quarante-neuf à droite,49,-92
23338,descendez de quatre-vingt-dix-neuf et puis allez de quinze à droite,15,-99
23339,descendez de soixante-dix-sept et puis allez de soixante-six à droite,66,-77
23340,descendez de neuf et puis allez de quarante-six à droite,46,-9
23341,descendez de trente-neuf et puis allez de cinquante-cinq à droite,55,-39
23342,descendez de quatre-vingt-un et puis allez de dix-sept à droite,17,-81
23343,descendez de quatre-vingt-deux et puis allez de vingt à droite,20,-82
23344,descendez de quarante-trois et puis allez de quatorze à droite,14,-43
23345,descendez de quarante-six et puis allez de quatre-vingt-six à droite,86,-46
23346,descendez de dix et puis allez de cinquante-six à droite,56,-10
23347,descendez de cinquante-six et puis allez de vingt-cinq à droite,25,-56
23348,descendez de soixante-trois et puis allez de soixante-dix à droite,70,-63
23349,descendez de soixante-treize et puis allez de deux à droite,2,-73
23350,descendez de quatre et puis allez de trente-sept à droite,37,-4
23351,descendez de cinq et puis allez de douze à droite,12,-5
23352,descendez de soixante et un et puis allez de soixante-dix-sept à droite,77,-61
23353,descendez de quatre-vingt-seize et puis allez de cinquante-trois à droite,53,-96
23354,descendez de cinquante et puis allez de quarante-quatre à droite,44,-50
23355,descendez de quatre-vingt-douze et puis allez de quatre-vingt-huit à droite,88,-92
23356,descendez de quatre-vingt-dix-sept et puis allez de neuf à droite,9,-97
23357,descendez de soixante-quatre et puis allez de soixante-dix-neuf à droite,79,-64
23358,descendez de trente-trois et puis allez de soixante-six à droite,66,-33
23359,descendez de quarante et puis allez de vingt-six à droite,26,-40
23360,descendez de trente-quatre et puis allez de soixante-sept à droite,67,-34
23361,descendez de vingt-sept et puis allez de trente-huit à droite,38,-27
23362,descendez de soixante-quatorze et puis allez de soixante-deux à droite,62,-74
23363,descendez de trente-sept et puis allez de quatre-vingt-neuf à droite,89,-37
23364,descendez de cinquante-quatre et puis allez de cinquante et un à droite,51,-54
23365,descendez de dix-sept et puis allez de quatre-vingt-trois à droite,83,-17
23366,descendez de soixante et puis allez de quarante-cinq à droite,45,-60
23367,descendez de soixante-neuf et puis allez de cinquante et un à droite,51,-69
23368,descendez de quatre-vingt-seize et puis allez de neuf à droite,9,-96
23369,descendez de cinquante-trois et puis allez de quinze à droite,15,-53
23370,descendez de soixante-seize et puis allez de soixante-sept à droite,67,-76
23371,descendez de dix-sept et puis allez de cinquante-quatre à droite,54,-17
23372,descendez de soixante-deux et puis allez de vingt à droite,20,-62
23373,descendez de cinquante-cinq et puis allez de soixante-dix-neuf à droite,79,-55
23374,descendez de cinquante et un et puis allez de douze à droite,12,-51
23375,descendez de soixante-huit et puis allez de quarante et un à droite,41,-68
23376,descendez de soixante-quatorze et puis allez de soixante-huit à droite,68,-74
23377,descendez de quatre-vingt-cinq et puis allez de soixante-trois à droite,63,-85
23378,descendez de dix et puis allez de cinquante-six à droite,56,-10
23379,descendez de vingt-huit et puis allez de vingt à droite,20,-28
23380,descendez de soixante-dix-huit et puis allez de quatre à droite,4,-78
23381,descendez de cinquante et puis allez de trente-six à droite,36,-50
23382,descendez de six et puis allez de quarante-cinq à droite,45,-6
23383,descendez de cinquante-deux et puis allez de un à droite,1,-52
23384,descendez de quatre-vingt-quinze et puis allez de soixante-sept à droite,67,-95
23385,descendez de cinquante et un et puis allez de soixante-treize à droite,73,-51
23386,descendez de quarante et puis allez de soixante et un à droite,61,-40
23387,descendez de quatre-vingt-quinze et puis allez de cinquante-deux à droite,52,-95
23388,descendez de cinquante et un et puis allez de quatorze à droite,14,-51
23389,descendez de sept et puis allez de quarante-six à droite,46,-7
23390,descendez de soixante-seize et puis allez de trente-deux à droite,32,-76
23391,descendez de deux et puis allez de quatre-vingt-quatre à droite,84,-2
23392,descendez de quatre-vingt-seize et puis allez de cent à droite,100,-96
23393,descendez de cinq et puis allez de quatre à droite,4,-5
23394,descendez de dix et puis allez de quarante-six à droite,46,-10
23395,descendez de quatre-vingts et puis allez de quatre-vingt-onze à droite,91,-80
23396,descendez de sept et puis allez de vingt-huit à droite,28,-7
23397,descendez de quatre-vingt-trois et puis allez de trente-huit à droite,38,-83
23398,descendez de vingt-neuf et puis allez de huit à droite,8,-29
23399,descendez de vingt-neuf et puis allez de soixante-quatre à droite,64,-29
23400,descendez de soixante-neuf et puis allez de quatre-vingt-huit à droite,88,-69
23401,descendez de cinquante-neuf et puis allez de treize à droite,13,-59
23402,descendez de un et puis allez de quatre-vingt-quatre à droite,84,-1
23403,descendez de trente-six et puis allez de vingt-sept à droite,27,-36
23404,descendez de cinquante et un et puis allez de quatre-vingt-quinze à droite,95,-51
23405,descendez de cinquante-six et puis allez de cinquante-deux à droite,52,-56
23406,descendez de trente et un et puis allez de dix-huit à droite,18,-31
23407,descendez de cinquante et puis allez de quarante-cinq à droite,45,-50
23408,descendez de quarante-deux et puis allez de soixante et un à droite,61,-42
23409,descendez de quarante et puis allez de trente-sept à droite,37,-40
23410,descendez de cinq et puis allez de quatre-vingt-douze à droite,92,-5
23411,descendez de vingt-trois et puis allez de cinquante-huit à droite,58,-23
23412,descendez de soixante-treize et puis allez de cent à droite,100,-73
23413,descendez de trente et puis allez de soixante-sept à droite,67,-30
23414,descendez de quarante-huit et puis allez de quatre-vingt-trois à droite,83,-48
23415,descendez de cinq et puis allez de cinquante à droite,50,-5
23416,descendez de quatre-vingt-seize et puis allez de neuf à droite,9,-96
23417,descendez de trente et un et puis allez de vingt-six à droite,26,-31
23418,descendez de cinquante-huit et puis allez de quarante-deux à droite,42,-58
23419,descendez de quatre-vingt-six et puis allez de trois à droite,3,-86
23420,descendez de soixante et onze et puis allez de trente-quatre à droite,34,-71
23421,descendez de quatre-vingt-dix-huit et puis allez de quatre-vingt-dix-neuf à droite,99,-98
23422,descendez de soixante-six et puis allez de cinquante-neuf à droite,59,-66
23423,descendez de onze et puis allez de quatre-vingt-quatorze à droite,94,-11
23424,descendez de quarante-trois et puis allez de trente-quatre à droite,34,-43
23425,descendez de quatre-vingt-neuf et puis allez de soixante-quinze à droite,75,-89
23426,descendez de soixante-cinq et puis allez de quarante-six à droite,46,-65
23427,descendez de quatre-vingt-quatorze et puis allez de vingt-sept à droite,27,-94
23428,descendez de quatre-vingt-quatorze et puis allez de six à droite,6,-94
23429,descendez de quatre et puis allez de dix-sept à droite,17,-4
23430,descendez de quarante-cinq et puis allez de trente-deux à droite,32,-45
23431,descendez de vingt-six et puis allez de quarante et un à droite,41,-26
23432,descendez de vingt et un et puis allez de dix-sept à droite,17,-21
23433,descendez de soixante-dix-neuf et puis allez de dix-neuf à droite,19,-79
23434,descendez de quarante-deux et puis allez de soixante-dix-sept à droite,77,-42
23435,descendez de soixante-dix et puis allez de six à droite,6,-70
23436,descendez de cinquante-huit et puis allez de quinze à droite,15,-58
23437,descendez de quarante-neuf et puis allez de quatre-vingt-dix-huit à droite,98,-49
23438,descendez de quatre-vingts et puis allez de quatre-vingt-un à droite,81,-80
23439,descendez de dix-sept et puis allez de soixante-quinze à droite,75,-17
23440,descendez de cinquante-neuf et puis allez de trente et un à droite,31,-59
23441,descendez de vingt-six et puis allez de soixante-dix-sept à droite,77,-26
23442,descendez de vingt-deux et puis allez de soixante-trois à droite,63,-22
23443,descendez de soixante-huit et puis allez de soixante-dix-huit à droite,78,-68
23444,descendez de neuf et puis allez de soixante-dix-neuf à droite,79,-9
23445,descendez de dix-neuf et puis allez de quatre-vingt-huit à droite,88,-19
23446,descendez de quatre-vingt-dix-neuf et puis allez de deux à droite,2,-99
23447,descendez de vingt-six et puis allez de cent à droite,100,-26
23448,descendez de cinquante-cinq et puis allez de quarante-sept à droite,47,-55
23449,descendez de quatre-vingt-dix-huit et puis allez de vingt-huit à droite,28,-98
23450,descendez de quarante-cinq et puis allez de trente-trois à droite,33,-45
23451,descendez de six et puis allez de quarante-deux à droite,42,-6
23452,descendez de vingt-six et puis allez de douze à droite,12,-26
23453,descendez de quarante-six et puis allez de cinquante-sept à droite,57,-46
23454,descendez de quatre-vingt-douze et puis allez de soixante-neuf à droite,69,-92
23455,descendez de soixante-sept et puis allez de quarante-quatre à droite,44,-67
23456,descendez de quarante-cinq et puis allez de quarante à droite,40,-45
23457,descendez de huit et puis allez de quatre-vingt-seize à droite,96,-8
23458,descendez de trente-sept et puis allez de sept à droite,7,-37
23459,descendez de vingt-deux et puis allez de quatre-vingt-huit à droite,88,-22
23460,descendez de soixante-neuf et puis allez de soixante-dix-sept à droite,77,-69
23461,descendez de quatre-vingt-quatorze et puis allez de quarante-cinq à droite,45,-94
23462,descendez de quatre-vingt-dix-huit et puis allez de quatre-vingt-douze à droite,92,-98
23463,descendez de trente-quatre et puis allez de soixante-neuf à droite,69,-34
23464,descendez de quarante-neuf et puis allez de quarante-sept à droite,47,-49
23465,descendez de trente-huit et puis allez de quatre-vingt-six à droite,86,-38
23466,descendez de quatre-vingt-trois et puis allez de cinquante-trois à droite,53,-83
23467,descendez de quatorze et puis allez de quatre-vingt-onze à droite,91,-14
23468,descendez de quarante et puis allez de vingt-trois à droite,23,-40
23469,descendez de soixante-seize et puis allez de soixante-douze à droite,72,-76
23470,descendez de huit et puis allez de quarante-cinq à droite,45,-8
23471,descendez de soixante-neuf et puis allez de vingt-six à droite,26,-69
23472,descendez de soixante-quatre et puis allez de vingt et un à droite,21,-64
23473,descendez de vingt-huit et puis allez de vingt-six à droite,26,-28
23474,descendez de quatre-vingt-seize et puis allez de soixante-quatre à droite,64,-96
23475,descendez de soixante-quinze et puis allez de dix-neuf à droite,19,-75
23476,descendez de cinquante-neuf et puis allez de quarante-sept à droite,47,-59
23477,descendez de neuf et puis allez de cinquante-trois à droite,53,-9
23478,descendez de soixante-huit et puis allez de soixante-huit à droite,68,-68
23479,descendez de onze et puis allez de soixante à droite,60,-11
23480,descendez de quatre-vingt-sept et puis allez de quatre-vingt-quatorze à droite,94,-87
23481,descendez de quatre-vingts et puis allez de vingt à droite,20,-80
23482,descendez de vingt-neuf et puis allez de dix-neuf à droite,19,-29
23483,descendez de trente-sept et puis allez de trente à droite,30,-37
23484,descendez de un et puis allez de quarante à droite,40,-1
23485,descendez de un et puis allez de trente-cinq à droite,35,-1
23486,descendez de quarante-sept et puis allez de quarante-huit à droite,48,-47
23487,descendez de trente-cinq et puis allez de soixante-quatre à droite,64,-35
23488,descendez de soixante-huit et puis allez de cinquante et un à droite,51,-68
23489,descendez de cinquante-trois et puis allez de soixante-quatre à droite,64,-53
23490,descendez de quatre-vingt-treize et puis allez de soixante et un à droite,61,-93
23491,descendez de trente et puis allez de vingt-huit à droite,28,-30
23492,descendez de quatre-vingt-dix-sept et puis allez de dix-neuf à droite,19,-97
23493,descendez de neuf et puis allez de cinq à droite,5,-9
23494,descendez de deux et puis allez de quatre-vingt-treize à droite,93,-2
23495,descendez de trente-six et puis allez de huit à droite,8,-36
23496,descendez de soixante-cinq et puis allez de dix-neuf à droite,19,-65
23497,descendez de cinquante-huit et puis allez de soixante-dix à droite,70,-58
23498,descendez de soixante-deux et puis allez de soixante-quinze à droite,75,-62
23499,descendez de vingt et puis allez de soixante-treize à droite,73,-20
23500,descendez de vingt-cinq et puis allez de trente-cinq à droite,35,-25
23501,descendez de quatre-vingts et puis allez de sept à droite,7,-80
23502,descendez de quarante-sept et puis allez de neuf à droite,9,-47
23503,descendez de quatre-vingt-dix et puis allez de soixante-dix à droite,70,-90
23504,descendez de soixante-douze et puis allez de soixante-dix-sept à droite,77,-72
23505,descendez de cinquante-trois et puis allez de soixante-six à droite,66,-53
23506,descendez de trente et un et puis allez de onze à droite,11,-31
23507,descendez de vingt-trois et puis allez de soixante-quatre à droite,64,-23
23508,descendez de soixante-quatre et puis allez de vingt et un à droite,21,-64
23509,descendez de quatre-vingt-dix-neuf et puis allez de soixante-quatorze à droite,74,-99
23510,descendez de quarante et un et puis allez de cinquante-huit à droite,58,-41
23511,descendez de soixante-dix-huit et puis allez de quatre-vingt-un à droite,81,-78
23512,descendez de dix-neuf et puis allez de cinquante-huit à droite,58,-19
23513,descendez de trente-deux et puis allez de cinquante-six à droite,56,-32
23514,descendez de six et puis allez de vingt-deux à droite,22,-6
23515,descendez de vingt-sept et puis allez de cent à droite,100,-27
23516,descendez de quinze et puis allez de dix-neuf à droite,19,-15
23517,descendez de quinze et puis allez de seize à droite,16,-15
23518,descendez de dix-sept et puis allez de cinquante-cinq à droite,55,-17
23519,descendez de soixante-deux et puis allez de vingt-six à droite,26,-62
23520,descendez de soixante-six et puis allez de cinquante-six à droite,56,-66
23521,descendez de quatre-vingt-dix-sept et puis allez de soixante-deux à droite,62,-97
23522,descendez de douze et puis allez de quatre à droite,4,-12
23523,descendez de quarante-trois et puis allez de dix-huit à droite,18,-43
23524,descendez de soixante et un et puis allez de cinquante-quatre à droite,54,-61
23525,descendez de treize et puis allez de quatre-vingt-seize à droite,96,-13
23526,descendez de cinquante et un et puis allez de quatre-vingt-huit à droite,88,-51
23527,descendez de vingt-deux et puis allez de quatre-vingt-quatorze à droite,94,-22
23528,descendez de soixante-huit et puis allez de quatre-vingt-dix à droite,90,-68
23529,descendez de quatre-vingt-dix-neuf et puis allez de douze à droite,12,-99
23530,descendez de cinquante-neuf et puis allez de quatre-vingt-un à droite,81,-59
23531,descendez de quinze et puis allez de quarante-deux à droite,42,-15
23532,descendez de quatre-vingt-quatre et puis allez de dix-sept à droite,17,-84
23533,descendez de trente-sept et puis allez de quatre-vingt-quatre à droite,84,-37
23534,descendez de quatre-vingt-treize et puis allez de vingt-deux à droite,22,-93
23535,descendez de vingt-neuf et puis allez de quarante-neuf à droite,49,-29
23536,descendez de soixante-seize et puis allez de quatre-vingt-dix-sept à droite,97,-76
23537,descendez de soixante-dix et puis allez de dix à droite,10,-70
23538,descendez de vingt-six et puis allez de vingt et un à droite,21,-26
23539,descendez de soixante-treize et puis allez de quarante-trois à droite,43,-73
23540,descendez de quatre-vingt-seize et puis allez de soixante-cinq à droite,65,-96
23541,descendez de cinquante-huit et puis allez de soixante-dix-neuf à droite,79,-58
23542,descendez de quatre-vingt-dix-sept et puis allez de quarante-sept à droite,47,-97
23543,descendez de soixante-deux et puis allez de quarante-deux à droite,42,-62
23544,descendez de soixante et un et puis allez de dix-huit à droite,18,-61
23545,descendez de quatre-vingt-treize et puis allez de cinquante-deux à droite,52,-93
23546,descendez de quatre-vingt-dix-huit et puis allez de soixante-cinq à droite,65,-98
23547,descendez de quatre-vingt-quatorze et puis allez de quarante-quatre à droite,44,-94
23548,descendez de trente-sept et puis allez de quatre-vingt-dix-neuf à droite,99,-37
23549,descendez de quatre-vingt-quatre et puis allez de quatre-vingt-six à droite,86,-84
23550,descendez de quatre-vingt-sept et puis allez de cinquante et un à droite,51,-87
23551,descendez de trois et puis allez de quatre à droite,4,-3
23552,descendez de vingt-quatre et puis allez de cinquante-deux à droite,52,-24
23553,descendez de soixante-seize et puis allez de quatre-vingt-douze à droite,92,-76
23554,descendez de dix-neuf et puis allez de soixante-huit à droite,68,-19
23555,descendez de cinquante-six et puis allez de quatre-vingt-six à droite,86,-56
23556,descendez de cinquante-huit et puis allez de quatre-vingt-huit à droite,88,-58
23557,descendez de soixante-dix-sept et puis allez de cinq à droite,5,-77
23558,descendez de huit et puis allez de soixante-sept à droite,67,-8
23559,descendez de quarante-neuf et puis allez de soixante et onze à droite,71,-49
23560,descendez de quatre-vingt-dix-huit et puis allez de neuf à droite,9,-98
23561,descendez de quatre-vingt-onze et puis allez de trente-deux à droite,32,-91
23562,descendez de soixante-trois et puis allez de soixante-sept à droite,67,-63
23563,descendez de quatre-vingt-dix et puis allez de trente et un à droite,31,-90
23564,descendez de vingt-cinq et puis allez de trente-cinq à droite,35,-25
23565,descendez de dix et puis allez de quatre-vingt-quinze à droite,95,-10
23566,descendez de soixante-dix-sept et puis allez de soixante-dix-sept à droite,77,-77
23567,descendez de quatre-vingt-neuf et puis allez de dix-huit à droite,18,-89
23568,descendez de quarante-neuf et puis allez de vingt-huit à droite,28,-49
23569,descendez de dix et puis allez de quatre-vingt-seize à droite,96,-10
23570,descendez de quarante-sept et puis allez de vingt-trois à droite,23,-47
23571,descendez de quatre-vingt-deux et puis allez de soixante et onze à droite,71,-82
23572,descendez de soixante et un et puis allez de quarante-huit à droite,48,-61
23573,descendez de quatre-vingt-deux et puis allez de trente-sept à droite,37,-82
23574,descendez de cinquante-neuf et puis allez de soixante-treize à droite,73,-59
23575,descendez de onze et puis allez de vingt-deux à droite,22,-11
23576,descendez de cinq et puis allez de quarante-quatre à droite,44,-5
23577,descendez de trente-cinq et puis allez de quatre-vingt-seize à droite,96,-35
23578,descendez de soixante-huit et puis allez de huit à droite,8,-68
23579,descendez de soixante-cinq et puis allez de soixante-six à droite,66,-65
23580,descendez de douze et puis allez de quatre-vingt-dix-sept à droite,97,-12
23581,descendez de quatre-vingt-six et puis allez de soixante-dix-neuf à droite,79,-86
23582,descendez de quatre-vingt-sept et puis allez de soixante-dix à droite,70,-87
23583,descendez de soixante-cinq et puis allez de sept à droite,7,-65
23584,descendez de soixante-deux et puis allez de soixante-sept à droite,67,-62
23585,descendez de vingt-six et puis allez de soixante-dix-neuf à droite,79,-26
23586,descendez de quatre-vingt-douze et puis allez de cinquante-sept à droite,57,-92
23587,descendez de soixante-dix et puis allez de quatre-vingt-deux à droite,82,-70
23588,descendez de cinquante et un et puis allez de quatre à droite,4,-51
23589,descendez de sept et puis allez de trente-deux à droite,32,-7
23590,descendez de quatre-vingt-huit et puis allez de quarante-trois à droite,43,-88
23591,descendez de quarante et puis allez de deux à droite,2,-40
23592,descendez de dix et puis allez de cinquante à droite,50,-10
23593,descendez de trente-sept et puis allez de soixante-dix-neuf à droite,79,-37
23594,descendez de cinquante-deux et puis allez de cinquante-deux à droite,52,-52
23595,descendez de quarante-six et puis allez de treize à droite,13,-46
23596,descendez de un et puis allez de vingt et un à droite,21,-1
23597,descendez de vingt-sept et puis allez de soixante-trois à droite,63,-27
23598,descendez de trente-cinq et puis allez de quatre-vingt-quinze à droite,95,-35
23599,descendez de neuf et puis allez de soixante-quatre à droite,64,-9
23600,descendez de vingt-trois et puis allez de cinquante-quatre à droite,54,-23
23601,descendez de quatre-vingt-dix-neuf et puis allez de quatre-vingt-dix-neuf à droite,99,-99
23602,descendez de vingt-cinq et puis allez de vingt-huit à droite,28,-25
23603,descendez de soixante-douze et puis allez de soixante-sept à droite,67,-72
23604,descendez de quatre-vingt-quinze et puis allez de quarante et un à droite,41,-95
23605,descendez de quinze et puis allez de trente-six à droite,36,-15
23606,descendez de vingt-trois et puis allez de quatre-vingt-sept à droite,87,-23
23607,descendez de vingt-trois et puis allez de trente-quatre à droite,34,-23
23608,descendez de quatre-vingt-dix et puis allez de quatre à droite,4,-90
23609,descendez de onze et puis allez de quatre-vingt-dix-huit à droite,98,-11
23610,descendez de soixante-dix-neuf et puis allez de soixante-six à droite,66,-79
23611,descendez de soixante-six et puis allez de trente à droite,30,-66
23612,descendez de soixante-quinze et puis allez de cinquante-cinq à droite,55,-75
23613,descendez de trente-deux et puis allez de soixante-treize à droite,73,-32
23614,descendez de quatre-vingt-neuf et puis allez de deux à droite,2,-89
23615,descendez de sept et puis allez de quatre-vingts à droite,80,-7
23616,descendez de cent et puis allez de quatre-vingt-dix-huit à droite,98,-100
23617,descendez de vingt-huit et puis allez de quatre-vingts à droite,80,-28
23618,descendez de un et puis allez de trente-neuf à droite,39,-1
23619,descendez de soixante-seize et puis allez de un à droite,1,-76
23620,descendez de soixante et un et puis allez de vingt-quatre à droite,24,-61
23621,descendez de quatre-vingt-dix-huit et puis allez de soixante-douze à droite,72,-98
23622,descendez de trente-six et puis allez de soixante-seize à droite,76,-36
23623,descendez de quatre-vingt-huit et puis allez de deux à droite,2,-88
23624,descendez de trente-deux et puis allez de soixante-quatorze à droite,74,-32
23625,descendez de trente-trois et puis allez de trente à droite,30,-33
23626,descendez de vingt-six et puis allez de trente-quatre à droite,34,-26
23627,descendez de soixante-seize et puis allez de deux à droite,2,-76
23628,descendez de vingt-deux et puis allez de quarante-neuf à droite,49,-22
23629,descendez de vingt-cinq et puis allez de onze à droite,11,-25
23630,descendez de soixante et onze et puis allez de quarante-huit à droite,48,-71
23631,descendez de vingt-neuf et puis allez de dix à droite,10,-29
23632,descendez de vingt-sept et puis allez de quatre-vingt-onze à droite,91,-27
23633,descendez de quarante-trois et puis allez de quarante-cinq à droite,45,-43
23634,descendez de quatre-vingt-trois et puis allez de quatre-vingt-un à droite,81,-83
23635,descendez de treize et puis allez de soixante-quinze à droite,75,-13
23636,descendez de trente-six et puis allez de quarante-sept à droite,47,-36
23637,descendez de vingt-huit et puis allez de trente-quatre à droite,34,-28
23638,descendez de quatre-vingt-treize et puis allez de quarante-cinq à droite,45,-93
23639,descendez de vingt-quatre et puis allez de vingt-trois à droite,23,-24
23640,descendez de cinquante-sept et puis allez de neuf à droite,9,-57
23641,descendez de soixante-quinze et puis allez de quarante-cinq à droite,45,-75
23642,descendez de cinq et puis allez de soixante-neuf à droite,69,-5
23643,descendez de vingt et puis allez de cinquante-quatre à droite,54,-20
23644,descendez de quarante-huit et puis allez de quinze à droite,15,-48
23645,descendez de quarante-neuf et puis allez de quarante-neuf à droite,49,-49
23646,descendez de seize et puis allez de cinquante et un à droite,51,-16
23647,descendez de soixante-cinq et puis allez de quatorze à droite,14,-65
23648,descendez de trente-neuf et puis allez de vingt-huit à droite,28,-39
23649,descendez de quatre-vingt-quinze et puis allez de trente-trois à droite,33,-95
23650,descendez de quarante-six et puis allez de trente-cinq à droite,35,-46
23651,descendez de douze et puis allez de soixante-quatorze à droite,74,-12
23652,descendez de soixante-quatorze et puis allez de quatre-vingt-deux à droite,82,-74
23653,descendez de six et puis allez de quarante-sept à droite,47,-6
23654,descendez de vingt-six et puis allez de quarante-huit à droite,48,-26
23655,descendez de cinquante-six et puis allez de soixante-quatorze à droite,74,-56
23656,descendez de quatre-vingt-seize et puis allez de quatre-vingt-trois à droite,83,-96
23657,descendez de cinquante-deux et puis allez de quatre-vingt-dix-sept à droite,97,-52
23658,descendez de vingt-neuf et puis allez de quatre-vingt-trois à droite,83,-29
23659,descendez de seize et puis allez de cinquante-huit à droite,58,-16
23660,descendez de cinquante-six et puis allez de trente-huit à droite,38,-56
23661,descendez de quatre-vingt-dix-neuf et puis allez de trente-trois à droite,33,-99
23662,descendez de soixante-dix-huit et puis allez de dix-neuf à droite,19,-78
23663,descendez de quatre-vingt-onze et puis allez de quatre-vingt-seize à droite,96,-91
23664,descendez de trente-trois et puis allez de vingt-deux à droite,22,-33
23665,descendez de dix-huit et puis allez de soixante et onze à droite,71,-18
23666,descendez de soixante et puis allez de douze à droite,12,-60
23667,descendez de trente-neuf et puis allez de soixante-dix à droite,70,-39
23668,descendez de vingt-trois et puis allez de trente et un à droite,31,-23
23669,descendez de cinquante-deux et puis allez de quatre-vingt-quatre à droite,84,-52
23670,descendez de un et puis allez de soixante-treize à droite,73,-1
23671,descendez de quatorze et puis allez de douze à droite,12,-14
23672,descendez de quatre-vingt-six et puis allez de quatre-vingt-quinze à droite,95,-86
23673,descendez de soixante-neuf et puis allez de neuf à droite,9,-69
23674,descendez de quatre-vingt-trois et puis allez de vingt et un à droite,21,-83
23675,descendez de cinquante et un et puis allez de quarante et un à droite,41,-51
23676,descendez de vingt-six et puis allez de quarante à droite,40,-26
23677,descendez de vingt-quatre et puis allez de soixante-trois à droite,63,-24
23678,descendez de quatre-vingt-dix-sept et puis allez de quarante-sept à droite,47,-97
23679,descendez de quarante-neuf et puis allez de quarante-sept à droite,47,-49
23680,descendez de quatre-vingt-dix et puis allez de soixante-trois à droite,63,-90
23681,descendez de quatorze et puis allez de soixante-deux à droite,62,-14
23682,descendez de trente-sept et puis allez de dix à droite,10,-37
23683,descendez de quatre-vingt-treize et puis allez de vingt à droite,20,-93
23684,descendez de trente-sept et puis allez de quatorze à droite,14,-37
23685,descendez de quatre-vingt-dix-sept et puis allez de cinquante-neuf à droite,59,-97
23686,descendez de trente-trois et puis allez de cinquante-deux à droite,52,-33
23687,descendez de neuf et puis allez de quatre à droite,4,-9
23688,descendez de deux et puis allez de cinq à droite,5,-2
23689,descendez de vingt-neuf et puis allez de quatre-vingt-onze à droite,91,-29
23690,descendez de quatorze et puis allez de trente à droite,30,-14
23691,descendez de cinquante-sept et puis allez de quarante-huit à droite,48,-57
23692,descendez de soixante-douze et puis allez de quarante-deux à droite,42,-72
23693,descendez de vingt-six et puis allez de six à droite,6,-26
23694,descendez de quatre-vingt-quinze et puis allez de vingt-huit à droite,28,-95
23695,descendez de trente-neuf et puis allez de quatre-vingt-trois à droite,83,-39
23696,descendez de quatre-vingt-sept et puis allez de quarante-deux à droite,42,-87
23697,descendez de trente-neuf et puis allez de quatre-vingt-dix à droite,90,-39
23698,descendez de dix-huit et puis allez de trente et un à droite,31,-18
23699,descendez de soixante-sept et puis allez de vingt-neuf à droite,29,-67
23700,descendez de vingt-deux et puis allez de cinquante-deux à droite,52,-22
23701,descendez de quatre-vingt-dix et puis allez de quarante à droite,40,-90
23702,descendez de quatre-vingt-cinq et puis allez de quatre-vingt-dix à droite,90,-85
23703,descendez de dix-sept et puis allez de trente et un à droite,31,-17
23704,descendez de quatre-vingt-sept et puis allez de soixante-dix-neuf à droite,79,-87
23705,descendez de cinquante-trois et puis allez de vingt et un à droite,21,-53
23706,descendez de six et puis allez de soixante-dix-sept à droite,77,-6
23707,descendez de quatre-vingt-quatre et puis allez de quarante-trois à droite,43,-84
23708,descendez de vingt et puis allez de six à droite,6,-20
23709,descendez de quatre-vingt-quatre et puis allez de quatre-vingt-six à droite,86,-84
23710,descendez de trente et un et puis allez de quarante à droite,40,-31
23711,descendez de soixante-neuf et puis allez de dix à droite,10,-69
23712,descendez de quatre-vingt-sept et puis allez de cinquante-sept à droite,57,-87
23713,descendez de quatre-vingt-onze et puis allez de trente et un à droite,31,-91
23714,descendez de trente-cinq et puis allez de quarante-deux à droite,42,-35
23715,descendez de dix-huit et puis allez de soixante-quatre à droite,64,-18
23716,descendez de quatre-vingt-sept et puis allez de quatre-vingt-quatorze à droite,94,-87
23717,descendez de trente et puis allez de vingt-cinq à droite,25,-30
23718,descendez de trois et puis allez de huit à droite,8,-3
23719,descendez de quatre-vingts et puis allez de trois à droite,3,-80
23720,descendez de quatre-vingt-dix-neuf et puis allez de vingt-neuf à droite,29,-99
23721,descendez de soixante-dix-neuf et puis allez de quatre-vingt-neuf à droite,89,-79
23722,descendez de cinquante-trois et puis allez de quatre-vingt-douze à droite,92,-53
23723,descendez de trente-deux et puis allez de trente et un à droite,31,-32
23724,descendez de quatre-vingt-quatre et puis allez de soixante-huit à droite,68,-84
23725,descendez de quatre-vingt-douze et puis allez de soixante-quinze à droite,75,-92
23726,descendez de quatre-vingt-dix-neuf et puis allez de quatre-vingt-dix à droite,90,-99
23727,descendez de dix-huit et puis allez de cinquante-sept à droite,57,-18
23728,descendez de soixante-dix-neuf et puis allez de quatre-vingt-cinq à droite,85,-79
23729,descendez de cent et puis allez de quarante et un à droite,41,-100
23730,descendez de soixante-treize et puis allez de dix-sept à droite,17,-73
23731,descendez de cinquante et puis allez de quatre-vingt-six à droite,86,-50
23732,descendez de soixante-six et puis allez de quinze à droite,15,-66
23733,descendez de trente-sept et puis allez de quatre-vingt-un à droite,81,-37
23734,descendez de soixante-quinze et puis allez de seize à droite,16,-75
23735,descendez de trente-quatre et puis allez de quatre-vingt-quatorze à droite,94,-34
23736,descendez de sept et puis allez de quatre-vingt-neuf à droite,89,-7
23737,descendez de quatre-vingt-dix et puis allez de quatre-vingt-six à droite,86,-90
23738,descendez de quarante et puis allez de quinze à droite,15,-40
23739,descendez de quarante et puis allez de quatre-vingt-seize à droite,96,-40
23740,descendez de dix et puis allez de vingt-neuf à droite,29,-10
23741,descendez de quatre-vingt-treize et puis allez de cinquante-cinq à droite,55,-93
23742,descendez de cinquante-deux et puis allez de un à droite,1,-52
23743,descendez de cinquante-quatre et puis allez de quatre-vingt-trois à droite,83,-54
23744,descendez de soixante-douze et puis allez de soixante-sept à droite,67,-72
23745,descendez de cinquante-sept et puis allez de trente-neuf à droite,39,-57
23746,descendez de huit et puis allez de cinquante-quatre à droite,54,-8
23747,descendez de treize et puis allez de soixante-huit à droite,68,-13
23748,descendez de soixante-seize et puis allez de soixante-treize à droite,73,-76
23749,descendez de un et puis allez de quatre-vingt-quinze à droite,95,-1
23750,descendez de cinquante-neuf et puis allez de quatre-vingts à droite,80,-59
23751,descendez de quarante et un et puis allez de quatre-vingt-trois à droite,83,-41
23752,descendez de trente-six et puis allez de quinze à droite,15,-36
23753,descendez de quarante-six et puis allez de six à droite,6,-46
23754,descendez de quatre-vingt-quatorze et puis allez de cinq à droite,5,-94
23755,descendez de trois et puis allez de quarante-quatre à droite,44,-3
23756,descendez de soixante-quinze et puis allez de trente-quatre à droite,34,-75
23757,descendez de soixante-six et puis allez de cinquante et un à droite,51,-66
23758,descendez de trente-six et puis allez de trente-deux à droite,32,-36
23759,descendez de quatre-vingt-dix-neuf et puis allez de quarante à droite,40,-99
23760,descendez de un et puis allez de trente-deux à droite,32,-1
23761,descendez de soixante-dix-neuf et puis allez de quarante à droite,40,-79
23762,descendez de trente-huit et puis allez de quarante-quatre à droite,44,-38
23763,descendez de un et puis allez de soixante-douze à droite,72,-1
23764,descendez de quatre-vingt-quatre et puis allez de quarante-neuf à droite,49,-84
23765,descendez de quatre-vingt-huit et puis allez de soixante-douze à droite,72,-88
23766,descendez de quatre-vingt-douze et puis allez de soixante-treize à droite,73,-92
23767,descendez de douze et puis allez de cinq à droite,5,-12
23768,descendez de soixante-sept et puis allez de quarante-neuf à droite,49,-67
23769,descendez de soixante et onze et puis allez de quarante-six à droite,46,-71
23770,descendez de vingt-sept et puis allez de trente-cinq à droite,35,-27
23771,descendez de cinquante-quatre et puis allez de dix-huit à droite,18,-54
23772,descendez de sept et puis allez de cinq à droite,5,-7
23773,descendez de quatre-vingt-trois et puis allez de soixante-sept à droite,67,-83
23774,descendez de vingt-sept et puis allez de quatre-vingt-quatorze à droite,94,-27
23775,descendez de six et puis allez de quarante-trois à droite,43,-6
23776,descendez de quatre-vingt-dix et puis allez de cinquante et un à droite,51,-90
23777,descendez de quarante-quatre et puis allez de quatre-vingt-douze à droite,92,-44
23778,descendez de soixante-treize et puis allez de quarante-six à droite,46,-73
23779,descendez de quatre-vingt-dix-sept et puis allez de quarante-deux à droite,42,-97
23780,descendez de dix et puis allez de neuf à droite,9,-10
23781,descendez de cinquante-deux et puis allez de soixante-cinq à droite,65,-52
23782,descendez de trente-trois et puis allez de cinquante à droite,50,-33
23783,descendez de soixante-sept et puis allez de sept à droite,7,-67
23784,descendez de soixante-trois et puis allez de soixante-cinq à droite,65,-63
23785,descendez de soixante-neuf et puis allez de trente à droite,30,-69
23786,descendez de sept et puis allez de soixante-quatre à droite,64,-7
23787,descendez de trente-sept et puis allez de cinquante-sept à droite,57,-37
23788,descendez de quarante-huit et puis allez de trente-deux à droite,32,-48
23789,descendez de trente-huit et puis allez de cinquante-deux à droite,52,-38
23790,descendez de soixante-treize et puis allez de soixante-trois à droite,63,-73
23791,descendez de quatorze et puis allez de cinquante-sept à droite,57,-14
23792,descendez de quatre-vingt-quatre et puis allez de dix-sept à droite,17,-84
23793,descendez de quatre-vingt-deux et puis allez de vingt à droite,20,-82
23794,descendez de vingt-huit et puis allez de onze à droite,11,-28
23795,descendez de huit et puis allez de quarante-huit à droite,48,-8
23796,descendez de soixante-seize et puis allez de cinquante-neuf à droite,59,-76
23797,descendez de soixante-cinq et puis allez de treize à droite,13,-65
23798,descendez de cent et puis allez de trente-deux à droite,32,-100
23799,descendez de cinquante-huit et puis allez de treize à droite,13,-58
23800,descendez de sept et puis allez de cent à droite,100,-7
23801,descendez de quatre et puis allez de trente-neuf à droite,39,-4
23802,descendez de quatre-vingt-quinze et puis allez de soixante et un à droite,61,-95
23803,descendez de trente-quatre et puis allez de vingt et un à droite,21,-34
23804,descendez de neuf et puis allez de quatre-vingts à droite,80,-9
23805,descendez de soixante-deux et puis allez de soixante-cinq à droite,65,-62
23806,descendez de quatre-vingts et puis allez de quatre-vingt-un à droite,81,-80
23807,descendez de sept et puis allez de trente et un à droite,31,-7
23808,descendez de cinquante-deux et puis allez de quarante et un à droite,41,-52
23809,descendez de vingt-six et puis allez de trente et un à droite,31,-26
23810,descendez de quatre-vingt-neuf et puis allez de soixante-quinze à droite,75,-89
23811,descendez de seize et puis allez de dix à droite,10,-16
23812,descendez de quatre-vingt-quinze et puis allez de six à droite,6,-95
23813,descendez de onze et puis allez de treize à droite,13,-11
23814,descendez de vingt-trois et puis allez de vingt et un à droite,21,-23
23815,descendez de quatre-vingt-six et puis allez de douze à droite,12,-86
23816,descendez de vingt-six et puis allez de trente et un à droite,31,-26
23817,descendez de cinquante-trois et puis allez de six à droite,6,-53
23818,descendez de cinquante et puis allez de vingt-sept à droite,27,-50
23819,descendez de vingt-trois et puis allez de soixante-trois à droite,63,-23
23820,descendez de cinquante-neuf et puis allez de cinquante-six à droite,56,-59
23821,descendez de quatre-vingt-quatre et puis allez de quatorze à droite,14,-84
23822,descendez de cinquante-quatre et puis allez de huit à droite,8,-54
23823,descendez de cinquante-trois et puis allez de trois à droite,3,-53
23824,descendez de soixante-trois et puis allez de cinquante-trois à droite,53,-63
23825,descendez de quarante-trois et puis allez de quatre-vingt-dix-sept à droite,97,-43
23826,descendez de soixante-neuf et puis allez de soixante-six à droite,66,-69
23827,descendez de soixante-quatorze et puis allez de trente-neuf à droite,39,-74
23828,descendez de soixante-quatorze et puis allez de soixante-neuf à droite,69,-74
23829,descendez de soixante-douze et puis allez de quarante-quatre à droite,44,-72
23830,descendez de vingt et un et puis allez de quarante-neuf à droite,49,-21
23831,descendez de treize et puis allez de trente-cinq à droite,35,-13
23832,descendez de quatorze et puis allez de quatre-vingt-sept à droite,87,-14
23833,descendez de quatre-vingt-quatre et puis allez de trente-trois à droite,33,-84
23834,descendez de quatre-vingt-deux et puis allez de quarante-neuf à droite,49,-82
23835,descendez de soixante-dix-sept et puis allez de soixante-seize à droite,76,-77
23836,descendez de un et puis allez de sept à droite,7,-1
23837,descendez de quarante-huit et puis allez de soixante-quatre à droite,64,-48
23838,descendez de quarante-six et puis allez de quinze à droite,15,-46
23839,descendez de quarante-cinq et puis allez de cinquante à droite,50,-45
23840,descendez de trente et puis allez de quatre-vingt-sept à droite,87,-30
23841,descendez de un et puis allez de soixante-quatre à droite,64,-1
23842,descendez de quatre-vingt-dix-huit et puis allez de quatre-vingt-dix à droite,90,-98
23843,descendez de quatre-vingt-seize et puis allez de soixante-trois à droite,63,-96
23844,descendez de quatorze et puis allez de six à droite,6,-14
23845,descendez de dix-sept et puis allez de vingt et un à droite,21,-17
23846,descendez de cinquante-sept et puis allez de quatre-vingt-quatre à droite,84,-57
23847,descendez de trente-quatre et puis allez de quatre-vingt-sept à droite,87,-34
23848,descendez de quarante-neuf et puis allez de quatre-vingt-huit à droite,88,-49
23849,descendez de cinquante et puis allez de vingt-huit à droite,28,-50
23850,descendez de soixante et puis allez de cinquante-deux à droite,52,-60
23851,descendez de quarante-huit et puis allez de quatre-vingt-neuf à droite,89,-48
23852,descendez de soixante-quatorze et puis allez de soixante-huit à droite,68,-74
23853,descendez de quarante-six et puis allez de soixante-douze à droite,72,-46
23854,descendez de quatre-vingt-deux et puis allez de quatre-vingt-dix à droite,90,-82
23855,descendez de quatre-vingt-dix-neuf et puis allez de cinquante-trois à droite,53,-99
23856,descendez de soixante-sept et puis allez de cinquante-huit à droite,58,-67
23857,descendez de cinquante-cinq et puis allez de quatre-vingt-deux à droite,82,-55
23858,descendez de cinquante et un et puis allez de quatre-vingt-dix-sept à droite,97,-51
23859,descendez de cinquante-cinq et puis allez de quatorze à droite,14,-55
23860,descendez de soixante-quatre et puis allez de quarante-neuf à droite,49,-64
23861,descendez de vingt-huit et puis allez de dix-neuf à droite,19,-28
23862,descendez de six et puis allez de dix-sept à droite,17,-6
23863,descendez de trente et un et puis allez de soixante-treize à droite,73,-31
23864,descendez de quatre-vingt-seize et puis allez de quarante-sept à droite,47,-96
23865,descendez de cinquante-sept et puis allez de trente-neuf à droite,39,-57
23866,descendez de quatre-vingts et puis allez de quarante-six à droite,46,-80
23867,descendez de vingt-cinq et puis allez de soixante-trois à droite,63,-25
23868,descendez de vingt-cinq et puis allez de quatre-vingt-seize à droite,96,-25
23869,descendez de dix et puis allez de quatre-vingt-dix-sept à droite,97,-10
23870,descendez de vingt-quatre et puis allez de cinquante-quatre à droite,54,-24
23871,descendez de cinquante-huit et puis allez de cinquante-trois à droite,53,-58
23872,descendez de vingt-neuf et puis allez de soixante-dix-huit à droite,78,-29
23873,descendez de cinq et puis allez de cinquante-neuf à droite,59,-5
23874,descendez de soixante-quatorze et puis allez de six à droite,6,-74
23875,descendez de quatre-vingt-treize et puis allez de trente-quatre à droite,34,-93
23876,descendez de soixante-neuf et puis allez de quatre-vingt-deux à droite,82,-69
23877,descendez de soixante-dix et puis allez de trente-neuf à droite,39,-70
23878,descendez de quatre-vingt-dix-neuf et puis allez de treize à droite,13,-99
23879,descendez de cinquante-cinq et puis allez de cinq à droite,5,-55
23880,descendez de quatre-vingt-cinq et puis allez de soixante-cinq à droite,65,-85
23881,descendez de soixante-dix et puis allez de quatre-vingt-un à droite,81,-70
23882,descendez de trois et puis allez de quatre-vingt-quatre à droite,84,-3
23883,descendez de quarante-huit et puis allez de cinquante-deux à droite,52,-48
23884,descendez de trente-neuf et puis allez de neuf à droite,9,-39
23885,descendez de trois et puis allez de vingt-six à droite,26,-3
23886,descendez de vingt-cinq et puis allez de trente-trois à droite,33,-25
23887,descendez de vingt-trois et puis allez de quatre-vingt-quatre à droite,84,-23
23888,descendez de trente-deux et puis allez de quarante-huit à droite,48,-32
23889,descendez de trente-neuf et puis allez de soixante-dix à droite,70,-39
23890,descendez de soixante-sept et puis allez de soixante-deux à droite,62,-67
23891,descendez de soixante-cinq et puis allez de soixante et onze à droite,71,-65
23892,descendez de quatre-vingt-douze et puis allez de quatre-vingt-trois à droite,83,-92
23893,descendez de quatre-vingt-sept et puis allez de soixante-quinze à droite,75,-87
23894,descendez de soixante-deux et puis allez de quarante-quatre à droite,44,-62
23895,descendez de quatre-vingt-dix-huit et puis allez de trente-trois à droite,33,-98
23896,descendez de quarante-cinq et puis allez de soixante-deux à droite,62,-45
23897,descendez de quarante-six et puis allez de quatre-vingt-sept à droite,87,-46
23898,descendez de cinquante et un et puis allez de quatre-vingt-quatorze à droite,94,-51
23899,descendez de vingt et un et puis allez de douze à droite,12,-21
23900,descendez de trente-deux et puis allez de soixante-dix-sept à droite,77,-32
23901,descendez de onze et puis allez de soixante-dix-huit à droite,78,-11
23902,descendez de soixante-seize et puis allez de vingt-six à droite,26,-76
23903,descendez de soixante-quatre et puis allez de cinquante-sept à droite,57,-64
23904,descendez de cinquante-cinq et puis allez de vingt-quatre à droite,24,-55
23905,descendez de quatre-vingt-quatorze et puis allez de soixante-quinze à droite,75,-94
23906,descendez de sept et puis allez de neuf à droite,9,-7
23907,descendez de douze et puis allez de soixante-huit à droite,68,-12
23908,descendez de quatre-vingt-trois et puis allez de cent à droite,100,-83
23909,descendez de vingt-cinq et puis allez de huit à droite,8,-25
23910,descendez de soixante-dix-huit et puis allez de trente-huit à droite,38,-78
23911,descendez de huit et puis allez de soixante-six à droite,66,-8
23912,descendez de cinquante et un et puis allez de cinquante-sept à droite,57,-51
23913,descendez de vingt-sept et puis allez de vingt-quatre à droite,24,-27
23914,descendez de vingt-deux et puis allez de quatre-vingt-cinq à droite,85,-22
23915,descendez de soixante-sept et puis allez de quatre à droite,4,-67
23916,descendez de cinquante-huit et puis allez de quatre-vingt-trois à droite,83,-58
23917,descendez de soixante-deux et puis allez de vingt à droite,20,-62
23918,descendez de soixante-dix-huit et puis allez de vingt-deux à droite,22,-78
23919,descendez de soixante-neuf et puis allez de quatre-vingt-treize à droite,93,-69
23920,descendez de soixante-huit et puis allez de cinquante à droite,50,-68
23921,descendez de quatre-vingt-douze et puis allez de soixante et onze à droite,71,-92
23922,descendez de quatre-vingt-neuf et puis allez de cinq à droite,5,-89
23923,descendez de quatre-vingt-dix-huit et puis allez de deux à droite,2,-98
23924,descendez de dix-neuf et puis allez de cinquante-trois à droite,53,-19
23925,descendez de six et puis allez de dix-neuf à droite,19,-6
23926,descendez de quatre et puis allez de trois à droite,3,-4
23927,descendez de quatre et puis allez de soixante-dix-sept à droite,77,-4
23928,descendez de soixante et puis allez de quatre-vingt-neuf à droite,89,-60
23929,descendez de trente-huit et puis allez de quatre-vingt-cinq à droite,85,-38
23930,descendez de trente-deux et puis allez de quatre-vingts à droite,80,-32
23931,descendez de soixante-trois et puis allez de quatre-vingt-un à droite,81,-63
23932,descendez de sept et puis allez de trente-huit à droite,38,-7
23933,descendez de soixante-seize et puis allez de soixante et un à droite,61,-76
23934,descendez de cinq et puis allez de quarante et un à droite,41,-5
23935,descendez de quarante et un et puis allez de quatre-vingt-quatorze à droite,94,-41
23936,descendez de cinquante-neuf et puis allez de soixante-deux à droite,62,-59
23937,descendez de dix et puis allez de soixante et un à droite,61,-10
23938,descendez de quarante et puis allez de soixante-neuf à droite,69,-40
23939,descendez de quarante-cinq et puis allez de soixante-quatre à droite,64,-45
23940,descendez de vingt-six et puis allez de soixante-dix-sept à droite,77,-26
23941,descendez de quarante-neuf et puis allez de quarante-neuf à droite,49,-49
23942,descendez de cinquante et puis allez de soixante-seize à droite,76,-50
23943,descendez de soixante-dix-huit et puis allez de cinquante à droite,50,-78
23944,descendez de dix-sept et puis allez de treize à droite,13,-17
23945,descendez de soixante-quatorze et puis allez de quarante-huit à droite,48,-74
23946,descendez de quarante-deux et puis allez de quarante-cinq à droite,45,-42
23947,descendez de trois et puis allez de cinquante et un à droite,51,-3
23948,descendez de dix-huit et puis allez de trente-trois à droite,33,-18
23949,descendez de quarante-neuf et puis allez de trente à droite,30,-49
23950,descendez de neuf et puis allez de sept à droite,7,-9
23951,descendez de quatre-vingt-trois et puis allez de trente-six à droite,36,-83
23952,descendez de quatre-vingt-treize et puis allez de quatre-vingt-huit à droite,88,-93
23953,descendez de cinq et puis allez de trente-neuf à droite,39,-5
23954,descendez de soixante-neuf et puis allez de vingt-cinq à droite,25,-69
23955,descendez de cinquante-six et puis allez de quatre-vingts à droite,80,-56
23956,descendez de seize et puis allez de douze à droite,12,-16
23957,descendez de soixante-dix-neuf et puis allez de soixante-sept à droite,67,-79
23958,descendez de vingt-huit et puis allez de soixante-trois à droite,63,-28
23959,descendez de cent et puis allez de quarante-trois à droite,43,-100
23960,descendez de neuf et puis allez de cinquante-huit à droite,58,-9
23961,descendez de quatre-vingt-treize et puis allez de trente et un à droite,31,-93
23962,descendez de quatre-vingt-quatorze et puis allez de soixante-seize à droite,76,-94
23963,descendez de soixante-seize et puis allez de dix à droite,10,-76
23964,descendez de trente-deux et puis allez de quatre-vingt-cinq à droite,85,-32
23965,descendez de soixante-dix-neuf et puis allez de huit à droite,8,-79
23966,descendez de vingt-trois et puis allez de quarante-deux à droite,42,-23
23967,descendez de quatre-vingt-six et puis allez de vingt-quatre à droite,24,-86
23968,descendez de soixante et puis allez de soixante-dix-sept à droite,77,-60
23969,descendez de quatre-vingt-douze et puis allez de treize à droite,13,-92
23970,descendez de cent et puis allez de quinze à droite,15,-100
23971,descendez de quatre-vingt-sept et puis allez de dix à droite,10,-87
23972,descendez de onze et puis allez de treize à droite,13,-11
23973,descendez de dix et puis allez de vingt-deux à droite,22,-10
23974,descendez de trois et puis allez de cinquante-six à droite,56,-3
23975,descendez de cinquante-huit et puis allez de soixante-dix à droite,70,-58
23976,descendez de quatre-vingt-six et puis allez de quatre-vingt-quinze à droite,95,-86
23977,descendez de trente-neuf et puis allez de deux à droite,2,-39
23978,descendez de cinquante-sept et puis allez de neuf à droite,9,-57
23979,descendez de quatre-vingt-cinq et puis allez de trois à droite,3,-85
23980,descendez de dix et puis allez de cinquante à droite,50,-10
23981,descendez de cinquante et un et puis allez de vingt-six à droite,26,-51
23982,descendez de trente-huit et puis allez de douze à droite,12,-38
23983,descendez de trente et un et puis allez de soixante et onze à droite,71,-31
23984,descendez de quatre-vingt-quatorze et puis allez de treize à droite,13,-94
23985,descendez de vingt-six et puis allez de soixante-douze à droite,72,-26
23986,descendez de soixante-dix-huit et puis allez de quatre-vingt-cinq à droite,85,-78
23987,descendez de quatre-vingt-un et puis allez de soixante-dix-sept à droite,77,-81
23988,descendez de quatre-vingt-treize et puis allez de soixante-sept à droite,67,-93
23989,descendez de soixante-quatorze et puis allez de dix à droite,10,-74
23990,descendez de six et puis allez de vingt-quatre à droite,24,-6
23991,descendez de quatre-vingt-dix et puis allez de soixante-dix à droite,70,-90
23992,descendez de douze et puis allez de soixante-huit à droite,68,-12
23993,descendez de cinquante-six et puis allez de soixante-huit à droite,68,-56
23994,descendez de six et puis allez de soixante-sept à droite,67,-6
23995,descendez de sept et puis allez de cinquante à droite,50,-7
23996,descendez de quatre-vingt-seize et puis allez de dix à droite,10,-96
23997,descendez de quatre-vingt-un et puis allez de huit à droite,8,-81
23998,descendez de trente-neuf et puis allez de soixante-huit à droite,68,-39
23999,descendez de seize et puis allez de soixante-sept à droite,67,-16
24000,allez de vingt-six à gauche,-26,0
24001,allez de soixante-douze à gauche,-72,0
24002,allez de quatre-vingt-dix à gauche,-90,0
24003,allez de neuf à gauche,-9,0
24004,allez de douze à gauche,-12,0
24005,allez de soixante-quatorze à gauche,-74,0
24006,allez de soixante-trois à gauche,-63,0
24007,allez de quarante-trois à gauche,-43,0
24008,allez de quatre-vingt-dix à gauche,-90,0
24009,allez de quatre-vingt-un à gauche,-81,0
24010,allez de soixante-dix à gauche,-70,0
24011,allez de soixante à gauche,-60,0
24012,allez de quarante-trois à gauche,-43,0
24013,allez de vingt à gauche,-20,0
24014,allez de quatre-vingt-douze à gauche,-92,0
24015,allez de quatre-vingt-dix à gauche,-90,0
24016,allez de soixante-cinq à gauche,-65,0
24017,allez de huit à gauche,-8,0
24018,allez de quatre-vingt-dix à gauche,-90,0
24019,allez de sept à gauche,-7,0
24020,allez de soixante-dix-huit à gauche,-78,0
24021,allez de deux à gauche,-2,0
24022,allez de soixante et un à gauche,-61,0
24023,allez de trente-cinq à gauche,-35,0
24024,allez de quatre-vingt-quatorze à gauche,-94,0
24025,allez de quatre-vingt-dix-huit à gauche,-98,0
24026,allez de cinquante à gauche,-50,0
24027,allez de cinquante et un à gauche,-51,0
24028,allez de soixante-cinq à gauche,-65,0
24029,allez de quarante à gauche,-40,0
24030,allez de quatre-vingt-un à gauche,-81,0
24031,allez de vingt-deux à gauche,-22,0
24032,allez de soixante-sept à gauche,-67,0
24033,allez de vingt-huit à gauche,-28,0
24034,allez de dix-neuf à gauche,-19,0
24035,allez de soixante et un à gauche,-61,0
24036,allez de quarante-six à gauche,-46,0
24037,allez de quatre-vingt-six à gauche,-86,0
24038,allez de vingt et un à gauche,-21,0
24039,allez de quatre-vingt-treize à gauche,-93,0
24040,allez de trente-six à gauche,-36,0
24041,allez de deux à gauche,-2,0
24042,allez de quatre-vingt-dix à gauche,-90,0
24043,allez de soixante à gauche,-60,0
24044,allez de cent à gauche,-100,0
24045,allez de quatre-vingt-dix-huit à gauche,-98,0
24046,allez de quatre-vingt-quinze à gauche,-95,0
24047,allez de dix-neuf à gauche,-19,0
24048,allez de seize à gauche,-16,0
24049,allez de cinquante-quatre à gauche,-54,0
24050,allez de quatre à gauche,-4,0
24051,allez de trente-deux à gauche,-32,0
24052,allez de quarante-six à gauche,-46,0
24053,allez de cinquante-six à gauche,-56,0
24054,allez de seize à gauche,-16,0
24055,allez de quatre à gauche,-4,0
24056,allez de trente-cinq à gauche,-35,0
24057,allez de vingt et un à gauche,-21,0
24058,allez de soixante-huit à gauche,-68,0
24059,allez de dix-sept à gauche,-17,0
24060,allez de sept à gauche,-7,0
24061,allez de quatre-vingt-treize à gauche,-93,0
24062,allez de trente-huit à gauche,-38,0
24063,allez de six à gauche,-6,0
24064,allez de cent à gauche,-100,0
24065,allez de vingt-cinq à gauche,-25,0
24066,allez de quarante-six à gauche,-46,0
24067,allez de onze à gauche,-11,0
24068,allez de quatre-vingt-seize à gauche,-96,0
24069,allez de cinq à gauche,-5,0
24070,allez de quarante à gauche,-40,0
24071,allez de vingt et un à gauche,-21,0
24072,allez de quatre-vingt-neuf à gauche,-89,0
24073,allez de soixante-huit à gauche,-68,0
24074,allez de quatre-vingts à gauche,-80,0
24075,allez de onze à gauche,-11,0
24076,allez de quatre-vingt-quinze à gauche,-95,0
24077,allez de vingt-neuf à gauche,-29,0
24078,allez de quatre-vingts à gauche,-80,0
24079,allez de soixante-neuf à gauche,-69,0
24080,allez de soixante-dix à gauche,-70,0
24081,allez de cent à gauche,-100,0
24082,allez de quatre-vingt-neuf à gauche,-89,0
24083,allez de vingt-six à gauche,-26,0
24084,allez de quatre-vingt-treize à gauche,-93,0
24085,allez de cinquante et un à gauche,-51,0
24086,allez de soixante-deux à gauche,-62,0
24087,allez de cinquante-six à gauche,-56,0
24088,allez de soixante-dix à gauche,-70,0
24089,allez de trente-cinq à gauche,-35,0
24090,allez de quatre-vingt-dix à gauche,-90,0
24091,allez de quarante-huit à gauche,-48,0
24092,allez de quatre-vingt-dix à gauche,-90,0
24093,allez de cinquante-sept à gauche,-57,0
24094,allez de trente-neuf à gauche,-39,0
24095,allez de vingt-deux à gauche,-22,0
24096,allez de vingt et un à gauche,-21,0
24097,allez de quatre-vingt-douze à gauche,-92,0
24098,allez de quinze à gauche,-15,0
24099,allez de soixante-quatorze à gauche,-74,0
24100,allez de vingt-trois à gauche,-23,0
24101,allez de treize à gauche,-13,0
24102,allez de trente-trois à gauche,-33,0
24103,allez de sept à gauche,-7,0
24104,allez de cinquante-quatre à gauche,-54,0
24105,allez de soixante-douze à gauche,-72,0
24106,allez de quatre-vingt-quatre à gauche,-84,0
24107,allez de soixante et un à gauche,-61,0
24108,allez de deux à gauche,-2,0
24109,allez de dix-sept à gauche,-17,0
24110,allez de quatre-vingt-douze à gauche,-92,0
24111,allez de dix-neuf à gauche,-19,0
24112,allez de soixante-dix à gauche,-70,0
24113,allez de cinquante et un à gauche,-51,0
24114,allez de vingt-deux à gauche,-22,0
24115,allez de vingt-deux à gauche,-22,0
24116,allez de quarante-trois à gauche,-43,0
24117,allez de vingt-neuf à gauche,-29,0
24118,allez de soixante-cinq à gauche,-65,0
24119,allez de quarante-neuf à gauche,-49,0
24120,allez de quarante-quatre à gauche,-44,0
24121,allez de vingt-deux à gauche,-22,0
24122,allez de un à gauche,-1,0
24123,allez de vingt-cinq à gauche,-25,0
24124,allez de quatre-vingt-quatre à gauche,-84,0
24125,allez de quarante à gauche,-40,0
24126,allez de huit à gauche,-8,0
24127,allez de trente-quatre à gauche,-34,0
24128,allez de seize à gauche,-16,0
24129,allez de quatorze à gauche,-14,0
24130,allez de huit à gauche,-8,0
24131,allez de dix-neuf à gauche,-19,0
24132,allez de vingt-deux à gauche,-22,0
24133,allez de trente-sept à gauche,-37,0
24134,allez de trente et un à gauche,-31,0
24135,allez de soixante à gauche,-60,0
24136,allez de soixante-seize à gauche,-76,0
24137,allez de soixante-deux à gauche,-62,0
24138,allez de dix-huit à gauche,-18,0
24139,allez de onze à gauche,-11,0
24140,allez de soixante-huit à gauche,-68,0
24141,allez de soixante-quatre à gauche,-64,0
24142,allez de quatre-vingt-onze à gauche,-91,0
24143,allez de trente et un à gauche,-31,0
24144,allez de quinze à gauche,-15,0
24145,allez de soixante-quinze à gauche,-75,0
24146,allez de soixante-quatorze à gauche,-74,0
24147,allez de quatre-vingt-quinze à gauche,-95,0
24148,allez de soixante-dix-sept à gauche,-77,0
24149,allez de cinquante-cinq à gauche,-55,0
24150,allez de soixante et onze à gauche,-71,0
24151,allez de soixante-dix-sept à gauche,-77,0
24152,allez de soixante-douze à gauche,-72,0
24153,allez de quatre-vingt-trois à gauche,-83,0
24154,allez de soixante-trois à gauche,-63,0
24155,allez de vingt-sept à gauche,-27,0
24156,allez de trente-sept à gauche,-37,0
24157,allez de dix à gauche,-10,0
24158,allez de vingt à gauche,-20,0
24159,allez de vingt-neuf à gauche,-29,0
24160,allez de quarante-six à gauche,-46,0
24161,allez de quatre-vingt-trois à gauche,-83,0
24162,allez de soixante-huit à gauche,-68,0
24163,allez de cinquante à gauche,-50,0
24164,allez de cinquante et un à gauche,-51,0
24165,allez de quatre-vingt-huit à gauche,-88,0
24166,allez de quatre à gauche,-4,0
24167,allez de soixante et onze à gauche,-71,0
24168,allez de soixante et un à gauche,-61,0
24169,allez de quarante et un à gauche,-41,0
24170,allez de soixante-sept à gauche,-67,0
24171,allez de huit à gauche,-8,0
24172,allez de dix-huit à gauche,-18,0
24173,allez de quatre-vingt-dix-sept à gauche,-97,0
24174,allez de quarante à gauche,-40,0
24175,allez de cinquante à gauche,-50,0
24176,allez de soixante-six à gauche,-66,0
24177,allez de six à gauche,-6,0
24178,allez de soixante et onze à gauche,-71,0
24179,allez de quatre-vingt-trois à gauche,-83,0
24180,allez de cinquante-neuf à gauche,-59,0
24181,allez de soixante-dix-huit à gauche,-78,0
24182,allez de soixante-dix à gauche,-70,0
24183,allez de trente-deux à gauche,-32,0
24184,allez de soixante-huit à gauche,-68,0
24185,allez de trois à gauche,-3,0
24186,allez de quatre-vingt-un à gauche,-81,0
24187,allez de vingt-trois à gauche,-23,0
24188,allez de quatre-vingt-dix-huit à gauche,-98,0
24189,allez de quatorze à gauche,-14,0
24190,allez de treize à gauche,-13,0
24191,allez de trois à gauche,-3,0
24192,allez de soixante-huit à gauche,-68,0
24193,allez de soixante-dix-neuf à gauche,-79,0
24194,allez de soixante à gauche,-60,0
24195,allez de quarante-huit à gauche,-48,0
24196,allez de cinquante et un à gauche,-51,0
24197,allez de cinquante-six à gauche,-56,0
24198,allez de cinquante-huit à gauche,-58,0
24199,allez de neuf à gauche,-9,0
24200,allez de onze à gauche,-11,0
24201,allez de quarante-cinq à gauche,-45,0
24202,allez de quatre-vingt-dix-huit à gauche,-98,0
24203,allez de vingt-neuf à gauche,-29,0
24204,allez de quatre-vingt-sept à gauche,-87,0
24205,allez de cinquante-trois à gauche,-53,0
24206,allez de cinquante-deux à gauche,-52,0
24207,allez de soixante-six à gauche,-66,0
24208,allez de cinquante-deux à gauche,-52,0
24209,allez de vingt-neuf à gauche,-29,0
24210,allez de douze à gauche,-12,0
24211,allez de quarante-neuf à gauche,-49,0
24212,allez de vingt-deux à gauche,-22,0
24213,allez de vingt-deux à gauche,-22,0
24214,allez de trente-deux à gauche,-32,0
24215,allez de quatre-vingt-dix à gauche,-90,0
24216,allez de cinquante-huit à gauche,-58,0
24217,allez de trente et un à gauche,-31,0
24218,allez de six à gauche,-6,0
24219,allez de quarante-six à gauche,-46,0
24220,allez de vingt-cinq à gauche,-25,0
24221,allez de cinquante-deux à gauche,-52,0
24222,allez de vingt-quatre à gauche,-24,0
24223,allez de huit à gauche,-8,0
24224,allez de soixante et un à gauche,-61,0
24225,allez de cinquante-huit à gauche,-58,0
24226,allez de cinquante-deux à gauche,-52,0
24227,allez de quatre-vingt-quatorze à gauche,-94,0
24228,allez de quarante-quatre à gauche,-44,0
24229,allez de quatre-vingt-dix-sept à gauche,-97,0
24230,allez de quatre-vingt-deux à gauche,-82,0
24231,allez de quatre-vingt-treize à gauche,-93,0
24232,allez de quatre-vingt-huit à gauche,-88,0
24233,allez de soixante-quatorze à gauche,-74,0
24234,allez de douze à gauche,-12,0
24235,allez de cinquante-quatre à gauche,-54,0
24236,allez de sept à gauche,-7,0
24237,allez de quinze à gauche,-15,0
24238,allez de quatorze à gauche,-14,0
24239,allez de soixante-cinq à gauche,-65,0
24240,allez de quarante-sept à gauche,-47,0
24241,allez de trente-deux à gauche,-32,0
24242,allez de vingt et un à gauche,-21,0
24243,allez de quatre-vingts à gauche,-80,0
24244,allez de quarante-quatre à gauche,-44,0
24245,allez de dix-neuf à gauche,-19,0
24246,allez de quatre-vingt-treize à gauche,-93,0
24247,allez de soixante-huit à gauche,-68,0
24248,allez de quatre-vingt-dix-neuf à gauche,-99,0
24249,allez de quatre-vingt-dix à gauche,-90,0
24250,allez de trente-cinq à gauche,-35,0
24251,allez de quarante-deux à gauche,-42,0
24252,allez de quatre-vingt-trois à gauche,-83,0
24253,allez de quatre-vingt-neuf à gauche,-89,0
24254,allez de soixante-sept à gauche,-67,0
24255,allez de huit à gauche,-8,0
24256,allez de huit à gauche,-8,0
24257,allez de onze à gauche,-11,0
24258,allez de quatre-vingts à gauche,-80,0
24259,allez de soixante-dix-sept à gauche,-77,0
24260,allez de dix-neuf à gauche,-19,0
24261,allez de quatorze à gauche,-14,0
24262,allez de quarante-quatre à gauche,-44,0
24263,allez de un à gauche,-1,0
24264,allez de quatre-vingt-un à gauche,-81,0
24265,allez de quatre-vingt-dix-sept à gauche,-97,0
24266,allez de quarante et un à gauche,-41,0
24267,allez de vingt-trois à gauche,-23,0
24268,allez de cinquante-sept à gauche,-57,0
24269,allez de trente-trois à gauche,-33,0
24270,allez de soixante-seize à gauche,-76,0
24271,allez de soixante-neuf à gauche,-69,0
24272,allez de soixante-huit à gauche,-68,0
24273,allez de dix-neuf à gauche,-19,0
24274,allez de dix-sept à gauche,-17,0
24275,allez de trente-quatre à gauche,-34,0
24276,allez de vingt-neuf à gauche,-29,0
24277,allez de soixante-neuf à gauche,-69,0
24278,allez de quatorze à gauche,-14,0
24279,allez de trente-trois à gauche,-33,0
24280,allez de quatre-vingt-six à gauche,-86,0
24281,allez de cinq à gauche,-5,0
24282,allez de soixante-dix-huit à gauche,-78,0
24283,allez de quatre-vingts à gauche,-80,0
24284,allez de dix-sept à gauche,-17,0
24285,allez de sept à gauche,-7,0
24286,allez de trente-six à gauche,-36,0
24287,allez de soixante-quatre à gauche,-64,0
24288,allez de soixante à gauche,-60,0
24289,allez de quarante-six à gauche,-46,0
24290,allez de huit à gauche,-8,0
24291,allez de quatorze à gauche,-14,0
24292,allez de trente-cinq à gauche,-35,0
24293,allez de soixante-quatorze à gauche,-74,0
24294,allez de quarante-neuf à gauche,-49,0
24295,allez de cinquante-sept à gauche,-57,0
24296,allez de quatre-vingt-cinq à gauche,-85,0
24297,allez de trente-quatre à gauche,-34,0
24298,allez de quatre-vingt-treize à gauche,-93,0
24299,allez de soixante-neuf à gauche,-69,0
24300,allez de cinquante-deux à gauche,-52,0
24301,allez de quarante-cinq à gauche,-45,0
24302,allez de quatre-vingt-treize à gauche,-93,0
24303,allez de quarante-trois à gauche,-43,0
24304,allez de soixante-cinq à gauche,-65,0
24305,allez de quarante-cinq à gauche,-45,0
24306,allez de soixante-dix à gauche,-70,0
24307,allez de quatre-vingt-quinze à gauche,-95,0
24308,allez de quarante-cinq à gauche,-45,0
24309,allez de trente et un à gauche,-31,0
24310,allez de vingt et un à gauche,-21,0
24311,allez de quatre-vingt-cinq à gauche,-85,0
24312,allez de quatre-vingt-deux à gauche,-82,0
24313,allez de treize à gauche,-13,0
24314,allez de quatre-vingt-huit à gauche,-88,0
24315,allez de quatre-vingt-sept à gauche,-87,0
24316,allez de vingt et un à gauche,-21,0
24317,allez de trente-six à gauche,-36,0
24318,allez de treize à gauche,-13,0
24319,allez de quatre-vingt-onze à gauche,-91,0
24320,allez de trente-sept à gauche,-37,0
24321,allez de quatre-vingt-dix à gauche,-90,0
24322,allez de quatre-vingt-quatorze à gauche,-94,0
24323,allez de vingt-huit à gauche,-28,0
24324,allez de quarante-quatre à gauche,-44,0
24325,allez de dix-huit à gauche,-18,0
24326,allez de soixante-quatorze à gauche,-74,0
24327,allez de cinquante-cinq à gauche,-55,0
24328,allez de quatre-vingts à gauche,-80,0
24329,allez de trente-neuf à gauche,-39,0
24330,allez de quarante-cinq à gauche,-45,0
24331,allez de quatre-vingt-dix-sept à gauche,-97,0
24332,allez de quarante-quatre à gauche,-44,0
24333,allez de quarante-quatre à gauche,-44,0
24334,allez de soixante à gauche,-60,0
24335,allez de six à gauche,-6,0
24336,allez de sept à gauche,-7,0
24337,allez de soixante-six à gauche,-66,0
24338,allez de soixante-quatorze à gauche,-74,0
24339,allez de trente-quatre à gauche,-34,0
24340,allez de quarante-six à gauche,-46,0
24341,allez de soixante-neuf à gauche,-69,0
24342,allez de trente-quatre à gauche,-34,0
24343,allez de dix-neuf à gauche,-19,0
24344,allez de soixante-dix-neuf à gauche,-79,0
24345,allez de seize à gauche,-16,0
24346,allez de cent à gauche,-100,0
24347,allez de quarante-six à gauche,-46,0
24348,allez de trente et un à gauche,-31,0
24349,allez de quarante-neuf à gauche,-49,0
24350,allez de cinquante-deux à gauche,-52,0
24351,allez de quatre-vingt-un à gauche,-81,0
24352,allez de cinquante-quatre à gauche,-54,0
24353,allez de quarante-cinq à gauche,-45,0
24354,allez de cinq à gauche,-5,0
24355,allez de trois à gauche,-3,0
24356,allez de vingt et un à gauche,-21,0
24357,allez de quatre-vingt-six à gauche,-86,0
24358,allez de trente-six à gauche,-36,0
24359,allez de huit à gauche,-8,0
24360,allez de cent à gauche,-100,0
24361,allez de soixante-quatorze à gauche,-74,0
24362,allez de un à gauche,-1,0
24363,allez de douze à gauche,-12,0
24364,allez de quarante-deux à gauche,-42,0
24365,allez de cinq à gauche,-5,0
24366,allez de cinquante-six à gauche,-56,0
24367,allez de vingt-deux à gauche,-22,0
24368,allez de cinquante-quatre à gauche,-54,0
24369,allez de quatorze à gauche,-14,0
24370,allez de soixante-douze à gauche,-72,0
24371,allez de quarante-six à gauche,-46,0
24372,allez de trente-sept à gauche,-37,0
24373,allez de quatre-vingt-trois à gauche,-83,0
24374,allez de quatre-vingt-sept à gauche,-87,0
24375,allez de dix à gauche,-10,0
24376,allez de trente-quatre à gauche,-34,0
24377,allez de soixante-neuf à gauche,-69,0
24378,allez de cinquante-trois à gauche,-53,0
24379,allez de quatre-vingt-dix-sept à gauche,-97,0
24380,allez de soixante-seize à gauche,-76,0
24381,allez de soixante-huit à gauche,-68,0
24382,allez de trois à gauche,-3,0
24383,allez de treize à gauche,-13,0
24384,allez de quatre-vingt-trois à gauche,-83,0
24385,allez de quatre-vingt-dix-huit à gauche,-98,0
24386,allez de quarante-deux à gauche,-42,0
24387,allez de quarante-sept à gauche,-47,0
24388,allez de soixante-deux à gauche,-62,0
24389,allez de trente-quatre à gauche,-34,0
24390,allez de quatre-vingt-dix à gauche,-90,0
24391,allez de quarante-deux à gauche,-42,0
24392,allez de soixante-huit à gauche,-68,0
24393,allez de trente-trois à gauche,-33,0
24394,allez de soixante-dix-sept à gauche,-77,0
24395,allez de quatre-vingt-treize à gauche,-93,0
24396,allez de huit à gauche,-8,0
24397,allez de vingt à gauche,-20,0
24398,allez de soixante et onze à gauche,-71,0
24399,allez de cinquante-sept à gauche,-57,0
24400,allez de dix-sept à gauche,-17,0
24401,allez de trente-deux à gauche,-32,0
24402,allez de dix-huit à gauche,-18,0
24403,allez de soixante-cinq à gauche,-65,0
24404,allez de quatre-vingt-neuf à gauche,-89,0
24405,allez de deux à gauche,-2,0
24406,allez de quatre-vingt-dix-sept à gauche,-97,0
24407,allez de quarante à gauche,-40,0
24408,allez de vingt-huit à gauche,-28,0
24409,allez de douze à gauche,-12,0
24410,allez de quatre-vingt-dix-huit à gauche,-98,0
24411,allez de quatre-vingt-huit à gauche,-88,0
24412,allez de sept à gauche,-7,0
24413,allez de cinquante-six à gauche,-56,0
24414,allez de quatre-vingt-onze à gauche,-91,0
24415,allez de un à gauche,-1,0
24416,allez de quarante-six à gauche,-46,0
24417,allez de quatre à gauche,-4,0
24418,allez de cent à gauche,-100,0
24419,allez de cinquante-cinq à gauche,-55,0
24420,allez de trente-huit à gauche,-38,0
24421,allez de soixante-douze à gauche,-72,0
24422,allez de quatre-vingt-deux à gauche,-82,0
24423,allez de soixante-cinq à gauche,-65,0
24424,allez de soixante et un à gauche,-61,0
24425,allez de cinquante-huit à gauche,-58,0
24426,allez de soixante-trois à gauche,-63,0
24427,allez de quatre-vingt-six à gauche,-86,0
24428,allez de vingt-neuf à gauche,-29,0
24429,allez de trente-quatre à gauche,-34,0
24430,allez de dix-sept à gauche,-17,0
24431,allez de quarante à gauche,-40,0
24432,allez de vingt-neuf à gauche,-29,0
24433,allez de quatre-vingt-huit à gauche,-88,0
24434,allez de vingt-deux à gauche,-22,0
24435,allez de seize à gauche,-16,0
24436,allez de seize à gauche,-16,0
24437,allez de quatre-vingt-quatorze à gauche,-94,0
24438,allez de quarante-six à gauche,-46,0
24439,allez de quatorze à gauche,-14,0
24440,allez de cinquante-six à gauche,-56,0
24441,allez de cinquante-deux à gauche,-52,0
24442,allez de quarante-huit à gauche,-48,0
24443,allez de cinquante-cinq à gauche,-55,0
24444,allez de soixante-treize à gauche,-73,0
24445,allez de trente-six à gauche,-36,0
24446,allez de quarante à gauche,-40,0
24447,allez de onze à gauche,-11,0
24448,allez de quatorze à gauche,-14,0
24449,allez de quarante-quatre à gauche,-44,0
24450,allez de quatre-vingt-dix-neuf à gauche,-99,0
24451,allez de sept à gauche,-7,0
24452,allez de vingt-deux à gauche,-22,0
24453,allez de quinze à gauche,-15,0
24454,allez de quarante à gauche,-40,0
24455,allez de vingt et un à gauche,-21,0
24456,allez de neuf à gauche,-9,0
24457,allez de trois à gauche,-3,0
24458,allez de quarante-quatre à gauche,-44,0
24459,allez de neuf à gauche,-9,0
24460,allez de quatre-vingt-seize à gauche,-96,0
24461,allez de quatre-vingt-quatre à gauche,-84,0
24462,allez de quarante-cinq à gauche,-45,0
24463,allez de quatre-vingt-quinze à gauche,-95,0
24464,allez de quarante-neuf à gauche,-49,0
24465,allez de vingt-trois à gauche,-23,0
24466,allez de cinquante-neuf à gauche,-59,0
24467,allez de vingt-quatre à gauche,-24,0
24468,allez de sept à gauche,-7,0
24469,allez de quatre-vingt-dix-neuf à gauche,-99,0
24470,allez de quatre-vingt-sept à gauche,-87,0
24471,allez de cinquante-sept à gauche,-57,0
24472,allez de onze à gauche,-11,0
24473,allez de dix-huit à gauche,-18,0
24474,allez de quatre-vingt-dix-neuf à gauche,-99,0
24475,allez de trente-deux à gauche,-32,0
24476,allez de quarante et un à gauche,-41,0
24477,allez de quarante-six à gauche,-46,0
24478,allez de trente et un à gauche,-31,0
24479,allez de quatre-vingt-seize à gauche,-96,0
24480,allez de quatre-vingt-un à gauche,-81,0
24481,allez de quatre-vingt-cinq à gauche,-85,0
24482,allez de quatre à gauche,-4,0
24483,allez de cinquante et un à gauche,-51,0
24484,allez de cinquante et un à gauche,-51,0
24485,allez de trois à gauche,-3,0
24486,allez de soixante-cinq à gauche,-65,0
24487,allez de deux à gauche,-2,0
24488,allez de soixante-dix-sept à gauche,-77,0
24489,allez de quatre-vingt-deux à gauche,-82,0
24490,allez de quatre-vingt-dix-sept à gauche,-97,0
24491,allez de quatre-vingt-huit à gauche,-88,0
24492,allez de quarante à gauche,-40,0
24493,allez de quatre à gauche,-4,0
24494,allez de quarante-sept à gauche,-47,0
24495,allez de quarante-neuf à gauche,-49,0
24496,allez de seize à gauche,-16,0
24497,allez de quarante-cinq à gauche,-45,0
24498,allez de soixante-dix-sept à gauche,-77,0
24499,allez de quatre-vingt-un à gauche,-81,0
24500,allez de huit à gauche,-8,0
24501,allez de soixante-huit à gauche,-68,0
24502,allez de soixante-quatre à gauche,-64,0
24503,allez de soixante et un à gauche,-61,0
24504,allez de trente et un à gauche,-31,0
24505,allez de treize à gauche,-13,0
24506,allez de cent à gauche,-100,0
24507,allez de quatre-vingt-dix-sept à gauche,-97,0
24508,allez de quatre-vingt-quinze à gauche,-95,0
24509,allez de quarante-huit à gauche,-48,0
24510,allez de quatre-vingt-dix-huit à gauche,-98,0
24511,allez de soixante-douze à gauche,-72,0
24512,allez de onze à gauche,-11,0
24513,allez de soixante et un à gauche,-61,0
24514,allez de quarante-deux à gauche,-42,0
24515,allez de quarante-cinq à gauche,-45,0
24516,allez de trente-cinq à gauche,-35,0
24517,allez de quatre à gauche,-4,0
24518,allez de vingt-quatre à gauche,-24,0
24519,allez de vingt-six à gauche,-26,0
24520,allez de cent à gauche,-100,0
24521,allez de dix à gauche,-10,0
24522,allez de cinquante et un à gauche,-51,0
24523,allez de dix à gauche,-10,0
24524,allez de dix-sept à gauche,-17,0
24525,allez de vingt et un à gauche,-21,0
24526,allez de quatre-vingt-neuf à gauche,-89,0
24527,allez de soixante-dix-neuf à gauche,-79,0
24528,allez de trente-sept à gauche,-37,0
24529,allez de quarante-deux à gauche,-42,0
24530,allez de vingt-six à gauche,-26,0
24531,allez de quatre-vingts à gauche,-80,0
24532,allez de un à gauche,-1,0
24533,allez de quatre-vingt-quinze à gauche,-95,0
24534,allez de cent à gauche,-100,0
24535,allez de trois à gauche,-3,0
24536,allez de vingt-deux à gauche,-22,0
24537,allez de soixante-trois à gauche,-63,0
24538,allez de quarante et un à gauche,-41,0
24539,allez de onze à gauche,-11,0
24540,allez de soixante-huit à gauche,-68,0
24541,allez de quarante et un à gauche,-41,0
24542,allez de vingt-huit à gauche,-28,0
24543,allez de neuf à gauche,-9,0
24544,allez de soixante-trois à gauche,-63,0
24545,allez de quatorze à gauche,-14,0
24546,allez de vingt à gauche,-20,0
24547,allez de vingt à gauche,-20,0
24548,allez de cinquante-sept à gauche,-57,0
24549,allez de quatre-vingt-sept à gauche,-87,0
24550,allez de trente-huit à gauche,-38,0
24551,allez de treize à gauche,-13,0
24552,allez de quatorze à gauche,-14,0
24553,allez de trois à gauche,-3,0
24554,allez de soixante-dix à gauche,-70,0
24555,allez de soixante-six à gauche,-66,0
24556,allez de neuf à gauche,-9,0
24557,allez de quatre-vingt-six à gauche,-86,0
24558,allez de vingt-trois à gauche,-23,0
24559,allez de soixante-dix-neuf à gauche,-79,0
24560,allez de trente-sept à gauche,-37,0
24561,allez de cent à gauche,-100,0
24562,allez de quatorze à gauche,-14,0
24563,allez de soixante-deux à gauche,-62,0
24564,allez de vingt à gauche,-20,0
24565,allez de cinquante-cinq à gauche,-55,0
24566,allez de cinq à gauche,-5,0
24567,allez de quarante-six à gauche,-46,0
24568,allez de trente-neuf à gauche,-39,0
24569,allez de cinquante-huit à gauche,-58,0
24570,allez de cinquante-trois à gauche,-53,0
24571,allez de vingt-trois à gauche,-23,0
24572,allez de cinquante-cinq à gauche,-55,0
24573,allez de sept à gauche,-7,0
24574,allez de soixante-neuf à gauche,-69,0
24575,allez de deux à gauche,-2,0
24576,allez de soixante et onze à gauche,-71,0
24577,allez de vingt et un à gauche,-21,0
24578,allez de cinquante-quatre à gauche,-54,0
24579,allez de vingt et un à gauche,-21,0
24580,allez de vingt-huit à gauche,-28,0
24581,allez de quatre-vingt-cinq à gauche,-85,0
24582,allez de quatre-vingt-douze à gauche,-92,0
24583,allez de douze à gauche,-12,0
24584,allez de quatre-vingt-trois à gauche,-83,0
24585,allez de huit à gauche,-8,0
24586,allez de trente-huit à gauche,-38,0
24587,allez de cinquante-neuf à gauche,-59,0
24588,allez de quarante à gauche,-40,0
24589,allez de onze à gauche,-11,0
24590,allez de soixante-six à gauche,-66,0
24591,allez de huit à gauche,-8,0
24592,allez de soixante-dix-sept à gauche,-77,0
24593,allez de trente et un à gauche,-31,0
24594,allez de cinq à gauche,-5,0
24595,allez de soixante-huit à gauche,-68,0
24596,allez de quatre-vingt-dix-sept à gauche,-97,0
24597,allez de soixante-douze à gauche,-72,0
24598,allez de quatre-vingt-quinze à gauche,-95,0
24599,allez de quatre-vingt-neuf à gauche,-89,0
24600,allez de quarante-deux à gauche,-42,0
24601,allez de quarante-deux à gauche,-42,0
24602,allez de trente-six à gauche,-36,0
24603,allez de cinq à gauche,-5,0
24604,allez de quarante-deux à gauche,-42,0
24605,allez de soixante-six à gauche,-66,0
24606,allez de quatre-vingt-douze à gauche,-92,0
24607,allez de quatre-vingt-trois à gauche,-83,0
24608,allez de cinquante-trois à gauche,-53,0
24609,allez de six à gauche,-6,0
24610,allez de vingt-cinq à gauche,-25,0
24611,allez de quatre-vingt-onze à gauche,-91,0
24612,allez de neuf à gauche,-9,0
24613,allez de vingt-huit à gauche,-28,0
24614,allez de treize à gauche,-13,0
24615,allez de onze à gauche,-11,0
24616,allez de soixante à gauche,-60,0
24617,allez de quatre-vingt-quatorze à gauche,-94,0
24618,allez de douze à gauche,-12,0
24619,allez de quarante-trois à gauche,-43,0
24620,allez de un à gauche,-1,0
24621,allez de deux à gauche,-2,0
24622,allez de quatre-vingts à gauche,-80,0
24623,allez de quatre-vingt-six à gauche,-86,0
24624,allez de vingt-huit à gauche,-28,0
24625,allez de vingt-neuf à gauche,-29,0
24626,allez de cinquante-deux à gauche,-52,0
24627,allez de quatre-vingt-dix à gauche,-90,0
24628,allez de quatre à gauche,-4,0
24629,allez de vingt et un à gauche,-21,0
24630,allez de cinquante-six à gauche,-56,0
24631,allez de quatre-vingt-dix-sept à gauche,-97,0
24632,allez de quatre-vingt-six à gauche,-86,0
24633,allez de quarante-deux à gauche,-42,0
24634,allez de soixante-neuf à gauche,-69,0
24635,allez de soixante-dix à gauche,-70,0
24636,allez de quatre-vingts à gauche,-80,0
24637,allez de cinquante-sept à gauche,-57,0
24638,allez de trente-trois à gauche,-33,0
24639,allez de cinquante-six à gauche,-56,0
24640,allez de cinquante-cinq à gauche,-55,0
24641,allez de trente-sept à gauche,-37,0
24642,allez de quatre-vingt-seize à gauche,-96,0
24643,allez de soixante et onze à gauche,-71,0
24644,allez de dix-huit à gauche,-18,0
24645,allez de vingt-sept à gauche,-27,0
24646,allez de dix-neuf à gauche,-19,0
24647,allez de soixante-sept à gauche,-67,0
24648,allez de soixante-dix à gauche,-70,0
24649,allez de quarante-deux à gauche,-42,0
24650,allez de soixante-deux à gauche,-62,0
24651,allez de dix à gauche,-10,0
24652,allez de quatre-vingt-quatre à gauche,-84,0
24653,allez de dix à gauche,-10,0
24654,allez de vingt à gauche,-20,0
24655,allez de quatre-vingt-douze à gauche,-92,0
24656,allez de dix à gauche,-10,0
24657,allez de quatre-vingt-dix-sept à gauche,-97,0
24658,allez de quatre-vingt-onze à gauche,-91,0
24659,allez de quatre-vingt-un à gauche,-81,0
24660,allez de quatre-vingt-treize à gauche,-93,0
24661,allez de trente-trois à gauche,-33,0
24662,allez de soixante-quatre à gauche,-64,0
24663,allez de quatre-vingt-sept à gauche,-87,0
24664,allez de cinquante-quatre à gauche,-54,0
24665,allez de vingt-cinq à gauche,-25,0
24666,allez de cinquante-cinq à gauche,-55,0
24667,allez de quarante-huit à gauche,-48,0
24668,allez de quatre-vingt-six à gauche,-86,0
24669,allez de cinq à gauche,-5,0
24670,allez de quarante-huit à gauche,-48,0
24671,allez de vingt-cinq à gauche,-25,0
24672,allez de quatorze à gauche,-14,0
24673,allez de quatorze à gauche,-14,0
24674,allez de vingt-six à gauche,-26,0
24675,allez de vingt à gauche,-20,0
24676,allez de vingt-cinq à gauche,-25,0
24677,allez de vingt-trois à gauche,-23,0
24678,allez de quatre-vingt-treize à gauche,-93,0
24679,allez de soixante-quinze à gauche,-75,0
24680,allez de trente-cinq à gauche,-35,0
24681,allez de vingt-trois à gauche,-23,0
24682,allez de trois à gauche,-3,0
24683,allez de quatre-vingt-dix-huit à gauche,-98,0
24684,allez de quatre-vingt-treize à gauche,-93,0
24685,allez de soixante et un à gauche,-61,0
24686,allez de cinquante à gauche,-50,0
24687,allez de trente-quatre à gauche,-34,0
24688,allez de quatre-vingt-dix à gauche,-90,0
24689,allez de vingt-huit à gauche,-28,0
24690,allez de quatre-vingt-deux à gauche,-82,0
24691,allez de quatre-vingt-dix-sept à gauche,-97,0
24692,allez de huit à gauche,-8,0
24693,allez de quarante à gauche,-40,0
24694,allez de soixante-quatre à gauche,-64,0
24695,allez de soixante-quatre à gauche,-64,0
24696,allez de treize à gauche,-13,0
24697,allez de quatre-vingt-treize à gauche,-93,0
24698,allez de vingt-cinq à gauche,-25,0
24699,allez de soixante-dix à gauche,-70,0
24700,allez de cent à gauche,-100,0
24701,allez de soixante-seize à gauche,-76,0
24702,allez de quatre à gauche,-4,0
24703,allez de quarante-cinq à gauche,-45,0
24704,allez de dix-sept à gauche,-17,0
24705,allez de cinquante-trois à gauche,-53,0
24706,allez de soixante-neuf à gauche,-69,0
24707,allez de quarante-sept à gauche,-47,0
24708,allez de quatre-vingt-neuf à gauche,-89,0
24709,allez de soixante à gauche,-60,0
24710,allez de soixante-quinze à gauche,-75,0
24711,allez de quatre-vingt-seize à gauche,-96,0
24712,allez de vingt-neuf à gauche,-29,0
24713,allez de trente à gauche,-30,0
24714,allez de quatre-vingt-quatre à gauche,-84,0
24715,allez de quatre-vingt-treize à gauche,-93,0
24716,allez de cinquante-huit à gauche,-58,0
24717,allez de trois à gauche,-3,0
24718,allez de vingt-deux à gauche,-22,0
24719,allez de huit à gauche,-8,0
24720,allez de dix-sept à gauche,-17,0
24721,allez de soixante-quinze à gauche,-75,0
24722,allez de soixante-treize à gauche,-73,0
24723,allez de quatre-vingt-deux à gauche,-82,0
24724,allez de treize à gauche,-13,0
24725,allez de vingt-huit à gauche,-28,0
24726,allez de quatre-vingt-douze à gauche,-92,0
24727,allez de quatorze à gauche,-14,0
24728,allez de douze à gauche,-12,0
24729,allez de un à gauche,-1,0
24730,allez de huit à gauche,-8,0
24731,allez de treize à gauche,-13,0
24732,allez de soixante-dix-neuf à gauche,-79,0
24733,allez de vingt à gauche,-20,0
24734,allez de soixante-huit à gauche,-68,0
24735,allez de soixante-six à gauche,-66,0
24736,allez de quarante-cinq à gauche,-45,0
24737,allez de vingt-deux à gauche,-22,0
24738,allez de quarante-deux à gauche,-42,0
24739,allez de quatre-vingt-un à gauche,-81,0
24740,allez de quatre-vingt-quatorze à gauche,-94,0
24741,allez de cinquante-trois à gauche,-53,0
24742,allez de soixante-huit à gauche,-68,0
24743,allez de vingt-quatre à gauche,-24,0
24744,allez de quarante à gauche,-40,0
24745,allez de quarante-deux à gauche,-42,0
24746,allez de onze à gauche,-11,0
24747,allez de quatre-vingt-neuf à gauche,-89,0
24748,allez de un à gauche,-1,0
24749,allez de quatre-vingt-seize à gauche,-96,0
24750,allez de soixante-treize à gauche,-73,0
24751,allez de dix-huit à gauche,-18,0
24752,allez de soixante-dix-sept à gauche,-77,0
24753,allez de quatre-vingt-quinze à gauche,-95,0
24754,allez de quatre-vingt-six à gauche,-86,0
24755,allez de trente-six à gauche,-36,0
24756,allez de soixante-quinze à gauche,-75,0
24757,allez de cinquante à gauche,-50,0
24758,allez de quatre-vingt-onze à gauche,-91,0
24759,allez de quatre à gauche,-4,0
24760,allez de quatre-vingt-onze à gauche,-91,0
24761,allez de quatre-vingt-cinq à gauche,-85,0
24762,allez de soixante à gauche,-60,0
24763,allez de cinquante-six à gauche,-56,0
24764,allez de douze à gauche,-12,0
24765,allez de cinquante-sept à gauche,-57,0
24766,allez de dix-neuf à gauche,-19,0
24767,allez de quatre-vingt-dix-neuf à gauche,-99,0
24768,allez de quatre-vingt-treize à gauche,-93,0
24769,allez de trente à gauche,-30,0
24770,allez de trente-trois à gauche,-33,0
24771,allez de trente-sept à gauche,-37,0
24772,allez de soixante-dix-neuf à gauche,-79,0
24773,allez de vingt-cinq à gauche,-25,0
24774,allez de sept à gauche,-7,0
24775,allez de vingt-trois à gauche,-23,0
24776,allez de vingt-deux à gauche,-22,0
24777,allez de soixante et un à gauche,-61,0
24778,allez de quatre-vingt-six à gauche,-86,0
24779,allez de vingt-huit à gauche,-28,0
24780,allez de quatre-vingt-six à gauche,-86,0
24781,allez de cinq à gauche,-5,0
24782,allez de cinquante-deux à gauche,-52,0
24783,allez de vingt-deux à gauche,-22,0
24784,allez de vingt-quatre à gauche,-24,0
24785,allez de soixante et onze à gauche,-71,0
24786,allez de vingt-quatre à gauche,-24,0
24787,allez de trente-neuf à gauche,-39,0
24788,allez de vingt-cinq à gauche,-25,0
24789,allez de quatre-vingt-douze à gauche,-92,0
24790,allez de quatre-vingt-trois à gauche,-83,0
24791,allez de soixante-treize à gauche,-73,0
24792,allez de soixante-cinq à gauche,-65,0
24793,allez de cinquante-quatre à gauche,-54,0
24794,allez de soixante-douze à gauche,-72,0
24795,allez de quatre-vingt-quatre à gauche,-84,0
24796,allez de trente-cinq à gauche,-35,0
24797,allez de quarante à gauche,-40,0
24798,allez de cinquante-six à gauche,-56,0
24799,allez de quarante-cinq à gauche,-45,0
24800,allez de quarante-trois à gauche,-43,0
24801,allez de vingt à gauche,-20,0
24802,allez de soixante à gauche,-60,0
24803,allez de trente-neuf à gauche,-39,0
24804,allez de soixante-quinze à gauche,-75,0
24805,allez de soixante-quinze à gauche,-75,0
24806,allez de vingt-neuf à gauche,-29,0
24807,allez de cinquante et un à gauche,-51,0
24808,allez de quatre-vingt-quatre à gauche,-84,0
24809,allez de soixante-deux à gauche,-62,0
24810,allez de vingt à gauche,-20,0
24811,allez de trente-cinq à gauche,-35,0
24812,allez de soixante-sept à gauche,-67,0
24813,allez de soixante-dix-sept à gauche,-77,0
24814,allez de trente-sept à gauche,-37,0
24815,allez de vingt-deux à gauche,-22,0
24816,allez de cent à gauche,-100,0
24817,allez de quatre-vingt-dix-huit à gauche,-98,0
24818,allez de trente-deux à gauche,-32,0
24819,allez de cinquante-huit à gauche,-58,0
24820,allez de cinquante-sept à gauche,-57,0
24821,allez de vingt-quatre à gauche,-24,0
24822,allez de soixante-quatre à gauche,-64,0
24823,allez de vingt-trois à gauche,-23,0
24824,allez de soixante-cinq à gauche,-65,0
24825,allez de cinquante et un à gauche,-51,0
24826,allez de treize à gauche,-13,0
24827,allez de onze à gauche,-11,0
24828,allez de quatre-vingts à gauche,-80,0
24829,allez de trente à gauche,-30,0
24830,allez de cinquante et un à gauche,-51,0
24831,allez de cinquante-cinq à gauche,-55,0
24832,allez de vingt-cinq à gauche,-25,0
24833,allez de soixante-trois à gauche,-63,0
24834,allez de cinquante-deux à gauche,-52,0
24835,allez de soixante et un à gauche,-61,0
24836,allez de quarante-trois à gauche,-43,0
24837,allez de vingt-sept à gauche,-27,0
24838,allez de trente-cinq à gauche,-35,0
24839,allez de quatre-vingt-treize à gauche,-93,0
24840,allez de huit à gauche,-8,0
24841,allez de soixante-dix à gauche,-70,0
24842,allez de trente-six à gauche,-36,0
24843,allez de quatre-vingt-huit à gauche,-88,0
24844,allez de quatre-vingt-quinze à gauche,-95,0
24845,allez de cinquante-trois à gauche,-53,0
24846,allez de quatre-vingt-neuf à gauche,-89,0
24847,allez de soixante-neuf à gauche,-69,0
24848,allez de quatre-vingt-quinze à gauche,-95,0
24849,allez de quarante-neuf à gauche,-49,0
24850,allez de cinquante-quatre à gauche,-54,0
24851,allez de huit à gauche,-8,0
24852,allez de cinquante-deux à gauche,-52,0
24853,allez de neuf à gauche,-9,0
24854,allez de soixante-quatre à gauche,-64,0
24855,allez de trente-huit à gauche,-38,0
24856,allez de soixante-dix à gauche,-70,0
24857,allez de quatre-vingt-dix-neuf à gauche,-99,0
24858,allez de deux à gauche,-2,0
24859,allez de quarante-huit à gauche,-48,0
24860,allez de soixante-sept à gauche,-67,0
24861,allez de quarante-six à gauche,-46,0
24862,allez de cinquante-trois à gauche,-53,0
24863,allez de soixante-six à gauche,-66,0
24864,allez de quatre-vingt-dix-neuf à gauche,-99,0
24865,allez de quatre-vingt-seize à gauche,-96,0
24866,allez de cinquante-sept à gauche,-57,0
24867,allez de cinquante et un à gauche,-51,0
24868,allez de quatre-vingt-un à gauche,-81,0
24869,allez de quatre-vingt-quatorze à gauche,-94,0
24870,allez de quatre-vingt-un à gauche,-81,0
24871,allez de cinq à gauche,-5,0
24872,allez de soixante à gauche,-60,0
24873,allez de vingt-quatre à gauche,-24,0
24874,allez de quatre-vingt-quatre à gauche,-84,0
24875,allez de trente-neuf à gauche,-39,0
24876,allez de cinquante-huit à gauche,-58,0
24877,allez de trente-huit à gauche,-38,0
24878,allez de quatre-vingts à gauche,-80,0
24879,allez de soixante-quatorze à gauche,-74,0
24880,allez de quatre-vingt-dix à gauche,-90,0
24881,allez de cinquante-deux à gauche,-52,0
24882,allez de vingt et un à gauche,-21,0
24883,allez de quatre-vingt-quinze à gauche,-95,0
24884,allez de soixante-quatorze à gauche,-74,0
24885,allez de quatre-vingt-treize à gauche,-93,0
24886,allez de dix-sept à gauche,-17,0
24887,allez de quatre-vingt-quatre à gauche,-84,0
24888,allez de cinquante et un à gauche,-51,0
24889,allez de quatre-vingt-seize à gauche,-96,0
24890,allez de vingt-huit à gauche,-28,0
24891,allez de vingt-cinq à gauche,-25,0
24892,allez de quatre-vingt-deux à gauche,-82,0
24893,allez de quatre-vingt-seize à gauche,-96,0
24894,allez de quatre-vingt-deux à gauche,-82,0
24895,allez de seize à gauche,-16,0
24896,allez de vingt-deux à gauche,-22,0
24897,allez de quatre-vingt-un à gauche,-81,0
24898,allez de cinquante-six à gauche,-56,0
24899,allez de soixante-sept à gauche,-67,0
24900,allez de sept à gauche,-7,0
24901,allez de soixante-treize à gauche,-73,0
24902,allez de quatre-vingt-un à gauche,-81,0
24903,allez de soixante-douze à gauche,-72,0
24904,allez de cinquante et un à gauche,-51,0
24905,allez de soixante-dix-sept à gauche,-77,0
24906,allez de quarante-deux à gauche,-42,0
24907,allez de soixante-dix-neuf à gauche,-79,0
24908,allez de quinze à gauche,-15,0
24909,allez de soixante-dix à gauche,-70,0
24910,allez de deux à gauche,-2,0
24911,allez de quatre-vingt-quatre à gauche,-84,0
24912,allez de quarante-cinq à gauche,-45,0
24913,allez de soixante et un à gauche,-61,0
24914,allez de quatre-vingt-quatorze à gauche,-94,0
24915,allez de soixante-quatre à gauche,-64,0
24916,allez de vingt et un à gauche,-21,0
24917,allez de soixante-dix-neuf à gauche,-79,0
24918,allez de soixante-huit à gauche,-68,0
24919,allez de soixante-trois à gauche,-63,0
24920,allez de soixante à gauche,-60,0
24921,allez de vingt-trois à gauche,-23,0
24922,allez de cent à gauche,-100,0
24923,allez de cinquante-six à gauche,-56,0
24924,allez de soixante-huit à gauche,-68,0
24925,allez de vingt-huit à gauche,-28,0
24926,allez de quarante-sept à gauche,-47,0
24927,allez de trente à gauche,-30,0
24928,allez de quatre-vingt-deux à gauche,-82,0
24929,allez de quinze à gauche,-15,0
24930,allez de dix à gauche,-10,0
24931,allez de cinquante-six à gauche,-56,0
24932,allez de cinquante-huit à gauche,-58,0
24933,allez de soixante-treize à gauche,-73,0
24934,allez de vingt-cinq à gauche,-25,0
24935,allez de cinquante-six à gauche,-56,0
24936,allez de quatre-vingt-neuf à gauche,-89,0
24937,allez de soixante et onze à gauche,-71,0
24938,allez de soixante-douze à gauche,-72,0
24939,allez de vingt-huit à gauche,-28,0
24940,allez de trente-neuf à gauche,-39,0
24941,allez de vingt-six à gauche,-26,0
24942,allez de soixante-seize à gauche,-76,0
24943,allez de vingt-cinq à gauche,-25,0
24944,allez de quatre-vingt-onze à gauche,-91,0
24945,allez de soixante-dix-huit à gauche,-78,0
24946,allez de quatre-vingt-dix à gauche,-90,0
24947,allez de sept à gauche,-7,0
24948,allez de vingt-cinq à gauche,-25,0
24949,allez de quarante-cinq à gauche,-45,0
24950,allez de soixante-dix-neuf à gauche,-79,0
24951,allez de quarante et un à gauche,-41,0
24952,allez de quatre-vingt-huit à gauche,-88,0
24953,allez de quarante-deux à gauche,-42,0
24954,allez de quatre-vingt-six à gauche,-86,0
24955,allez de six à gauche,-6,0
24956,allez de seize à gauche,-16,0
24957,allez de quatre-vingt-quinze à gauche,-95,0
24958,allez de quatre-vingt-quatre à gauche,-84,0
24959,allez de treize à gauche,-13,0
24960,allez de quatre-vingt-neuf à gauche,-89,0
24961,allez de neuf à gauche,-9,0
24962,allez de soixante-deux à gauche,-62,0
24963,allez de cinquante et un à gauche,-51,0
24964,allez de quatre-vingt-un à gauche,-81,0
24965,allez de quatre-vingt-un à gauche,-81,0
24966,allez de quarante et un à gauche,-41,0
24967,allez de soixante et un à gauche,-61,0
24968,allez de quarante à gauche,-40,0
24969,allez de soixante et onze à gauche,-71,0
24970,allez de soixante-quatorze à gauche,-74,0
24971,allez de huit à gauche,-8,0
24972,allez de quatre-vingt-cinq à gauche,-85,0
24973,allez de sept à gauche,-7,0
24974,allez de quatre-vingt-dix à gauche,-90,0
24975,allez de quatre-vingt-neuf à gauche,-89,0
24976,allez de onze à gauche,-11,0
24977,allez de un à gauche,-1,0
24978,allez de cinquante-trois à gauche,-53,0
24979,allez de soixante-dix-huit à gauche,-78,0
24980,allez de quatre-vingt-huit à gauche,-88,0
24981,allez de soixante-six à gauche,-66,0
24982,allez de vingt-six à gauche,-26,0
24983,allez de quatre-vingt-deux à gauche,-82,0
24984,allez de trente et un à gauche,-31,0
24985,allez de soixante-cinq à gauche,-65,0
24986,allez de vingt-trois à gauche,-23,0
24987,allez de quatre à gauche,-4,0
24988,allez de vingt-sept à gauche,-27,0
24989,allez de trente-neuf à gauche,-39,0
24990,allez de quatre-vingt-seize à gauche,-96,0
24991,allez de trois à gauche,-3,0
24992,allez de soixante-quatorze à gauche,-74,0
24993,allez de quatre-vingt-douze à gauche,-92,0
24994,allez de trente à gauche,-30,0
24995,allez de quatre-vingt-seize à gauche,-96,0
24996,allez de un à gauche,-1,0
24997,allez de quarante-deux à gauche,-42,0
24998,allez de sept à gauche,-7,0
24999,allez de dix-neuf à gauche,-19,0
25000,allez de trente-quatre à droite,34,0
25001,allez de soixante-dix-neuf à droite,79,0
25002,allez de cinquante-deux à droite,52,0
25003,allez de cinquante-trois à droite,53,0
25004,allez de soixante-dix-sept à droite,77,0
25005,allez de cinquante-neuf à droite,59,0
25006,allez de soixante-dix-neuf à droite,79,0
25007,allez de dix-huit à droite,18,0
25008,allez de quarante-sept à droite,47,0
25009,allez de un à droite,1,0
25010,allez de quatre-vingt-dix-huit à droite,98,0
25011,allez de soixante-dix-sept à droite,77,0
25012,allez de vingt-huit à droite,28,0
25013,allez de dix-huit à droite,18,0
25014,allez de onze à droite,11,0
25015,allez de soixante-deux à droite,62,0
25016,allez de vingt-cinq à droite,25,0
25017,allez de quarante-six à droite,46,0
25018,allez de vingt-deux à droite,22,0
25019,allez de quatre-vingt-dix-huit à droite,98,0
25020,allez de cinquante-trois à droite,53,0
25021,allez de sept à droite,7,0
25022,allez de cinquante-six à droite,56,0
25023,allez de quatre-vingt-onze à droite,91,0
25024,allez de cinquante-cinq à droite,55,0
25025,allez de vingt-trois à droite,23,0
25026,allez de soixante-seize à droite,76,0
25027,allez de soixante-six à droite,66,0
25028,allez de cinquante-quatre à droite,54,0
25029,allez de un à droite,1,0
25030,allez de quarante-cinq à droite,45,0
25031,allez de neuf à droite,9,0
25032,allez de quarante-sept à droite,47,0
25033,allez de deux à droite,2,0
25034,allez de trente-six à droite,36,0
25035,allez de trois à droite,3,0
25036,allez de quatre-vingt-douze à droite,92,0
25037,allez de trente-quatre à droite,34,0
25038,allez de soixante et un à droite,61,0
25039,allez de soixante-quinze à droite,75,0
25040,allez de soixante-quatorze à droite,74,0
25041,allez de quatre-vingt-un à droite,81,0
25042,allez de soixante-quatorze à droite,74,0
25043,allez de quatre-vingt-dix-neuf à droite,99,0
25044,allez de quarante-quatre à droite,44,0
25045,allez de quarante-huit à droite,48,0
25046,allez de quatre-vingt-quinze à droite,95,0
25047,allez de huit à droite,8,0
25048,allez de quarante à droite,40,0
25049,allez de vingt-trois à droite,23,0
25050,allez de soixante-dix-huit à droite,78,0
25051,allez de quinze à droite,15,0
25052,allez de quatre-vingt-quatorze à droite,94,0
25053,allez de soixante-dix-sept à droite,77,0
25054,allez de sept à droite,7,0
25055,allez de soixante-quinze à droite,75,0
25056,allez de soixante à droite,60,0
25057,allez de quatre-vingt-dix-huit à droite,98,0
25058,allez de trente-sept à droite,37,0
25059,allez de quatre-vingt-neuf à droite,89,0
25060,allez de quatorze à droite,14,0
25061,allez de treize à droite,13,0
25062,allez de cinquante-trois à droite,53,0
25063,allez de deux à droite,2,0
25064,allez de trente-cinq à droite,35,0
25065,allez de soixante-dix à droite,70,0
25066,allez de soixante-seize à droite,76,0
25067,allez de vingt-cinq à droite,25,0
25068,allez de soixante-sept à droite,67,0
25069,allez de trente-quatre à droite,34,0
25070,allez de treize à droite,13,0
25071,allez de quatre-vingts à droite,80,0
25072,allez de soixante-dix-sept à droite,77,0
25073,allez de soixante-dix-neuf à droite,79,0
25074,allez de vingt-trois à droite,23,0
25075,allez de quatre-vingt-neuf à droite,89,0
25076,allez de soixante-six à droite,66,0
25077,allez de vingt-cinq à droite,25,0
25078,allez de treize à droite,13,0
25079,allez de trente-neuf à droite,39,0
25080,allez de quatre-vingt-quatorze à droite,94,0
25081,allez de deux à droite,2,0
25082,allez de trente-deux à droite,32,0
25083,allez de quatre-vingts à droite,80,0
25084,allez de trente-cinq à droite,35,0
25085,allez de cinquante-sept à droite,57,0
25086,allez de quatre-vingt-onze à droite,91,0
25087,allez de treize à droite,13,0
25088,allez de quarante à droite,40,0
25089,allez de six à droite,6,0
25090,allez de trente-cinq à droite,35,0
25091,allez de vingt-sept à droite,27,0
25092,allez de soixante et onze à droite,71,0
25093,allez de quatre-vingt-neuf à droite,89,0
25094,allez de soixante-dix-neuf à droite,79,0
25095,allez de soixante-quinze à droite,75,0
25096,allez de soixante-treize à droite,73,0
25097,allez de quatre-vingt-dix-sept à droite,97,0
25098,allez de vingt-quatre à droite,24,0
25099,allez de quarante et un à droite,41,0
25100,allez de cinquante-trois à droite,53,0
25101,allez de quarante-deux à droite,42,0
25102,allez de quatre-vingt-douze à droite,92,0
25103,allez de quatre-vingt-dix-sept à droite,97,0
25104,allez de soixante-sept à droite,67,0
25105,allez de soixante-deux à droite,62,0
25106,allez de cinquante-huit à droite,58,0
25107,allez de dix à droite,10,0
25108,allez de soixante-quinze à droite,75,0
25109,allez de quatre-vingt-onze à droite,91,0
25110,allez de quatre-vingt-neuf à droite,89,0
25111,allez de huit à droite,8,0
25112,allez de quatre-vingt-treize à droite,93,0
25113,allez de vingt-neuf à droite,29,0
25114,allez de quatre-vingt-treize à droite,93,0
25115,allez de douze à droite,12,0
25116,allez de soixante-quatre à droite,64,0
25117,allez de soixante-dix-neuf à droite,79,0
25118,allez de soixante-sept à droite,67,0
25119,allez de soixante et un à droite,61,0
25120,allez de trois à droite,3,0
25121,allez de quatre-vingt-neuf à droite,89,0
25122,allez de soixante-deux à droite,62,0
25123,allez de quatre-vingt-un à droite,81,0
25124,allez de dix-sept à droite,17,0
25125,allez de cinquante-cinq à droite,55,0
25126,allez de quarante-trois à droite,43,0
25127,allez de sept à droite,7,0
25128,allez de dix-neuf à droite,19,0
25129,allez de vingt-trois à droite,23,0
25130,allez de cinquante-deux à droite,52,0
25131,allez de huit à droite,8,0
25132,allez de cinquante-trois à droite,53,0
25133,allez de cinquante-huit à droite,58,0
25134,allez de trente-deux à droite,32,0
25135,allez de vingt-trois à droite,23,0
25136,allez de quatre-vingt-quinze à droite,95,0
25137,allez de soixante-cinq à droite,65,0
25138,allez de quatre-vingt-six à droite,86,0
25139,allez de quatre-vingt-treize à droite,93,0
25140,allez de cinq à droite,5,0
25141,allez de quatre à droite,4,0
25142,allez de cinq à droite,5,0
25143,allez de vingt-quatre à droite,24,0
25144,allez de cent à droite,100,0
25145,allez de trente-sept à droite,37,0
25146,allez de soixante-seize à droite,76,0
25147,allez de soixante-seize à droite,76,0
25148,allez de trente-sept à droite,37,0
25149,allez de quatre-vingt-dix-sept à droite,97,0
25150,allez de quarante-sept à droite,47,0
25151,allez de vingt et un à droite,21,0
25152,allez de soixante-deux à droite,62,0
25153,allez de trente-sept à droite,37,0
25154,allez de cinquante-quatre à droite,54,0
25155,allez de quarante-quatre à droite,44,0
25156,allez de neuf à droite,9,0
25157,allez de quarante-trois à droite,43,0
25158,allez de dix à droite,10,0
25159,allez de soixante-dix-sept à droite,77,0
25160,allez de soixante-dix-neuf à droite,79,0
25161,allez de trente-trois à droite,33,0
25162,allez de un à droite,1,0
25163,allez de soixante-dix à droite,70,0
25164,allez de soixante-deux à droite,62,0
25165,allez de dix-sept à droite,17,0
25166,allez de cinquante-six à droite,56,0
25167,allez de quatre-vingt-seize à droite,96,0
25168,allez de soixante-neuf à droite,69,0
25169,allez de soixante-huit à droite,68,0
25170,allez de quatre-vingt-quatorze à droite,94,0
25171,allez de vingt-trois à droite,23,0
25172,allez de quatre-vingt-un à droite,81,0
25173,allez de soixante-douze à droite,72,0
25174,allez de quatre-vingt-seize à droite,96,0
25175,allez de quatre-vingt-onze à droite,91,0
25176,allez de soixante et un à droite,61,0
25177,allez de quarante-six à droite,46,0
25178,allez de cinquante-neuf à droite,59,0
25179,allez de treize à droite,13,0
25180,allez de soixante-six à droite,66,0
25181,allez de vingt-neuf à droite,29,0
25182,allez de quatre-vingt-trois à droite,83,0
25183,allez de cinquante-trois à droite,53,0
25184,allez de quatre-vingt-dix à droite,90,0
25185,allez de soixante-sept à droite,67,0
25186,allez de quatre-vingt-dix-neuf à droite,99,0
25187,allez de quarante et un à droite,41,0
25188,allez de quatre-vingt-neuf à droite,89,0
25189,allez de douze à droite,12,0
25190,allez de vingt-trois à droite,23,0
25191,allez de quatre-vingt-quatorze à droite,94,0
25192,allez de cinquante à droite,50,0
25193,allez de quatre-vingt-dix-sept à droite,97,0
25194,allez de quarante-trois à droite,43,0
25195,allez de quatre-vingt-deux à droite,82,0
25196,allez de soixante-dix-sept à droite,77,0
25197,allez de six à droite,6,0
25198,allez de cinquante-six à droite,56,0
25199,allez de douze à droite,12,0
25200,allez de quinze à droite,15,0
25201,allez de quatre-vingt-cinq à droite,85,0
25202,allez de dix-huit à droite,18,0
25203,allez de onze à droite,11,0
25204,allez de cinquante-cinq à droite,55,0
25205,allez de quarante-neuf à droite,49,0
25206,allez de quatre-vingt-deux à droite,82,0
25207,allez de quarante et un à droite,41,0
25208,allez de quatre-vingt-huit à droite,88,0
25209,allez de trente et un à droite,31,0
25210,allez de soixante-dix à droite,70,0
25211,allez de trois à droite,3,0
25212,allez de soixante-deux à droite,62,0
25213,allez de cinquante-deux à droite,52,0
25214,allez de trente-neuf à droite,39,0
25215,allez de quatre-vingt-quinze à droite,95,0
25216,allez de soixante-quinze à droite,75,0
25217,allez de cinquante-quatre à droite,54,0
25218,allez de vingt-neuf à droite,29,0
25219,allez de quatre-vingt-onze à droite,91,0
25220,allez de quatre-vingt-dix-sept à droite,97,0
25221,allez de soixante-quatre à droite,64,0
25222,allez de soixante et un à droite,61,0
25223,allez de soixante-dix-sept à droite,77,0
25224,allez de un à droite,1,0
25225,allez de trente-huit à droite,38,0
25226,allez de vingt et un à droite,21,0
25227,allez de vingt-huit à droite,28,0
25228,allez de trente à droite,30,0
25229,allez de quatre à droite,4,0
25230,allez de cinquante-neuf à droite,59,0
25231,allez de quatre-vingt-douze à droite,92,0
25232,allez de douze à droite,12,0
25233,allez de soixante-sept à droite,67,0
25234,allez de cinq à droite,5,0
25235,allez de soixante-six à droite,66,0
25236,allez de quatre-vingts à droite,80,0
25237,allez de quatre-vingt-douze à droite,92,0
25238,allez de soixante-quinze à droite,75,0
25239,allez de soixante-douze à droite,72,0
25240,allez de quatre-vingt-dix-neuf à droite,99,0
25241,allez de trois à droite,3,0
25242,allez de trente-neuf à droite,39,0
25243,allez de trente-deux à droite,32,0
25244,allez de quatre-vingt-un à droite,81,0
25245,allez de soixante-dix à droite,70,0
25246,allez de vingt-huit à droite,28,0
25247,allez de vingt-deux à droite,22,0
25248,allez de quarante-cinq à droite,45,0
25249,allez de sept à droite,7,0
25250,allez de trente-six à droite,36,0
25251,allez de soixante et onze à droite,71,0
25252,allez de vingt-quatre à droite,24,0
25253,allez de dix-neuf à droite,19,0
25254,allez de cinquante-quatre à droite,54,0
25255,allez de dix à droite,10,0
25256,allez de douze à droite,12,0
25257,allez de trois à droite,3,0
25258,allez de dix à droite,10,0
25259,allez de vingt-cinq à droite,25,0
25260,allez de quarante-neuf à droite,49,0
25261,allez de quatre-vingt-douze à droite,92,0
25262,allez de dix-huit à droite,18,0
25263,allez de cent à droite,100,0
25264,allez de quarante-deux à droite,42,0
25265,allez de soixante-six à droite,66,0
25266,allez de seize à droite,16,0
25267,allez de cinq à droite,5,0
25268,allez de quatre-vingt-un à droite,81,0
25269,allez de trente-six à droite,36,0
25270,allez de seize à droite,16,0
25271,allez de dix à droite,10,0
25272,allez de cinquante-trois à droite,53,0
25273,allez de soixante-treize à droite,73,0
25274,allez de quarante-deux à droite,42,0
25275,allez de soixante-dix-neuf à droite,79,0
25276,allez de quatre-vingt-six à droite,86,0
25277,allez de cinquante-neuf à droite,59,0
25278,allez de quatre-vingt-dix-huit à droite,98,0
25279,allez de cinquante-cinq à droite,55,0
25280,allez de trente-cinq à droite,35,0
25281,allez de cinq à droite,5,0
25282,allez de onze à droite,11,0
25283,allez de trente-huit à droite,38,0
25284,allez de soixante-quatorze à droite,74,0
25285,allez de vingt et un à droite,21,0
25286,allez de quatre-vingt-deux à droite,82,0
25287,allez de quarante-huit à droite,48,0
25288,allez de quatre-vingt-dix-sept à droite,97,0
25289,allez de soixante-cinq à droite,65,0
25290,allez de soixante et un à droite,61,0
25291,allez de cinquante-huit à droite,58,0
25292,allez de quinze à droite,15,0
25293,allez de trente-quatre à droite,34,0
25294,allez de quarante-trois à droite,43,0
25295,allez de quatre à droite,4,0
25296,allez de vingt-trois à droite,23,0
25297,allez de soixante-dix-huit à droite,78,0
25298,allez de quatre-vingt-dix-sept à droite,97,0
25299,allez de neuf à droite,9,0
25300,allez de quatre-vingt-trois à droite,83,0
25301,allez de quarante à droite,40,0
25302,allez de soixante-dix-sept à droite,77,0
25303,allez de cinquante-huit à droite,58,0
25304,allez de quatre-vingt-seize à droite,96,0
25305,allez de vingt à droite,20,0
25306,allez de cinquante-sept à droite,57,0
25307,allez de soixante-quinze à droite,75,0
25308,allez de soixante-dix-huit à droite,78,0
25309,allez de soixante-quatre à droite,64,0
25310,allez de cinquante à droite,50,0
25311,allez de quarante à droite,40,0
25312,allez de quatre-vingts à droite,80,0
25313,allez de cinquante-six à droite,56,0
25314,allez de soixante et onze à droite,71,0
25315,allez de quatre-vingt-quatorze à droite,94,0
25316,allez de dix à droite,10,0
25317,allez de soixante-douze à droite,72,0
25318,allez de sept à droite,7,0
25319,allez de onze à droite,11,0
25320,allez de quarante-sept à droite,47,0
25321,allez de quatre-vingt-cinq à droite,85,0
25322,allez de dix-neuf à droite,19,0
25323,allez de vingt-huit à droite,28,0
25324,allez de soixante-quinze à droite,75,0
25325,allez de trente-sept à droite,37,0
25326,allez de douze à droite,12,0
25327,allez de trente à droite,30,0
25328,allez de cinquante à droite,50,0
25329,allez de soixante et un à droite,61,0
25330,allez de cinquante-quatre à droite,54,0
25331,allez de cinquante-huit à droite,58,0
25332,allez de soixante-cinq à droite,65,0
25333,allez de six à droite,6,0
25334,allez de trente-huit à droite,38,0
25335,allez de quatre-vingt-quinze à droite,95,0
25336,allez de quinze à droite,15,0
25337,allez de vingt-deux à droite,22,0
25338,allez de quarante à droite,40,0
25339,allez de cinquante-huit à droite,58,0
25340,allez de quatre-vingt-neuf à droite,89,0
25341,allez de quatre-vingt-trois à droite,83,0
25342,allez de soixante-douze à droite,72,0
25343,allez de soixante-deux à droite,62,0
25344,allez de quatre à droite,4,0
25345,allez de quatre-vingt-neuf à droite,89,0
25346,allez de soixante-six à droite,66,0
25347,allez de trente-sept à droite,37,0
25348,allez de quarante-neuf à droite,49,0
25349,allez de cinquante-quatre à droite,54,0
25350,allez de soixante-trois à droite,63,0
25351,allez de quatre-vingt-quatre à droite,84,0
25352,allez de quatre-vingt-quinze à droite,95,0
25353,allez de soixante-dix à droite,70,0
25354,allez de soixante-quatorze à droite,74,0
25355,allez de vingt-neuf à droite,29,0
25356,allez de soixante-dix-huit à droite,78,0
25357,allez de soixante à droite,60,0
25358,allez de dix-sept à droite,17,0
25359,allez de quatre-vingt-douze à droite,92,0
25360,allez de quatre-vingt-un à droite,81,0
25361,allez de deux à droite,2,0
25362,allez de vingt-six à droite,26,0
25363,allez de vingt-cinq à droite,25,0
25364,allez de soixante-douze à droite,72,0
25365,allez de quatre-vingt-quinze à droite,95,0
25366,allez de soixante-quinze à droite,75,0
25367,allez de cinquante-six à droite,56,0
25368,allez de treize à droite,13,0
25369,allez de quatre-vingt-quatorze à droite,94,0
25370,allez de quatre-vingt-dix à droite,90,0
25371,allez de vingt-cinq à droite,25,0
25372,allez de quarante-deux à droite,42,0
25373,allez de quatre-vingt-neuf à droite,89,0
25374,allez de quatre-vingt-treize à droite,93,0
25375,allez de soixante-dix-sept à droite,77,0
25376,allez de quinze à droite,15,0
25377,allez de quatre-vingts à droite,80,0
25378,allez de cinquante-trois à droite,53,0
25379,allez de sept à droite,7,0
25380,allez de treize à droite,13,0
25381,allez de quatre-vingt-sept à droite,87,0
25382,allez de trente-cinq à droite,35,0
25383,allez de cinquante-sept à droite,57,0
25384,allez de quarante-six à droite,46,0
25385,allez de quatre-vingt-onze à droite,91,0
25386,allez de vingt-huit à droite,28,0
25387,allez de quatre-vingt-douze à droite,92,0
25388,allez de cinquante-trois à droite,53,0
25389,allez de quatre-vingt-douze à droite,92,0
25390,allez de soixante-dix à droite,70,0
25391,allez de quatre-vingt-quinze à droite,95,0
25392,allez de soixante-dix à droite,70,0
25393,allez de soixante-huit à droite,68,0
25394,allez de trente-huit à droite,38,0
25395,allez de quarante-six à droite,46,0
25396,allez de quatre-vingt-seize à droite,96,0
25397,allez de vingt-six à droite,26,0
25398,allez de soixante-sept à droite,67,0
25399,allez de cinquante-cinq à droite,55,0
25400,allez de soixante-cinq à droite,65,0
25401,allez de soixante-dix-sept à droite,77,0
25402,allez de trente-cinq à droite,35,0
25403,allez de soixante-sept à droite,67,0
25404,allez de soixante-dix à droite,70,0
25405,allez de cinquante à droite,50,0
25406,allez de trente-cinq à droite,35,0
25407,allez de quatorze à droite,14,0
25408,allez de soixante-six à droite,66,0
25409,allez de soixante-trois à droite,63,0
25410,allez de quatre-vingt-dix-neuf à droite,99,0
25411,allez de vingt-huit à droite,28,0
25412,allez de quatre-vingt-un à droite,81,0
25413,allez de onze à droite,11,0
25414,allez de quarante et un à droite,41,0
25415,allez de soixante-dix-huit à droite,78,0
25416,allez de vingt-deux à droite,22,0
25417,allez de soixante-dix-neuf à droite,79,0
25418,allez de trois à droite,3,0
25419,allez de dix à droite,10,0
25420,allez de quatre-vingt-dix-neuf à droite,99,0
25421,allez de soixante à droite,60,0
25422,allez de quatre-vingt-trois à droite,83,0
25423,allez de soixante-dix à droite,70,0
25424,allez de douze à droite,12,0
25425,allez de trente-huit à droite,38,0
25426,allez de vingt-quatre à droite,24,0
25427,allez de quarante-six à droite,46,0
25428,allez de quatre-vingt-seize à droite,96,0
25429,allez de quinze à droite,15,0
25430,allez de quatre-vingt-neuf à droite,89,0
25431,allez de dix à droite,10,0
25432,allez de trente-trois à droite,33,0
25433,allez de soixante-six à droite,66,0
25434,allez de vingt et un à droite,21,0
25435,allez de huit à droite,8,0
25436,allez de quarante-deux à droite,42,0
25437,allez de quarante-sept à droite,47,0
25438,allez de quatre-vingt-cinq à droite,85,0
25439,allez de trente à droite,30,0
25440,allez de soixante-neuf à droite,69,0
25441,allez de quatre-vingt-onze à droite,91,0
25442,allez de vingt-deux à droite,22,0
25443,allez de huit à droite,8,0
25444,allez de cinquante-quatre à droite,54,0
25445,allez de quatre-vingts à droite,80,0
25446,allez de quarante-deux à droite,42,0
25447,allez de quatre-vingt-six à droite,86,0
25448,allez de soixante à droite,60,0
25449,allez de quarante à droite,40,0
25450,allez de soixante-seize à droite,76,0
25451,allez de vingt-sept à droite,27,0
25452,allez de quarante-six à droite,46,0
25453,allez de vingt-huit à droite,28,0
25454,allez de vingt-deux à droite,22,0
25455,allez de quatre-vingt-quatorze à droite,94,0
25456,allez de quatorze à droite,14,0
25457,allez de quatre-vingt-un à droite,81,0
25458,allez de trente et un à droite,31,0
25459,allez de quatre-vingt-six à droite,86,0
25460,allez de quatre-vingt-trois à droite,83,0
25461,allez de vingt-quatre à droite,24,0
25462,allez de quatorze à droite,14,0
25463,allez de soixante-huit à droite,68,0
25464,allez de cinquante à droite,50,0
25465,allez de vingt-sept à droite,27,0
25466,allez de vingt-six à droite,26,0
25467,allez de soixante-neuf à droite,69,0
25468,allez de vingt-neuf à droite,29,0
25469,allez de vingt-cinq à droite,25,0
25470,allez de soixante et onze à droite,71,0
25471,allez de soixante-trois à droite,63,0
25472,allez de quatre-vingt-treize à droite,93,0
25473,allez de soixante à droite,60,0
25474,allez de quatre-vingt-huit à droite,88,0
25475,allez de quatre-vingt-quatre à droite,84,0
25476,allez de soixante et onze à droite,71,0
25477,allez de quinze à droite,15,0
25478,allez de quatre-vingt-quinze à droite,95,0
25479,allez de cinquante-quatre à droite,54,0
25480,allez de quinze à droite,15,0
25481,allez de cinquante-cinq à droite,55,0
25482,allez de vingt-quatre à droite,24,0
25483,allez de cinquante à droite,50,0
25484,allez de soixante-huit à droite,68,0
25485,allez de huit à droite,8,0
25486,allez de soixante-dix à droite,70,0
25487,allez de un à droite,1,0
25488,allez de soixante et onze à droite,71,0
25489,allez de soixante-quinze à droite,75,0
25490,allez de soixante-huit à droite,68,0
25491,allez de cinquante à droite,50,0
25492,allez de soixante-dix à droite,70,0
25493,allez de cinquante-deux à droite,52,0
25494,allez de quatre-vingt-quatorze à droite,94,0
25495,allez de dix-sept à droite,17,0
25496,allez de soixante-deux à droite,62,0
25497,allez de trente-trois à droite,33,0
25498,allez de neuf à droite,9,0
25499,allez de soixante à droite,60,0
25500,allez de vingt-trois à droite,23,0
25501,allez de trente-six à droite,36,0
25502,allez de trente à droite,30,0
25503,allez de quatre-vingt-treize à droite,93,0
25504,allez de vingt-huit à droite,28,0
25505,allez de soixante-six à droite,66,0
25506,allez de dix-huit à droite,18,0
25507,allez de vingt-six à droite,26,0
25508,allez de cinquante-neuf à droite,59,0
25509,allez de dix-sept à droite,17,0
25510,allez de soixante-deux à droite,62,0
25511,allez de quarante à droite,40,0
25512,allez de vingt-neuf à droite,29,0
25513,allez de trente-neuf à droite,39,0
25514,allez de soixante-douze à droite,72,0
25515,allez de trente à droite,30,0
25516,allez de quatre-vingt-un à droite,81,0
25517,allez de trente à droite,30,0
25518,allez de soixante-quatorze à droite,74,0
25519,allez de quinze à droite,15,0
25520,allez de soixante-huit à droite,68,0
25521,allez de quatre à droite,4,0
25522,allez de cinquante à droite,50,0
25523,allez de treize à droite,13,0
25524,allez de cinquante-huit à droite,58,0
25525,allez de vingt-huit à droite,28,0
25526,allez de cinquante et un à droite,51,0
25527,allez de vingt-neuf à droite,29,0
25528,allez de quarante-deux à droite,42,0
25529,allez de trente-trois à droite,33,0
25530,allez de soixante à droite,60,0
25531,allez de trente-quatre à droite,34,0
25532,allez de quatre-vingt-dix à droite,90,0
25533,allez de soixante-deux à droite,62,0
25534,allez de soixante-dix-neuf à droite,79,0
25535,allez de vingt-deux à droite,22,0
25536,allez de trente-quatre à droite,34,0
25537,allez de six à droite,6,0
25538,allez de vingt-cinq à droite,25,0
25539,allez de trente et un à droite,31,0
25540,allez de soixante-neuf à droite,69,0
25541,allez de quatre-vingt-six à droite,86,0
25542,allez de quarante et un à droite,41,0
25543,allez de quatre-vingt-sept à droite,87,0
25544,allez de treize à droite,13,0
25545,allez de quarante-sept à droite,47,0
25546,allez de cinquante-six à droite,56,0
25547,allez de vingt-trois à droite,23,0
25548,allez de soixante-dix-neuf à droite,79,0
25549,allez de quarante-cinq à droite,45,0
25550,allez de quatre-vingt-onze à droite,91,0
25551,allez de quarante-neuf à droite,49,0
25552,allez de quatre-vingt-un à droite,81,0
25553,allez de neuf à droite,9,0
25554,allez de vingt-cinq à droite,25,0
25555,allez de vingt-deux à droite,22,0
25556,allez de soixante-quatorze à droite,74,0
25557,allez de treize à droite,13,0
25558,allez de quatre-vingt-dix-neuf à droite,99,0
25559,allez de vingt et un à droite,21,0
25560,allez de vingt-cinq à droite,25,0
25561,allez de quatre-vingt-douze à droite,92,0
25562,allez de quatre-vingt-dix à droite,90,0
25563,allez de trente-six à droite,36,0
25564,allez de soixante-treize à droite,73,0
25565,allez de quatre-vingt-sept à droite,87,0
25566,allez de quatre-vingt-neuf à droite,89,0
25567,allez de sept à droite,7,0
25568,allez de soixante-huit à droite,68,0
25569,allez de soixante-dix-neuf à droite,79,0
25570,allez de trente-cinq à droite,35,0
25571,allez de cinquante-trois à droite,53,0
25572,allez de trente-six à droite,36,0
25573,allez de quarante-sept à droite,47,0
25574,allez de soixante-quatorze à droite,74,0
25575,allez de cinquante-deux à droite,52,0
25576,allez de quarante et un à droite,41,0
25577,allez de quatre-vingt-quinze à droite,95,0
25578,allez de dix-neuf à droite,19,0
25579,allez de quatre-vingt-deux à droite,82,0
25580,allez de quatre-vingt-neuf à droite,89,0
25581,allez de quatre-vingt-sept à droite,87,0
25582,allez de quatre-vingt-cinq à droite,85,0
25583,allez de quatre-vingt-dix-neuf à droite,99,0
25584,allez de quatre-vingt-dix-huit à droite,98,0
25585,allez de soixante-quinze à droite,75,0
25586,allez de soixante-six à droite,66,0
25587,allez de dix-sept à droite,17,0
25588,allez de trente-cinq à droite,35,0
25589,allez de cent à droite,100,0
25590,allez de soixante-dix à droite,70,0
25591,allez de quarante-deux à droite,42,0
25592,allez de soixante-quatorze à droite,74,0
25593,allez de deux à droite,2,0
25594,allez de quatre-vingt-seize à droite,96,0
25595,allez de trente-sept à droite,37,0
25596,allez de soixante-douze à droite,72,0
25597,allez de cinquante à droite,50,0
25598,allez de cinquante-huit à droite,58,0
25599,allez de cinquante-neuf à droite,59,0
25600,allez de soixante-dix-neuf à droite,79,0
25601,allez de dix-huit à droite,18,0
25602,allez de quatre-vingt-dix à droite,90,0
25603,allez de trente-neuf à droite,39,0
25604,allez de vingt-cinq à droite,25,0
25605,allez de soixante-quinze à droite,75,0
25606,allez de vingt-sept à droite,27,0
25607,allez de cinquante-six à droite,56,0
25608,allez de quatre-vingt-cinq à droite,85,0
25609,allez de cinq à droite,5,0
25610,allez de quatre-vingt-dix-neuf à droite,99,0
25611,allez de onze à droite,11,0
25612,allez de vingt-cinq à droite,25,0
25613,allez de soixante-neuf à droite,69,0
25614,allez de soixante et onze à droite,71,0
25615,allez de vingt-quatre à droite,24,0
25616,allez de dix-sept à droite,17,0
25617,allez de cinquante-cinq à droite,55,0
25618,allez de soixante-cinq à droite,65,0
25619,allez de quatre-vingt-deux à droite,82,0
25620,allez de vingt-huit à droite,28,0
25621,allez de douze à droite,12,0
25622,allez de quarante-deux à droite,42,0
25623,allez de neuf à droite,9,0
25624,allez de dix-neuf à droite,19,0
25625,allez de soixante à droite,60,0
25626,allez de soixante-treize à droite,73,0
25627,allez de quatre-vingt-quatorze à droite,94,0
25628,allez de quatre-vingt-six à droite,86,0
25629,allez de soixante-treize à droite,73,0
25630,allez de soixante-treize à droite,73,0
25631,allez de un à droite,1,0
25632,allez de quatre-vingt-neuf à droite,89,0
25633,allez de quarante-trois à droite,43,0
25634,allez de cinquante à droite,50,0
25635,allez de quatre-vingt-quatorze à droite,94,0
25636,allez de soixante-huit à droite,68,0
25637,allez de soixante-neuf à droite,69,0
25638,allez de trente à droite,30,0
25639,allez de vingt et un à droite,21,0
25640,allez de trente-sept à droite,37,0
25641,allez de quatre-vingt-quatorze à droite,94,0
25642,allez de quatre-vingt-dix à droite,90,0
25643,allez de quatre-vingt-dix-sept à droite,97,0
25644,allez de quarante et un à droite,41,0
25645,allez de soixante et un à droite,61,0
25646,allez de quatre-vingt-sept à droite,87,0
25647,allez de cinquante-neuf à droite,59,0
25648,allez de vingt-quatre à droite,24,0
25649,allez de soixante et onze à droite,71,0
25650,allez de soixante et un à droite,61,0
25651,allez de soixante-cinq à droite,65,0
25652,allez de quatre-vingt-quatre à droite,84,0
25653,allez de trente-sept à droite,37,0
25654,allez de quarante-quatre à droite,44,0
25655,allez de onze à droite,11,0
25656,allez de soixante-dix-huit à droite,78,0
25657,allez de quatre-vingts à droite,80,0
25658,allez de trente à droite,30,0
25659,allez de soixante-quinze à droite,75,0
25660,allez de douze à droite,12,0
25661,allez de cinquante-huit à droite,58,0
25662,allez de soixante-sept à droite,67,0
25663,allez de soixante à droite,60,0
25664,allez de quatre-vingt-quatorze à droite,94,0
25665,allez de dix-huit à droite,18,0
25666,allez de quarante-cinq à droite,45,0
25667,allez de quatre-vingt-dix à droite,90,0
25668,allez de quatre-vingt-onze à droite,91,0
25669,allez de quarante-sept à droite,47,0
25670,allez de soixante-dix-sept à droite,77,0
25671,allez de soixante-deux à droite,62,0
25672,allez de treize à droite,13,0
25673,allez de trente et un à droite,31,0
25674,allez de quatre-vingt-treize à droite,93,0
25675,allez de vingt et un à droite,21,0
25676,allez de soixante et onze à droite,71,0
25677,allez de trente-quatre à droite,34,0
25678,allez de cinq à droite,5,0
25679,allez de soixante-neuf à droite,69,0
25680,allez de quatre-vingt-cinq à droite,85,0
25681,allez de trente à droite,30,0
25682,allez de vingt et un à droite,21,0
25683,allez de six à droite,6,0
25684,allez de onze à droite,11,0
25685,allez de quatre-vingt-dix-huit à droite,98,0
25686,allez de quarante-neuf à droite,49,0
25687,allez de soixante-seize à droite,76,0
25688,allez de cinquante-huit à droite,58,0
25689,allez de soixante-dix-sept à droite,77,0
25690,allez de soixante-douze à droite,72,0
25691,allez de vingt-six à droite,26,0
25692,allez de quatre-vingt-six à droite,86,0
25693,allez de quatre-vingt-un à droite,81,0
25694,allez de trois à droite,3,0
25695,allez de quatre-vingt-onze à droite,91,0
25696,allez de quatre-vingt-dix-neuf à droite,99,0
25697,allez de soixante-seize à droite,76,0
25698,allez de sept à droite,7,0
25699,allez de quatorze à droite,14,0
25700,allez de trente-cinq à droite,35,0
25701,allez de quinze à droite,15,0
25702,allez de soixante à droite,60,0
25703,allez de quarante-neuf à droite,49,0
25704,allez de vingt-cinq à droite,25,0
25705,allez de soixante-sept à droite,67,0
25706,allez de quatre-vingt-neuf à droite,89,0
25707,allez de vingt-quatre à droite,24,0
25708,allez de treize à droite,13,0
25709,allez de quatre-vingt-trois à droite,83,0
25710,allez de quatre-vingt-huit à droite,88,0
25711,allez de soixante-dix-neuf à droite,79,0
25712,allez de soixante-deux à droite,62,0
25713,allez de soixante-seize à droite,76,0
25714,allez de quatre à droite,4,0
25715,allez de quarante-cinq à droite,45,0
25716,allez de soixante-neuf à droite,69,0
25717,allez de trente-huit à droite,38,0
25718,allez de un à droite,1,0
25719,allez de trente-neuf à droite,39,0
25720,allez de cinquante-neuf à droite,59,0
25721,allez de vingt-sept à droite,27,0
25722,allez de quatre-vingt-quinze à droite,95,0
25723,allez de dix-neuf à droite,19,0
25724,allez de soixante-seize à droite,76,0
25725,allez de soixante à droite,60,0
25726,allez de quatre-vingt-quatre à droite,84,0
25727,allez de quatre-vingt-quatorze à droite,94,0
25728,allez de vingt-cinq à droite,25,0
25729,allez de quatre-vingt-treize à droite,93,0
25730,allez de cinquante-deux à droite,52,0
25731,allez de quatre-vingt-neuf à droite,89,0
25732,allez de cinquante-trois à droite,53,0
25733,allez de soixante-neuf à droite,69,0
25734,allez de soixante-cinq à droite,65,0
25735,allez de soixante-douze à droite,72,0
25736,allez de soixante-quatorze à droite,74,0
25737,allez de deux à droite,2,0
25738,allez de cinquante et un à droite,51,0
25739,allez de vingt-quatre à droite,24,0
25740,allez de quatre-vingt-sept à droite,87,0
25741,allez de quatre-vingt-dix-sept à droite,97,0
25742,allez de cinq à droite,5,0
25743,allez de quatre-vingt-neuf à droite,89,0
25744,allez de trente-trois à droite,33,0
25745,allez de vingt-huit à droite,28,0
25746,allez de quatre-vingt-quatre à droite,84,0
25747,allez de quarante-huit à droite,48,0
25748,allez de vingt-cinq à droite,25,0
25749,allez de vingt-quatre à droite,24,0
25750,allez de dix-neuf à droite,19,0
25751,allez de trente et un à droite,31,0
25752,allez de quatre-vingt-dix à droite,90,0
25753,allez de soixante-treize à droite,73,0
25754,allez de dix-sept à droite,17,0
25755,allez de quatre à droite,4,0
25756,allez de cinquante-quatre à droite,54,0
25757,allez de huit à droite,8,0
25758,allez de soixante-cinq à droite,65,0
25759,allez de trois à droite,3,0
25760,allez de quatre-vingt-cinq à droite,85,0
25761,allez de quatre à droite,4,0
25762,allez de huit à droite,8,0
25763,allez de trente à droite,30,0
25764,allez de quatre-vingt-quinze à droite,95,0
25765,allez de cinquante et un à droite,51,0
25766,allez de vingt-trois à droite,23,0
25767,allez de trente à droite,30,0
25768,allez de quatre à droite,4,0
25769,allez de quatre-vingt-neuf à droite,89,0
25770,allez de vingt-trois à droite,23,0
25771,allez de quarante-trois à droite,43,0
25772,allez de vingt-cinq à droite,25,0
25773,allez de vingt-neuf à droite,29,0
25774,allez de quatre-vingt-douze à droite,92,0
25775,allez de soixante-neuf à droite,69,0
25776,allez de dix-sept à droite,17,0
25777,allez de seize à droite,16,0
25778,allez de cinquante-cinq à droite,55,0
25779,allez de vingt-six à droite,26,0
25780,allez de quarante-six à droite,46,0
25781,allez de vingt-cinq à droite,25,0
25782,allez de cinquante-trois à droite,53,0
25783,allez de six à droite,6,0
25784,allez de sept à droite,7,0
25785,allez de onze à droite,11,0
25786,allez de trente-trois à droite,33,0
25787,allez de trente-sept à droite,37,0
25788,allez de quatre à droite,4,0
25789,allez de soixante-huit à droite,68,0
25790,allez de soixante-quatorze à droite,74,0
25791,allez de trente-sept à droite,37,0
25792,allez de quatre-vingt-dix-neuf à droite,99,0
25793,allez de quarante-sept à droite,47,0
25794,allez de quarante-deux à droite,42,0
25795,allez de cinquante et un à droite,51,0
25796,allez de cinquante et un à droite,51,0
25797,allez de quarante à droite,40,0
25798,allez de vingt et un à droite,21,0
25799,allez de quatre-vingt-quinze à droite,95,0
25800,allez de trente-huit à droite,38,0
25801,allez de vingt-huit à droite,28,0
25802,allez de quatre-vingt-treize à droite,93,0
25803,allez de vingt-cinq à droite,25,0
25804,allez de vingt-sept à droite,27,0
25805,allez de quatre-vingt-cinq à droite,85,0
25806,allez de quatre-vingt-dix-huit à droite,98,0
25807,allez de quarante et un à droite,41,0
25808,allez de cinquante à droite,50,0
25809,allez de quatre-vingt-douze à droite,92,0
25810,allez de dix-sept à droite,17,0
25811,allez de soixante-trois à droite,63,0
25812,allez de quatre-vingt-quatre à droite,84,0
25813,allez de quarante-cinq à droite,45,0
25814,allez de soixante-dix-huit à droite,78,0
25815,allez de soixante-quatorze à droite,74,0
25816,allez de cinquante-huit à droite,58,0
25817,allez de quatre-vingt-treize à droite,93,0
25818,allez de cinquante-trois à droite,53,0
25819,allez de trente-huit à droite,38,0
25820,allez de soixante-seize à droite,76,0
25821,allez de dix à droite,10,0
25822,allez de soixante-douze à droite,72,0
25823,allez de quatre-vingt-deux à droite,82,0
25824,allez de quarante-neuf à droite,49,0
25825,allez de soixante-dix-huit à droite,78,0
25826,allez de sept à droite,7,0
25827,allez de cinquante et un à droite,51,0
25828,allez de soixante-trois à droite,63,0
25829,allez de soixante-quatre à droite,64,0
25830,allez de quarante-cinq à droite,45,0
25831,allez de quarante-deux à droite,42,0
25832,allez de soixante-dix-neuf à droite,79,0
25833,allez de soixante-seize à droite,76,0
25834,allez de soixante à droite,60,0
25835,allez de quatre à droite,4,0
25836,allez de vingt-trois à droite,23,0
25837,allez de soixante-quatorze à droite,74,0
25838,allez de cinquante-quatre à droite,54,0
25839,allez de cinquante et un à droite,51,0
25840,allez de cinquante-six à droite,56,0
25841,allez de quatre-vingt-douze à droite,92,0
25842,allez de vingt-cinq à droite,25,0
25843,allez de soixante-dix à droite,70,0
25844,allez de trente et un à droite,31,0
25845,allez de trois à droite,3,0
25846,allez de quarante-six à droite,46,0
25847,allez de soixante-deux à droite,62,0
25848,allez de cinquante-deux à droite,52,0
25849,allez de quatre-vingt-un à droite,81,0
25850,allez de quatre-vingt-douze à droite,92,0
25851,allez de vingt-trois à droite,23,0
25852,allez de quarante et un à droite,41,0
25853,allez de trente et un à droite,31,0
25854,allez de quatre-vingt-seize à droite,96,0
25855,allez de vingt-huit à droite,28,0
25856,allez de quarante-neuf à droite,49,0
25857,allez de quatre-vingt-sept à droite,87,0
25858,allez de cinquante-huit à droite,58,0
25859,allez de soixante-neuf à droite,69,0
25860,allez de vingt à droite,20,0
25861,allez de quatre-vingt-quinze à droite,95,0
25862,allez de seize à droite,16,0
25863,allez de soixante-quinze à droite,75,0
25864,allez de quarante et un à droite,41,0
25865,allez de trente-quatre à droite,34,0
25866,allez de sept à droite,7,0
25867,allez de quarante-huit à droite,48,0
25868,allez de cinquante-neuf à droite,59,0
25869,allez de quarante-huit à droite,48,0
25870,allez de quatre-vingt-dix-sept à droite,97,0
25871,allez de quarante-cinq à droite,45,0
25872,allez de quatorze à droite,14,0
25873,allez de cinquante-deux à droite,52,0
25874,allez de soixante à droite,60,0
25875,allez de quatre-vingt-six à droite,86,0
25876,allez de soixante-quinze à droite,75,0
25877,allez de huit à droite,8,0
25878,allez de trente-cinq à droite,35,0
25879,allez de soixante-quinze à droite,75,0
25880,allez de vingt et un à droite,21,0
25881,allez de quatre à droite,4,0
25882,allez de cinquante-neuf à droite,59,0
25883,allez de soixante et un à droite,61,0
25884,allez de soixante-dix-neuf à droite,79,0
25885,allez de soixante-sept à droite,67,0
25886,allez de quatre-vingt-deux à droite,82,0
25887,allez de quarante-quatre à droite,44,0
25888,allez de quatre-vingt-deux à droite,82,0
25889,allez de quatre-vingt-huit à droite,88,0
25890,allez de vingt-sept à droite,27,0
25891,allez de vingt-trois à droite,23,0
25892,allez de trente-six à droite,36,0
25893,allez de quatre-vingt-deux à droite,82,0
25894,allez de quinze à droite,15,0
25895,allez de soixante-dix-sept à droite,77,0
25896,allez de trente-quatre à droite,34,0
25897,allez de cinquante à droite,50,0
25898,allez de trente à droite,30,0
25899,allez de trente-huit à droite,38,0
25900,allez de trente-trois à droite,33,0
25901,allez de cent à droite,100,0
25902,allez de quatre-vingt-quatre à droite,84,0
25903,allez de cinq à droite,5,0
25904,allez de cinq à droite,5,0
25905,allez de trente-neuf à droite,39,0
25906,allez de cinquante-deux à droite,52,0
25907,allez de un à droite,1,0
25908,allez de quatre-vingt-trois à droite,83,0
25909,allez de vingt-cinq à droite,25,0
25910,allez de seize à droite,16,0
25911,allez de quatre-vingt-un à droite,81,0
25912,allez de vingt-trois à droite,23,0
25913,allez de soixante-quatre à droite,64,0
25914,allez de trente-trois à droite,33,0
25915,allez de quatre-vingt-quatorze à droite,94,0
25916,allez de quatre-vingts à droite,80,0
25917,allez de vingt-six à droite,26,0
25918,allez de soixante-dix-sept à droite,77,0
25919,allez de quatre-vingts à droite,80,0
25920,allez de quatre-vingt-dix-neuf à droite,99,0
25921,allez de quarante-sept à droite,47,0
25922,allez de quarante-quatre à droite,44,0
25923,allez de quarante-sept à droite,47,0
25924,allez de trente-huit à droite,38,0
25925,allez de cent à droite,100,0
25926,allez de quarante à droite,40,0
25927,allez de trente-neuf à droite,39,0
25928,allez de vingt-neuf à droite,29,0
25929,allez de trente-cinq à droite,35,0
25930,allez de soixante-quatorze à droite,74,0
25931,allez de quatre-vingt-six à droite,86,0
25932,allez de soixante et un à droite,61,0
25933,allez de cinquante-neuf à droite,59,0
25934,allez de cinquante-neuf à droite,59,0
25935,allez de cent à droite,100,0
25936,allez de deux à droite,2,0
25937,allez de soixante-cinq à droite,65,0
25938,allez de cinquante à droite,50,0
25939,allez de trente-six à droite,36,0
25940,allez de soixante-huit à droite,68,0
25941,allez de soixante-dix-huit à droite,78,0
25942,allez de dix-neuf à droite,19,0
25943,allez de quarante à droite,40,0
25944,allez de cinquante-six à droite,56,0
25945,allez de neuf à droite,9,0
25946,allez de trente et un à droite,31,0
25947,allez de vingt et un à droite,21,0
25948,allez de quatre-vingt-dix-sept à droite,97,0
25949,allez de quarante-trois à droite,43,0
25950,allez de trente-deux à droite,32,0
25951,allez de trente-trois à droite,33,0
25952,allez de soixante-trois à droite,63,0
25953,allez de vingt-neuf à droite,29,0
25954,allez de soixante-deux à droite,62,0
25955,allez de quarante-huit à droite,48,0
25956,allez de trente à droite,30,0
25957,allez de trente-neuf à droite,39,0
25958,allez de quarante et un à droite,41,0
25959,allez de soixante-huit à droite,68,0
25960,allez de soixante et un à droite,61,0
25961,allez de cinquante à droite,50,0
25962,allez de quatre-vingt-seize à droite,96,0
25963,allez de soixante-douze à droite,72,0
25964,allez de quatre-vingt-dix-sept à droite,97,0
25965,allez de quarante-deux à droite,42,0
25966,allez de soixante-six à droite,66,0
25967,allez de trente-neuf à droite,39,0
25968,allez de soixante-sept à droite,67,0
25969,allez de soixante-neuf à droite,69,0
25970,allez de treize à droite,13,0
25971,allez de trente-neuf à droite,39,0
25972,allez de un à droite,1,0
25973,allez de trente-deux à droite,32,0
25974,allez de soixante et un à droite,61,0
25975,allez de vingt-quatre à droite,24,0
25976,allez de quatre-vingt-huit à droite,88,0
25977,allez de soixante-cinq à droite,65,0
25978,allez de cinquante-sept à droite,57,0
25979,allez de dix-sept à droite,17,0
25980,allez de huit à droite,8,0
25981,allez de quatre-vingt-treize à droite,93,0
25982,allez de quatre-vingt-neuf à droite,89,0
25983,allez de six à droite,6,0
25984,allez de soixante et onze à droite,71,0
25985,allez de quatre-vingt-treize à droite,93,0
25986,allez de soixante à droite,60,0
25987,allez de vingt-neuf à droite,29,0
25988,allez de cinquante-deux à droite,52,0
25989,allez de trente-sept à droite,37,0
25990,allez de soixante-dix à droite,70,0
25991,allez de seize à droite,16,0
25992,allez de soixante-quinze à droite,75,0
25993,allez de quatre-vingt-douze à droite,92,0
25994,allez de quatre-vingt-dix à droite,90,0
25995,allez de quatre-vingt-huit à droite,88,0
25996,allez de trente-huit à droite,38,0
25997,allez de quarante-deux à droite,42,0
25998,allez de cent à droite,100,0
25999,allez de quatre-vingt-quatre à droite,84,0
26000,montez de un,0,1
26001,montez de trente,0,30
26002,montez de soixante-dix,0,70
26003,montez de soixante-neuf,0,69
26004,montez de quatre-vingt-treize,0,93
26005,montez de soixante-dix-huit,0,78
26006,montez de cinquante-six,0,56
26007,montez de quatre-vingt-deux,0,82
26008,montez de trente-cinq,0,35
26009,montez de soixante-neuf,0,69
26010,montez de trois,0,3
26011,montez de soixante et un,0,61
26012,montez de cinquante et un,0,51
26013,montez de vingt,0,20
26014,montez de cinquante-trois,0,53
26015,montez de quatre-vingts,0,80
26016,montez de soixante-quatre,0,64
26017,montez de quatre-vingt-cinq,0,85
26018,montez de six,0,6
26019,montez de vingt-quatre,0,24
26020,montez de soixante-seize,0,76
26021,montez de dix,0,10
26022,montez de soixante-dix,0,70
26023,montez de neuf,0,9
26024,montez de quarante-huit,0,48
26025,montez de soixante-neuf,0,69
26026,montez de soixante-deux,0,62
26027,montez de quatre-vingt-deux,0,82
26028,montez de vingt-deux,0,22
26029,montez de soixante-dix-huit,0,78
26030,montez de quatre-vingt-treize,0,93
26031,montez de quarante et un,0,41
26032,montez de cinquante-sept,0,57
26033,montez de quatre-vingts,0,80
26034,montez de trente-cinq,0,35
26035,montez de quarante-huit,0,48
26036,montez de dix-neuf,0,19
26037,montez de un,0,1
26038,montez de dix,0,10
26039,montez de quatre-vingt-seize,0,96
26040,montez de vingt-neuf,0,29
26041,montez de cinquante-six,0,56
26042,montez de vingt,0,20
26043,montez de soixante-douze,0,72
26044,montez de cinquante-huit,0,58
26045,montez de dix,0,10
26046,montez de cinquante et un,0,51
26047,montez de vingt-six,0,26
26048,montez de quatre-vingt-treize,0,93
26049,montez de trente-huit,0,38
26050,montez de deux,0,2
26051,montez de soixante-quinze,0,75
26052,montez de seize,0,16
26053,montez de soixante-quatorze,0,74
26054,montez de soixante-seize,0,76
26055,montez de vingt-trois,0,23
26056,montez de trente-deux,0,32
26057,montez de dix-neuf,0,19
26058,montez de treize,0,13
26059,montez de soixante-neuf,0,69
26060,montez de douze,0,12
26061,montez de trente-sept,0,37
26062,montez de soixante-dix-huit,0,78
26063,montez de soixante-sept,0,67
26064,montez de cinquante,0,50
26065,montez de sept,0,7
26066,montez de quatre-vingt-huit,0,88
26067,montez de quatre-vingt-huit,0,88
26068,montez de soixante-treize,0,73
26069,montez de soixante-deux,0,62
26070,montez de quarante-trois,0,43
26071,montez de vingt-deux,0,22
26072,montez de dix,0,10
26073,montez de quatre-vingt-quinze,0,95
26074,montez de vingt-trois,0,23
26075,montez de soixante-sept,0,67
26076,montez de trente-quatre,0,34
26077,montez de soixante-deux,0,62
26078,montez de cinquante,0,50
26079,montez de quatre-vingt-cinq,0,85
26080,montez de quatre-vingt-quatre,0,84
26081,montez de cinquante-trois,0,53
26082,montez de cinquante-huit,0,58
26083,montez de vingt-cinq,0,25
26084,montez de dix-neuf,0,19
26085,montez de cinquante-trois,0,53
26086,montez de quatre-vingt-quinze,0,95
26087,montez de quarante et un,0,41
26088,montez de quatre,0,4
26089,montez de vingt-neuf,0,29
26090,montez de quarante-deux,0,42
26091,montez de soixante-deux,0,62
26092,montez de vingt et un,0,21
26093,montez de cinq,0,5
26094,montez de cinquante-neuf,0,59
26095,montez de quinze,0,15
26096,montez de quatre-vingts,0,80
26097,montez de soixante-cinq,0,65
26098,montez de quatre-vingt-quinze,0,95
26099,montez de deux,0,2
26100,montez de trente,0,30
26101,montez de quarante-quatre,0,44
26102,montez de sept,0,7
26103,montez de vingt-six,0,26
26104,montez de soixante-quatorze,0,74
26105,montez de quatre,0,4
26106,montez de dix-neuf,0,19
26107,montez de vingt-cinq,0,25
26108,montez de soixante-deux,0,62
26109,montez de cinquante et un,0,51
26110,montez de huit,0,8
26111,montez de quarante,0,40
26112,montez de soixante-treize,0,73
26113,montez de cinquante,0,50
26114,montez de soixante-huit,0,68
26115,montez de soixante-cinq,0,65
26116,montez de soixante-six,0,66
26117,montez de cinquante-neuf,0,59
26118,montez de quatre-vingt-dix-huit,0,98
26119,montez de quarante,0,40
26120,montez de vingt-cinq,0,25
26121,montez de seize,0,16
26122,montez de soixante-dix,0,70
26123,montez de quarante-trois,0,43
26124,montez de quarante-sept,0,47
26125,montez de quarante-huit,0,48
26126,montez de trente et un,0,31
26127,montez de sept,0,7
26128,montez de soixante-cinq,0,65
26129,montez de soixante et un,0,61
26130,montez de vingt-huit,0,28
26131,montez de soixante-neuf,0,69
26132,montez de cinquante-quatre,0,54
26133,montez de quatre-vingt-douze,0,92
26134,montez de trente-six,0,36
26135,montez de dix,0,10
26136,montez de quatre-vingt-deux,0,82
26137,montez de cinquante,0,50
26138,montez de quatre-vingt-dix,0,90
26139,montez de vingt-sept,0,27
26140,montez de trente-quatre,0,34
26141,montez de quatre-vingt-huit,0,88
26142,montez de cinquante-deux,0,52
26143,montez de cinquante-sept,0,57
26144,montez de quarante-six,0,46
26145,montez de quarante et un,0,41
26146,montez de quatre-vingt-quinze,0,95
26147,montez de quatre-vingt-douze,0,92
26148,montez de quatre-vingts,0,80
26149,montez de soixante-cinq,0,65
26150,montez de soixante-dix-huit,0,78
26151,montez de quatre-vingt-treize,0,93
26152,montez de cinquante-trois,0,53
26153,montez de cinquante-neuf,0,59
26154,montez de quatre-vingt-huit,0,88
26155,montez de trente-cinq,0,35
26156,montez de trente-six,0,36
26157,montez de quatorze,0,14
26158,montez de vingt-cinq,0,25
26159,montez de soixante-sept,0,67
26160,montez de quatre-vingt-onze,0,91
26161,montez de quarante-quatre,0,44
26162,montez de soixante,0,60
26163,montez de quatre-vingt-onze,0,91
26164,montez de quatre-vingt-quatre,0,84
26165,montez de quatre-vingt-trois,0,83
26166,montez de cinquante-sept,0,57
26167,montez de vingt-six,0,26
26168,montez de six,0,6
26169,montez de soixante-quatorze,0,74
26170,montez de quarante-six,0,46
26171,montez de quarante-cinq,0,45
26172,montez de soixante-seize,0,76
26173,montez de trente-quatre,0,34
26174,montez de quarante-huit,0,48
26175,montez de trente-quatre,0,34
26176,montez de trente-quatre,0,34
26177,montez de huit,0,8
26178,montez de douze,0,12
26179,montez de dix-neuf,0,19
26180,montez de quatre-vingt-seize,0,96
26181,montez de quarante et un,0,41
26182,montez de quatre-vingt-quatre,0,84
26183,montez de soixante-quatre,0,64
26184,montez de quatre-vingt-dix-huit,0,98
26185,montez de trente-deux,0,32
26186,montez de trente-sept,0,37
26187,montez de sept,0,7
26188,montez de trois,0,3
26189,montez de trente-quatre,0,34
26190,montez de quatre-vingt-sept,0,87
26191,montez de quatre-vingt-huit,0,88
26192,montez de quarante et un,0,41
26193,montez de quatre-vingt-treize,0,93
26194,montez de trente-cinq,0,35
26195,montez de deux,0,2
26196,montez de neuf,0,9
26197,montez de soixante-dix-sept,0,77
26198,montez de seize,0,16
26199,montez de soixante-quatorze,0,74
26200,montez de quatre-vingt-treize,0,93
26201,montez de quarante-six,0,46
26202,montez de soixante-dix,0,70
26203,montez de cinquante et un,0,51
26204,montez de cinquante-six,0,56
26205,montez de soixante-quatorze,0,74
26206,montez de quatre-vingt-deux,0,82
26207,montez de soixante,0,60
26208,montez de quatre-vingt-quatre,0,84
26209,montez de quatre-vingt-huit,0,88
26210,montez de cinquante et un,0,51
26211,montez de trente-deux,0,32
26212,montez de cent,0,100
26213,montez de trente-trois,0,33
26214,montez de cinquante et un,0,51
26215,montez de vingt-trois,0,23
26216,montez de soixante-quatre,0,64
26217,montez de quatre-vingt-un,0,81
26218,montez de dix-huit,0,18
26219,montez de trente-trois,0,33
26220,montez de soixante et un,0,61
26221,montez de trente-deux,0,32
26222,montez de trente,0,30
26223,montez de deux,0,2
26224,montez de cinquante-quatre,0,54
26225,montez de quarante et un,0,41
26226,montez de trente-huit,0,38
26227,montez de soixante-seize,0,76
26228,montez de quarante-quatre,0,44
26229,montez de quatre-vingt-huit,0,88
26230,montez de cinquante-deux,0,52
26231,montez de dix-neuf,0,19
26232,montez de soixante-treize,0,73
26233,montez de trente-trois,0,33
26234,montez de quatre,0,4
26235,montez de huit,0,8
26236,montez de trente-huit,0,38
26237,montez de quatre-vingt-deux,0,82
26238,montez de vingt,0,20
26239,montez de quarante-quatre,0,44
26240,montez de onze,0,11
26241,montez de vingt-neuf,0,29
26242,montez de neuf,0,9
26243,montez de quarante-huit,0,48
26244,montez de cinquante-cinq,0,55
26245,montez de trente et un,0,31
26246,montez de quatre,0,4
26247,montez de dix,0,10
26248,montez de vingt-cinq,0,25
26249,montez de quatre-vingt-seize,0,96
26250,montez de soixante et un,0,61
26251,montez de vingt-sept,0,27
26252,montez de quarante-deux,0,42
26253,montez de soixante-sept,0,67
26254,montez de dix-neuf,0,19
26255,montez de quarante et un,0,41
26256,montez de quarante-six,0,46
26257,montez de quatre-vingt-dix,0,90
26258,montez de cinquante-sept,0,57
26259,montez de quatre-vingt-onze,0,91
26260,montez de quarante-huit,0,48
26261,montez de quatre-vingt-deux,0,82
26262,montez de trente-six,0,36
26263,montez de treize,0,13
26264,montez de cinquante-cinq,0,55
26265,montez de dix-sept,0,17
26266,montez de vingt-sept,0,27
26267,montez de soixante-huit,0,68
26268,montez de quarante,0,40
26269,montez de quatre,0,4
26270,montez de cinq,0,5
26271,montez de quarante-trois,0,43
26272,montez de cinquante,0,50
26273,montez de trente-cinq,0,35
26274,montez de soixante-dix-sept,0,77
26275,montez de cinquante,0,50
26276,montez de quatre-vingt-sept,0,87
26277,montez de vingt-neuf,0,29
26278,montez de quarante,0,40
26279,montez de trente-trois,0,33
26280,montez de cent,0,100
26281,montez de quatre-vingt-huit,0,88
26282,montez de quatre-vingt-dix-sept,0,97
26283,montez de vingt-quatre,0,24
26284,montez de onze,0,11
26285,montez de quarante-trois,0,43
26286,montez de vingt-cinq,0,25
26287,montez de cinquante-six,0,56
26288,montez de cinquante-neuf,0,59
26289,montez de cinquante-deux,0,52
26290,montez de un,0,1
26291,montez de quarante-deux,0,42
26292,montez de soixante-dix-neuf,0,79
26293,montez de cinquante-sept,0,57
26294,montez de cent,0,100
26295,montez de sept,0,7
26296,montez de cinquante-neuf,0,59
26297,montez de quatre-vingt-huit,0,88
26298,montez de quarante,0,40
26299,montez de vingt-deux,0,22
26300,montez de dix-huit,0,18
26301,montez de quatre-vingt-seize,0,96
26302,montez de trente et un,0,31
26303,montez de quarante-quatre,0,44
26304,montez de cent,0,100
26305,montez de quatre-vingt-dix-huit,0,98
26306,montez de vingt-six,0,26
26307,montez de deux,0,2
26308,montez de soixante-dix-sept,0,77
26309,montez de quatre-vingt-trois,0,83
26310,montez de soixante-huit,0,68
26311,montez de soixante-quatre,0,64
26312,montez de quatre-vingt-six,0,86
26313,montez de dix,0,10
26314,montez de quatre-vingt-seize,0,96
26315,montez de quatre-vingt-huit,0,88
26316,montez de vingt-quatre,0,24
26317,montez de huit,0,8
26318,montez de quarante-six,0,46
26319,montez de quarante,0,40
26320,montez de soixante-quatre,0,64
26321,montez de dix,0,10
26322,montez de quatre-vingt-neuf,0,89
26323,montez de quatre-vingt-treize,0,93
26324,montez de quarante-trois,0,43
26325,montez de cinquante-quatre,0,54
26326,montez de trente et un,0,31
26327,montez de huit,0,8
26328,montez de soixante et onze,0,71
26329,montez de quatre-vingt-trois,0,83
26330,montez de soixante-deux,0,62
26331,montez de quarante-quatre,0,44
26332,montez de quatorze,0,14
26333,montez de quarante,0,40
26334,montez de huit,0,8
26335,montez de quatre-vingt-seize,0,96
26336,montez de vingt et un,0,21
26337,montez de dix-sept,0,17
26338,montez de quarante-huit,0,48
26339,montez de quarante,0,40
26340,montez de soixante-sept,0,67
26341,montez de quatre-vingt-quatre,0,84
26342,montez de quatre-vingt-quatorze,0,94
26343,montez de trente-deux,0,32
26344,montez de quatre-vingt-deux,0,82
26345,montez de quarante,0,40
26346,montez de quatre-vingt-treize,0,93
26347,montez de cinquante-deux,0,52
26348,montez de dix-sept,0,17
26349,montez de quatre-vingt-treize,0,93
26350,montez de huit,0,8
26351,montez de treize,0,13
26352,montez de treize,0,13
26353,montez de seize,0,16
26354,montez de quatre-vingt-cinq,0,85
26355,montez de vingt-sept,0,27
26356,montez de quarante-cinq,0,45
26357,montez de cinq,0,5
26358,montez de cinq,0,5
26359,montez de quatre-vingt-dix-neuf,0,99
26360,montez de cinquante,0,50
26361,montez de quarante-trois,0,43
26362,montez de trente-trois,0,33
26363,montez de cinquante,0,50
26364,montez de dix-huit,0,18
26365,montez de quarante-trois,0,43
26366,montez de quinze,0,15
26367,montez de quatre-vingt-quinze,0,95
26368,montez de quatre-vingt-trois,0,83
26369,montez de quatre-vingt-dix-sept,0,97
26370,montez de soixante-huit,0,68
26371,montez de cinquante-quatre,0,54
26372,montez de quarante,0,40
26373,montez de vingt-cinq,0,25
26374,montez de quatre-vingt-seize,0,96
26375,montez de vingt-deux,0,22
26376,montez de cinquante-cinq,0,55
26377,montez de quatre-vingt-un,0,81
26378,montez de soixante-quinze,0,75
26379,montez de quarante-quatre,0,44
26380,montez de cinquante,0,50
26381,montez de dix,0,10
26382,montez de quatre-vingts,0,80
26383,montez de soixante-cinq,0,65
26384,montez de quatre-vingt-onze,0,91
26385,montez de quatre-vingt-six,0,86
26386,montez de vingt-quatre,0,24
26387,montez de dix-neuf,0,19
26388,montez de quarante-trois,0,43
26389,montez de vingt-trois,0,23
26390,montez de quinze,0,15
26391,montez de vingt,0,20
26392,montez de soixante-quatre,0,64
26393,montez de soixante-dix-huit,0,78
26394,montez de cinquante-huit,0,58
26395,montez de cinquante-trois,0,53
26396,montez de vingt-huit,0,28
26397,montez de soixante-cinq,0,65
26398,montez de quatre-vingt-dix-huit,0,98
26399,montez de soixante-dix-neuf,0,79
26400,montez de trente et un,0,31
26401,montez de quatorze,0,14
26402,montez de treize,0,13
26403,montez de quatre-vingt-deux,0,82
26404,montez de dix-neuf,0,19
26405,montez de soixante-dix-sept,0,77
26406,montez de vingt,0,20
26407,montez de cinquante-six,0,56
26408,montez de quatre-vingt-quatre,0,84
26409,montez de soixante-dix,0,70
26410,montez de quatre-vingt-deux,0,82
26411,montez de vingt-trois,0,23
26412,montez de onze,0,11
26413,montez de quatre-vingt-huit,0,88
26414,montez de quarante et un,0,41
26415,montez de soixante-quatorze,0,74
26416,montez de vingt-quatre,0,24
26417,montez de quatre-vingt-dix-neuf,0,99
26418,montez de trente et un,0,31
26419,montez de cinquante-six,0,56
26420,montez de dix-neuf,0,19
26421,montez de trente-huit,0,38
26422,montez de trente,0,30
26423,montez de six,0,6
26424,montez de vingt-trois,0,23
26425,montez de quatre-vingt-dix,0,90
26426,montez de soixante et un,0,61
26427,montez de trente-trois,0,33
26428,montez de trente-trois,0,33
26429,montez de soixante-neuf,0,69
26430,montez de quatre-vingt-douze,0,92
26431,montez de quarante-quatre,0,44
26432,montez de quatre-vingt-douze,0,92
26433,montez de cinq,0,5
26434,montez de quarante-sept,0,47
26435,montez de cinquante-cinq,0,55
26436,montez de soixante-six,0,66
26437,montez de cinquante-trois,0,53
26438,montez de trente-deux,0,32
26439,montez de trente,0,30
26440,montez de soixante-treize,0,73
26441,montez de quatorze,0,14
26442,montez de quatre,0,4
26443,montez de quatre-vingt-un,0,81
26444,montez de cent,0,100
26445,montez de quinze,0,15
26446,montez de deux,0,2
26447,montez de quatre-vingt-huit,0,88
26448,montez de dix-sept,0,17
26449,montez de trente-six,0,36
26450,montez de vingt,0,20
26451,montez de un,0,1
26452,montez de quatre-vingt-douze,0,92
26453,montez de quatre-vingt-douze,0,92
26454,montez de quatre-vingt-quatorze,0,94
26455,montez de cinquante-deux,0,52
26456,montez de cinquante-huit,0,58
26457,montez de soixante-quinze,0,75
26458,montez de quarante-cinq,0,45
26459,montez de quatre-vingt-quinze,0,95
26460,montez de vingt-huit,0,28
26461,montez de quatre-vingt-quinze,0,95
26462,montez de treize,0,13
26463,montez de quarante-six,0,46
26464,montez de huit,0,8
26465,montez de treize,0,13
26466,montez de cinquante-quatre,0,54
26467,montez de quarante-cinq,0,45
26468,montez de soixante-douze,0,72
26469,montez de dix-neuf,0,19
26470,montez de un,0,1
26471,montez de soixante et onze,0,71
26472,montez de trente-deux,0,32
26473,montez de quatre-vingt-treize,0,93
26474,montez de quatre-vingt-quatorze,0,94
26475,montez de dix,0,10
26476,montez de quatre-vingt-onze,0,91
26477,montez de soixante-sept,0,67
26478,montez de cinquante-quatre,0,54
26479,montez de trente-neuf,0,39
26480,montez de soixante-treize,0,73
26481,montez de cent,0,100
26482,montez de soixante-neuf,0,69
26483,montez de vingt-trois,0,23
26484,montez de quatre-vingt-quinze,0,95
26485,montez de onze,0,11
26486,montez de soixante-seize,0,76
26487,montez de cinquante,0,50
26488,montez de soixante-huit,0,68
26489,montez de six,0,6
26490,montez de cinquante,0,50
26491,montez de soixante et onze,0,71
26492,montez de soixante-neuf,0,69
26493,montez de soixante,0,60
26494,montez de vingt-cinq,0,25
26495,montez de soixante-cinq,0,65
26496,montez de quarante et un,0,41
26497,montez de cent,0,100
26498,montez de deux,0,2
26499,montez de soixante-quatre,0,64
26500,montez de soixante-dix-sept,0,77
26501,montez de quatre-vingt-dix,0,90
26502,montez de soixante,0,60
26503,montez de quinze,0,15
26504,montez de soixante et onze,0,71
26505,montez de quatre-vingt-trois,0,83
26506,montez de vingt-cinq,0,25
26507,montez de vingt-deux,0,22
26508,montez de soixante-treize,0,73
26509,montez de quatre-vingt-dix,0,90
26510,montez de seize,0,16
26511,montez de soixante-seize,0,76
26512,montez de huit,0,8
26513,montez de quatre-vingt-dix,0,90
26514,montez de cinquante,0,50
26515,montez de huit,0,8
26516,montez de seize,0,16
26517,montez de trente,0,30
26518,montez de trente-neuf,0,39
26519,montez de quatre-vingt-dix-neuf,0,99
26520,montez de trente-cinq,0,35
26521,montez de quatre-vingt-sept,0,87
26522,montez de quatre-vingt-huit,0,88
26523,montez de quatre-vingt-huit,0,88
26524,montez de quatre-vingt-un,0,81
26525,montez de quarante-sept,0,47
26526,montez de vingt-sept,0,27
26527,montez de trente-trois,0,33
26528,montez de quatorze,0,14
26529,montez de quatre-vingt-six,0,86
26530,montez de soixante-dix-neuf,0,79
26531,montez de soixante-dix-sept,0,77
26532,montez de quatre-vingt-dix,0,90
26533,montez de quatre,0,4
26534,montez de soixante-deux,0,62
26535,montez de trente-huit,0,38
26536,montez de cinquante-sept,0,57
26537,montez de cinquante-neuf,0,59
26538,montez de soixante-quatorze,0,74
26539,montez de vingt-sept,0,27
26540,montez de trente-deux,0,32
26541,montez de cinquante-sept,0,57
26542,montez de douze,0,12
26543,montez de cent,0,100
26544,montez de cinq,0,5
26545,montez de soixante-seize,0,76
26546,montez de trente-trois,0,33
26547,montez de vingt,0,20
26548,montez de quatre-vingt-seize,0,96
26549,montez de dix-huit,0,18
26550,montez de trente-sept,0,37
26551,montez de vingt-six,0,26
26552,montez de soixante-sept,0,67
26553,montez de quatre-vingt-neuf,0,89
26554,montez de vingt-sept,0,27
26555,montez de quarante-deux,0,42
26556,montez de trente et un,0,31
26557,montez de cinquante-huit,0,58
26558,montez de soixante-dix-huit,0,78
26559,montez de trente et un,0,31
26560,montez de quatre-vingt-neuf,0,89
26561,montez de trente-cinq,0,35
26562,montez de soixante-quatre,0,64
26563,montez de quarante-neuf,0,49
26564,montez de soixante-quinze,0,75
26565,montez de deux,0,2
26566,montez de quatre-vingt-un,0,81
26567,montez de trente-six,0,36
26568,montez de vingt et un,0,21
26569,montez de vingt et un,0,21
26570,montez de cinquante-cinq,0,55
26571,montez de quatre-vingt-huit,0,88
26572,montez de soixante-quatorze,0,74
26573,montez de sept,0,7
26574,montez de huit,0,8
26575,montez de cinquante-neuf,0,59
26576,montez de vingt-deux,0,22
26577,montez de soixante-dix,0,70
26578,montez de quatre-vingt-quatorze,0,94
26579,montez de vingt-deux,0,22
26580,montez de dix-neuf,0,19
26581,montez de quinze,0,15
26582,montez de quatre-vingt-seize,0,96
26583,montez de quatre-vingt-quinze,0,95
26584,montez de dix-neuf,0,19
26585,montez de quarante-deux,0,42
26586,montez de quatre-vingt-six,0,86
26587,montez de quarante-sept,0,47
26588,montez de soixante-dix-sept,0,77
26589,montez de quatre-vingt-cinq,0,85
26590,montez de quarante-deux,0,42
26591,montez de trente-huit,0,38
26592,montez de soixante,0,60
26593,montez de vingt-six,0,26
26594,montez de quatre-vingt-huit,0,88
26595,montez de vingt-huit,0,28
26596,montez de quarante,0,40
26597,montez de onze,0,11
26598,montez de cinquante-huit,0,58
26599,montez de cinquante-six,0,56
26600,montez de quatre,0,4
26601,montez de soixante-dix-huit,0,78
26602,montez de vingt-sept,0,27
26603,montez de soixante-six,0,66
26604,montez de sept,0,7
26605,montez de cinquante-deux,0,52
26606,montez de quatre-vingt-dix-huit,0,98
26607,montez de quatre-vingt-un,0,81
26608,montez de soixante-quatre,0,64
26609,montez de quatorze,0,14
26610,montez de soixante-neuf,0,69
26611,montez de soixante-dix,0,70
26612,montez de soixante-neuf,0,69
26613,montez de huit,0,8
26614,montez de trente-cinq,0,35
26615,montez de soixante et onze,0,71
26616,montez de cinq,0,5
26617,montez de quatre-vingt-dix-huit,0,98
26618,montez de cinquante-sept,0,57
26619,montez de soixante-dix-huit,0,78
26620,montez de cinquante-huit,0,58
26621,montez de soixante-dix-neuf,0,79
26622,montez de vingt-six,0,26
26623,montez de trente et un,0,31
26624,montez de dix-neuf,0,19
26625,montez de vingt-cinq,0,25
26626,montez de trente,0,30
26627,montez de trente-cinq,0,35
26628,montez de trente-deux,0,32
26629,montez de soixante et un,0,61
26630,montez de dix,0,10
26631,montez de vingt-deux,0,22
26632,montez de trente,0,30
26633,montez de cinquante-cinq,0,55
26634,montez de quatre-vingt-quatorze,0,94
26635,montez de trois,0,3
26636,montez de quarante-huit,0,48
26637,montez de quatre-vingts,0,80
26638,montez de quatre-vingt-sept,0,87
26639,montez de vingt-sept,0,27
26640,montez de neuf,0,9
26641,montez de quatre,0,4
26642,montez de dix-neuf,0,19
26643,montez de quarante-six,0,46
26644,montez de soixante-quatorze,0,74
26645,montez de soixante-quinze,0,75
26646,montez de quarante-neuf,0,49
26647,montez de soixante-deux,0,62
26648,montez de soixante-treize,0,73
26649,montez de soixante-quatre,0,64
26650,montez de quarante-six,0,46
26651,montez de trois,0,3
26652,montez de trente-cinq,0,35
26653,montez de un,0,1
26654,montez de quarante-six,0,46
26655,montez de quatre-vingt-six,0,86
26656,montez de vingt-cinq,0,25
26657,montez de trente-huit,0,38
26658,montez de quatre-vingt-sept,0,87
26659,montez de soixante-dix,0,70
26660,montez de trente-deux,0,32
26661,montez de soixante-seize,0,76
26662,montez de quatre-vingt-onze,0,91
26663,montez de cinquante-huit,0,58
26664,montez de huit,0,8
26665,montez de trente,0,30
26666,montez de trente-quatre,0,34
26667,montez de soixante-dix-sept,0,77
26668,montez de vingt-trois,0,23
26669,montez de quatre-vingt-dix-sept,0,97
26670,montez de quatre-vingt-quatre,0,84
26671,montez de cinquante-huit,0,58
26672,montez de cinquante-sept,0,57
26673,montez de dix-huit,0,18
26674,montez de vingt-six,0,26
26675,montez de quatre-vingt-dix-neuf,0,99
26676,montez de six,0,6
26677,montez de quatre-vingt-neuf,0,89
26678,montez de vingt-deux,0,22
26679,montez de cinquante-deux,0,52
26680,montez de cinquante,0,50
26681,montez de soixante-quinze,0,75
26682,montez de soixante-six,0,66
26683,montez de soixante et un,0,61
26684,montez de trente,0,30
26685,montez de quatre-vingt-cinq,0,85
26686,montez de cinquante-six,0,56
26687,montez de vingt-trois,0,23
26688,montez de quarante-six,0,46
26689,montez de quatre-vingt-dix-huit,0,98
26690,montez de cinquante-sept,0,57
26691,montez de cinquante-cinq,0,55
26692,montez de soixante-dix,0,70
26693,montez de cinquante-quatre,0,54
26694,montez de quatre-vingt-neuf,0,89
26695,montez de quatre-vingt-deux,0,82
26696,montez de dix-huit,0,18
26697,montez de soixante et onze,0,71
26698,montez de quatre-vingts,0,80
26699,montez de vingt-sept,0,27
26700,montez de quarante-six,0,46
26701,montez de trente-huit,0,38
26702,montez de vingt-quatre,0,24
26703,montez de cinquante et un,0,51
26704,montez de cinquante et un,0,51
26705,montez de vingt,0,20
26706,montez de vingt-deux,0,22
26707,montez de quatre-vingt-neuf,0,89
26708,montez de soixante et onze,0,71
26709,montez de quatre-vingt-dix-neuf,0,99
26710,montez de quatre-vingts,0,80
26711,montez de quarante-trois,0,43
26712,montez de vingt-six,0,26
26713,montez de soixante-quatorze,0,74
26714,montez de quatre-vingt-dix-huit,0,98
26715,montez de deux,0,2
26716,montez de trente-sept,0,37
26717,montez de trois,0,3
26718,montez de quarante-six,0,46
26719,montez de soixante-quatre,0,64
26720,montez de trente-sept,0,37
26721,montez de soixante-sept,0,67
26722,montez de deux,0,2
26723,montez de quatre-vingt-dix-neuf,0,99
26724,montez de cinquante,0,50
26725,montez de cinquante,0,50
26726,montez de quatre-vingt-dix-huit,0,98
26727,montez de trente-sept,0,37
26728,montez de quatre-vingt-huit,0,88
26729,montez de quatre-vingt-six,0,86
26730,montez de trois,0,3
26731,montez de quarante-sept,0,47
26732,montez de soixante-dix,0,70
26733,montez de soixante-six,0,66
26734,montez de soixante-quatorze,0,74
26735,montez de vingt-cinq,0,25
26736,montez de quarante-cinq,0,45
26737,montez de trente-neuf,0,39
26738,montez de soixante-douze,0,72
26739,montez de soixante-douze,0,72
26740,montez de soixante-six,0,66
26741,montez de quatre-vingt-six,0,86
26742,montez de vingt et un,0,21
26743,montez de quatre-vingt-neuf,0,89
26744,montez de trente,0,30
26745,montez de dix-sept,0,17
26746,montez de vingt-huit,0,28
26747,montez de soixante-neuf,0,69
26748,montez de quatre-vingt-six,0,86
26749,montez de quatre-vingt-seize,0,96
26750,montez de quarante-six,0,46
26751,montez de quatre-vingt-quinze,0,95
26752,montez de quatre-vingt-quinze,0,95
26753,montez de quarante-huit,0,48
26754,montez de vingt et un,0,21
26755,montez de vingt-trois,0,23
26756,montez de quatre-vingt-huit,0,88
26757,montez de cinquante-quatre,0,54
26758,montez de cinquante-six,0,56
26759,montez de cinquante-cinq,0,55
26760,montez de quatre-vingt-un,0,81
26761,montez de quarante-cinq,0,45
26762,montez de dix-huit,0,18
26763,montez de soixante et un,0,61
26764,montez de huit,0,8
26765,montez de quarante et un,0,41
26766,montez de quatorze,0,14
26767,montez de quatre-vingt-deux,0,82
26768,montez de quarante-six,0,46
26769,montez de cinq,0,5
26770,montez de trente-six,0,36
26771,montez de soixante-neuf,0,69
26772,montez de soixante-dix-neuf,0,79
26773,montez de quarante-cinq,0,45
26774,montez de quinze,0,15
26775,montez de soixante-dix,0,70
26776,montez de quatre-vingt-quinze,0,95
26777,montez de soixante-trois,0,63
26778,montez de huit,0,8
26779,montez de trente,0,30
26780,montez de soixante-deux,0,62
26781,montez de quatre-vingt-quinze,0,95
26782,montez de quatre-vingt-dix-huit,0,98
26783,montez de dix-sept,0,17
26784,montez de soixante-quatre,0,64
26785,montez de quatre,0,4
26786,montez de soixante-quatorze,0,74
26787,montez de un,0,1
26788,montez de six,0,6
26789,montez de quatre-vingt-quinze,0,95
26790,montez de quarante,0,40
26791,montez de vingt,0,20
26792,montez de soixante-neuf,0,69
26793,montez de trente-trois,0,33
26794,montez de douze,0,12
26795,montez de treize,0,13
26796,montez de soixante-sept,0,67
26797,montez de quatre-vingt-treize,0,93
26798,montez de soixante-seize,0,76
26799,montez de trente-deux,0,32
26800,montez de vingt-neuf,0,29
26801,montez de deux,0,2
26802,montez de quatre-vingt-six,0,86
26803,montez de vingt,0,20
26804,montez de cinquante-neuf,0,59
26805,montez de vingt-quatre,0,24
26806,montez de soixante-cinq,0,65
26807,montez de quatre-vingt-onze,0,91
26808,montez de trente-huit,0,38
26809,montez de six,0,6
26810,montez de quatre-vingt-cinq,0,85
26811,montez de vingt et un,0,21
26812,montez de cinquante,0,50
26813,montez de dix-neuf,0,19
26814,montez de trente-cinq,0,35
26815,montez de quarante-huit,0,48
26816,montez de seize,0,16
26817,montez de vingt-cinq,0,25
26818,montez de vingt,0,20
26819,montez de cinquante-quatre,0,54
26820,montez de quatorze,0,14
26821,montez de cinquante-trois,0,53
26822,montez de quatre-vingt-dix,0,90
26823,montez de vingt-neuf,0,29
26824,montez de trente-six,0,36
26825,montez de soixante et onze,0,71
26826,montez de quarante et un,0,41
26827,montez de cent,0,100
26828,montez de onze,0,11
26829,montez de cinquante et un,0,51
26830,montez de quatre-vingt-quatorze,0,94
26831,montez de onze,0,11
26832,montez de soixante-treize,0,73
26833,montez de soixante-quinze,0,75
26834,montez de soixante-six,0,66
26835,montez de vingt,0,20
26836,montez de quatre-vingt-neuf,0,89
26837,montez de quatre-vingt-neuf,0,89
26838,montez de cinq,0,5
26839,montez de quatorze,0,14
26840,montez de quatorze,0,14
26841,montez de cinquante-deux,0,52
26842,montez de trente-huit,0,38
26843,montez de vingt-quatre,0,24
26844,montez de trente-deux,0,32
26845,montez de soixante-quatorze,0,74
26846,montez de onze,0,11
26847,montez de soixante et un,0,61
26848,montez de soixante-quatorze,0,74
26849,montez de quatre-vingt-treize,0,93
26850,montez de quarante et un,0,41
26851,montez de quatre-vingts,0,80
26852,montez de trente-deux,0,32
26853,montez de cinquante-cinq,0,55
26854,montez de deux,0,2
26855,montez de quatre-vingt-dix-sept,0,97
26856,montez de dix-sept,0,17
26857,montez de trente-huit,0,38
26858,montez de quarante-quatre,0,44
26859,montez de soixante-dix,0,70
26860,montez de soixante-sept,0,67
26861,montez de soixante-seize,0,76
26862,montez de vingt-huit,0,28
26863,montez de sept,0,7
26864,montez de soixante et onze,0,71
26865,montez de cinquante-deux,0,52
26866,montez de trente-quatre,0,34
26867,montez de quinze,0,15
26868,montez de quarante-sept,0,47
26869,montez de cinquante-six,0,56
26870,montez de dix-huit,0,18
26871,montez de trente-six,0,36
26872,montez de huit,0,8
26873,montez de cinquante-huit,0,58
26874,montez de quatre-vingt-dix-sept,0,97
26875,montez de dix-huit,0,18
26876,montez de soixante-quatorze,0,74
26877,montez de trente,0,30
26878,montez de trente-trois,0,33
26879,montez de deux,0,2
26880,montez de quarante-neuf,0,49
26881,montez de vingt-neuf,0,29
26882,montez de cinquante-trois,0,53
26883,montez de cent,0,100
26884,montez de cinq,0,5
26885,montez de seize,0,16
26886,montez de cinquante-sept,0,57
26887,montez de quatre-vingt-deux,0,82
26888,montez de vingt et un,0,21
26889,montez de trente-deux,0,32
26890,montez de trente-neuf,0,39
26891,montez de dix-neuf,0,19
26892,montez de trente-neuf,0,39
26893,montez de quatre-vingt-douze,0,92
26894,montez de trois,0,3
26895,montez de quarante-neuf,0,49
26896,montez de neuf,0,9
26897,montez de quatorze,0,14
26898,montez de deux,0,2
26899,montez de quatre-vingt-dix-sept,0,97
26900,montez de quarante-neuf,0,49
26901,montez de cinquante-deux,0,52
26902,montez de quatre-vingt-seize,0,96
26903,montez de trente-quatre,0,34
26904,montez de dix-huit,0,18
26905,montez de quarante-quatre,0,44
26906,montez de quarante-trois,0,43
26907,montez de trente et un,0,31
26908,montez de soixante-douze,0,72
26909,montez de quatre-vingt-dix-sept,0,97
26910,montez de vingt-trois,0,23
26911,montez de cinquante-trois,0,53
26912,montez de dix-neuf,0,19
26913,montez de quarante-quatre,0,44
26914,montez de trente-sept,0,37
26915,montez de cinquante-six,0,56
26916,montez de six,0,6
26917,montez de quatre-vingt-huit,0,88
26918,montez de soixante-huit,0,68
26919,montez de trois,0,3
26920,montez de soixante et onze,0,71
26921,montez de trente et un,0,31
26922,montez de soixante-quatorze,0,74
26923,montez de onze,0,11
26924,montez de cinquante-huit,0,58
26925,montez de trente-cinq,0,35
26926,montez de quarante-six,0,46
26927,montez de quatre-vingt-dix,0,90
26928,montez de quatre-vingt-quatre,0,84
26929,montez de quatre-vingt-deux,0,82
26930,montez de soixante-sept,0,67
26931,montez de trente et un,0,31
26932,montez de soixante-dix,0,70
26933,montez de six,0,6
26934,montez de seize,0,16
26935,montez de huit,0,8
26936,montez de soixante-douze,0,72
26937,montez de quatre-vingt-dix-neuf,0,99
26938,montez de trente-cinq,0,35
26939,montez de quarante-huit,0,48
26940,montez de vingt-sept,0,27
26941,montez de dix,0,10
26942,montez de soixante-sept,0,67
26943,montez de soixante-trois,0,63
26944,montez de dix,0,10
26945,montez de cinquante-deux,0,52
26946,montez de quarante-huit,0,48
26947,montez de cinquante-sept,0,57
26948,montez de trente-huit,0,38
26949,montez de quatre-vingt-dix-huit,0,98
26950,montez de dix-sept,0,17
26951,montez de soixante-dix-neuf,0,79
26952,montez de quatorze,0,14
26953,montez de vingt-six,0,26
26954,montez de soixante-neuf,0,69
26955,montez de cinquante-sept,0,57
26956,montez de vingt-neuf,0,29
26957,montez de soixante-seize,0,76
26958,montez de vingt-neuf,0,29
26959,montez de quatre-vingt-seize,0,96
26960,montez de sept,0,7
26961,montez de quatre-vingt-quatorze,0,94
26962,montez de quatorze,0,14
26963,montez de quarante-sept,0,47
26964,montez de quatre-vingt-deux,0,82
26965,montez de huit,0,8
26966,montez de douze,0,12
26967,montez de soixante-cinq,0,65
26968,montez de quatre-vingt-quatorze,0,94
26969,montez de soixante-trois,0,63
26970,montez de dix,0,10
26971,montez de quatorze,0,14
26972,montez de soixante-dix-huit,0,78
26973,montez de quarante-deux,0,42
26974,montez de soixante-neuf,0,69
26975,montez de soixante-huit,0,68
26976,montez de seize,0,16
26977,montez de cinquante,0,50
26978,montez de treize,0,13
26979,montez de cinquante,0,50
26980,montez de cinquante-sept,0,57
26981,montez de huit,0,8
26982,montez de soixante et un,0,61
26983,montez de quatre-vingt-dix,0,90
26984,montez de quatre,0,4
26985,montez de trois,0,3
26986,montez de trente-huit,0,38
26987,montez de vingt,0,20
26988,montez de cinquante-huit,0,58
26989,montez de soixante,0,60
26990,montez de soixante-sept,0,67
26991,montez de quatre-vingt-quatre,0,84
26992,montez de quarante-trois,0,43
26993,montez de deux,0,2
26994,montez de quarante-deux,0,42
26995,montez de un,0,1
26996,montez de cinquante-cinq,0,55
26997,montez de soixante-deux,0,62
26998,montez de trente-huit,0,38
26999,montez de vingt-huit,0,28
27000,descendez de soixante et onze,0,-71
27001,descendez de quatre-vingt-quinze,0,-95
27002,descendez de soixante-deux,0,-62
27003,descendez de quatre-vingt-quatre,0,-84
27004,descendez de quatre-vingts,0,-80
27005,descendez de quinze,0,-15
27006,descendez de quatorze,0,-14
27007,descendez de cinquante,0,-50
27008,descendez de vingt-sept,0,-27
27009,descendez de quinze,0,-15
27010,descendez de soixante-dix-huit,0,-78
27011,descendez de quarante-huit,0,-48
27012,descendez de trois,0,-3
27013,descendez de soixante-dix-sept,0,-77
27014,descendez de quatre-vingt-douze,0,-92
27015,descendez de quatre-vingt-trois,0,-83
27016,descendez de quatre-vingt-trois,0,-83
27017,descendez de cinquante-six,0,-56
27018,descendez de quarante-sept,0,-47
27019,descendez de soixante,0,-60
27020,descendez de soixante-huit,0,-68
27021,descendez de quatre-vingt-dix-neuf,0,-99
27022,descendez de vingt,0,-20
27023,descendez de soixante-cinq,0,-65
27024,descendez de dix-neuf,0,-19
27025,descendez de quarante-quatre,0,-44
27026,descendez de quatre-vingt-six,0,-86
27027,descendez de quarante-cinq,0,-45
27028,descendez de soixante-dix-huit,0,-78
27029,descendez de quatre-vingt-cinq,0,-85
27030,descendez de quarante-six,0,-46
27031,descendez de trente-cinq,0,-35
27032,descendez de quatre-vingt-quinze,0,-95
27033,descendez de quatre,0,-4
27034,descendez de seize,0,-16
27035,descendez de cinquante-neuf,0,-59
27036,descendez de huit,0,-8
27037,descendez de seize,0,-16
27038,descendez de quarante-huit,0,-48
27039,descendez de quatre-vingt-onze,0,-91
27040,descendez de cinquante-sept,0,-57
27041,descendez de quatre-vingt-six,0,-86
27042,descendez de vingt-huit,0,-28
27043,descendez de quatre-vingt-dix-huit,0,-98
27044,descendez de vingt-neuf,0,-29
27045,descendez de trente-sept,0,-37
27046,descendez de vingt-quatre,0,-24
27047,descendez de quatre-vingt-huit,0,-88
27048,descendez de quatorze,0,-14
27049,descendez de soixante-neuf,0,-69
27050,descendez de soixante et un,0,-61
27051,descendez de vingt-deux,0,-22
27052,descendez de trois,0,-3
27053,descendez de quatre-vingts,0,-80
27054,descendez de quatre-vingt-neuf,0,-89
27055,descendez de quatre-vingt-quatre,0,-84
27056,descendez de vingt-six,0,-26
27057,descendez de quatre-vingt-dix-neuf,0,-99
27058,descendez de cinq,0,-5
27059,descendez de trente-quatre,0,-34
27060,descendez de quatre-vingts,0,-80
27061,descendez de cinquante-quatre,0,-54
27062,descendez de quarante-six,0,-46
27063,descendez de un,0,-1
27064,descendez de vingt-six,0,-26
27065,descendez de quarante,0,-40
27066,descendez de deux,0,-2
27067,descendez de quatre-vingt-quatorze,0,-94
27068,descendez de seize,0,-16
27069,descendez de soixante-six,0,-66
27070,descendez de vingt,0,-20
27071,descendez de quarante,0,-40
27072,descendez de cinquante-six,0,-56
27073,descendez de cinquante-huit,0,-58
27074,descendez de soixante et onze,0,-71
27075,descendez de six,0,-6
27076,descendez de trente,0,-30
27077,descendez de soixante-quatorze,0,-74
27078,descendez de quatre-vingts,0,-80
27079,descendez de soixante-deux,0,-62
27080,descendez de quatre-vingt-dix-sept,0,-97
27081,descendez de cent,0,-100
27082,descendez de vingt,0,-20
27083,descendez de soixante-dix-sept,0,-77
27084,descendez de vingt-quatre,0,-24
27085,descendez de douze,0,-12
27086,descendez de quatre-vingt-dix-huit,0,-98
27087,descendez de quarante-neuf,0,-49
27088,descendez de quarante et un,0,-41
27089,descendez de quatre-vingts,0,-80
27090,descendez de vingt-trois,0,-23
27091,descendez de soixante et un,0,-61
27092,descendez de soixante-trois,0,-63
27093,descendez de six,0,-6
27094,descendez de vingt-trois,0,-23
27095,descendez de quatre-vingt-dix-neuf,0,-99
27096,descendez de soixante-quatorze,0,-74
27097,descendez de quarante-huit,0,-48
27098,descendez de cinquante-quatre,0,-54
27099,descendez de soixante-six,0,-66
27100,descendez de cinquante-deux,0,-52
27101,descendez de quarante-sept,0,-47
27102,descendez de quarante et un,0,-41
27103,descendez de quarante-six,0,-46
27104,descendez de quatre-vingts,0,-80
27105,descendez de vingt-neuf,0,-29
27106,descendez de quatre-vingt-neuf,0,-89
27107,descendez de vingt,0,-20
27108,descendez de cinquante-six,0,-56
27109,descendez de trois,0,-3
27110,descendez de dix,0,-10
27111,descendez de quatre-vingt-quatre,0,-84
27112,descendez de cinquante-huit,0,-58
27113,descendez de vingt-neuf,0,-29
27114,descendez de quarante-deux,0,-42
27115,descendez de six,0,-6
27116,descendez de trente et un,0,-31
27117,descendez de trente et un,0,-31
27118,descendez de quarante-cinq,0,-45
27119,descendez de soixante et onze,0,-71
27120,descendez de quatre-vingt-neuf,0,-89
27121,descendez de quatre-vingt-onze,0,-91
27122,descendez de cinquante-deux,0,-52
27123,descendez de quatre-vingt-quinze,0,-95
27124,descendez de soixante-cinq,0,-65
27125,descendez de cinquante-six,0,-56
27126,descendez de quarante-deux,0,-42
27127,descendez de quatre-vingt-treize,0,-93
27128,descendez de quatre-vingt-dix-huit,0,-98
27129,descendez de soixante-quatorze,0,-74
27130,descendez de quatre-vingt-six,0,-86
27131,descendez de quatre-vingt-dix-neuf,0,-99
27132,descendez de soixante-huit,0,-68
27133,descendez de vingt-trois,0,-23
27134,descendez de trente-six,0,-36
27135,descendez de soixante-six,0,-66
27136,descendez de quatre-vingt-dix-huit,0,-98
27137,descendez de soixante-six,0,-66
27138,descendez de cinquante-huit,0,-58
27139,descendez de quatre-vingt-quinze,0,-95
27140,descendez de soixante et un,0,-61
27141,descendez de quarante et un,0,-41
27142,descendez de dix-neuf,0,-19
27143,descendez de huit,0,-8
27144,descendez de quatre-vingt-quatre,0,-84
27145,descendez de quatre-vingt-dix-sept,0,-97
27146,descendez de onze,0,-11
27147,descendez de soixante-douze,0,-72
27148,descendez de quarante-huit,0,-48
27149,descendez de quatre-vingt-quatorze,0,-94
27150,descendez de soixante-trois,0,-63
27151,descendez de soixante-huit,0,-68
27152,descendez de cinquante-six,0,-56
27153,descendez de soixante-quinze,0,-75
27154,descendez de cinquante,0,-50
27155,descendez de quatre-vingts,0,-80
27156,descendez de cinquante-trois,0,-53
27157,descendez de cinquante-quatre,0,-54
27158,descendez de quarante-trois,0,-43
27159,descendez de quatre-vingt-onze,0,-91
27160,descendez de cinquante,0,-50
27161,descendez de douze,0,-12
27162,descendez de quarante-trois,0,-43
27163,descendez de trente-trois,0,-33
27164,descendez de onze,0,-11
27165,descendez de quatre,0,-4
27166,descendez de vingt-huit,0,-28
27167,descendez de vingt-huit,0,-28
27168,descendez de trente-quatre,0,-34
27169,descendez de soixante-quatorze,0,-74
27170,descendez de cinquante-huit,0,-58
27171,descendez de quinze,0,-15
27172,descendez de sept,0,-7
27173,descendez de quatre-vingt-dix,0,-90
27174,descendez de cinquante-trois,0,-53
27175,descendez de trente-six,0,-36
27176,descendez de quatre-vingt-quinze,0,-95
27177,descendez de trente-neuf,0,-39
27178,descendez de soixante-dix-huit,0,-78
27179,descendez de cinquante-trois,0,-53
27180,descendez de six,0,-6
27181,descendez de quatre-vingt-huit,0,-88
27182,descendez de cinquante-trois,0,-53
27183,descendez de quatre-vingt-dix,0,-90
27184,descendez de trente-cinq,0,-35
27185,descendez de soixante-dix-sept,0,-77
27186,descendez de sept,0,-7
27187,descendez de cinquante-huit,0,-58
27188,descendez de cinquante-cinq,0,-55
27189,descendez de cinquante-deux,0,-52
27190,descendez de soixante-cinq,0,-65
27191,descendez de soixante-quatre,0,-64
27192,descendez de vingt-cinq,0,-25
27193,descendez de quatre-vingt-trois,0,-83
27194,descendez de soixante-seize,0,-76
27195,descendez de quatre-vingt-trois,0,-83
27196,descendez de quarante-huit,0,-48
27197,descendez de soixante-dix,0,-70
27198,descendez de deux,0,-2
27199,descendez de quatorze,0,-14
27200,descendez de quatre-vingt-dix-neuf,0,-99
27201,descendez de dix-huit,0,-18
27202,descendez de quatre-vingt-huit,0,-88
27203,descendez de vingt et un,0,-21
27204,descendez de quatre-vingt-cinq,0,-85
27205,descendez de douze,0,-12
27206,descendez de quatre-vingt-onze,0,-91
27207,descendez de cent,0,-100
27208,descendez de vingt-neuf,0,-29
27209,descendez de quatre-vingt-seize,0,-96
27210,descendez de un,0,-1
27211,descendez de quatre-vingt-dix-huit,0,-98
27212,descendez de vingt-quatre,0,-24
27213,descendez de quatre-vingt-dix-neuf,0,-99
27214,descendez de quinze,0,-15
27215,descendez de soixante-deux,0,-62
27216,descendez de quatorze,0,-14
27217,descendez de vingt-deux,0,-22
27218,descendez de trente-huit,0,-38
27219,descendez de quarante-sept,0,-47
27220,descendez de quarante-huit,0,-48
27221,descendez de trois,0,-3
27222,descendez de trente-six,0,-36
27223,descendez de vingt-neuf,0,-29
27224,descendez de soixante-douze,0,-72
27225,descendez de quatre-vingt-onze,0,-91
27226,descendez de quatre-vingt-dix-huit,0,-98
27227,descendez de cinquante-neuf,0,-59
27228,descendez de soixante-treize,0,-73
27229,descendez de cinq,0,-5
27230,descendez de quatre-vingt-dix,0,-90
27231,descendez de cinquante et un,0,-51
27232,descendez de quatre-vingt-trois,0,-83
27233,descendez de trente-deux,0,-32
27234,descendez de quatre-vingt-onze,0,-91
27235,descendez de quatre-vingt-treize,0,-93
27236,descendez de soixante et un,0,-61
27237,descendez de quatre-vingt-douze,0,-92
27238,descendez de quatre-vingt-trois,0,-83
27239,descendez de cinquante-huit,0,-58
27240,descendez de trois,0,-3
27241,descendez de quarante-trois,0,-43
27242,descendez de quarante-sept,0,-47
27243,descendez de trente-neuf,0,-39
27244,descendez de trente-huit,0,-38
27245,descendez de quinze,0,-15
27246,descendez de cinquante-sept,0,-57
27247,descendez de quatre-vingt-quatorze,0,-94
27248,descendez de soixante et un,0,-61
27249,descendez de quatre-vingt-dix-huit,0,-98
27250,descendez de quatre-vingt-dix-huit,0,-98
27251,descendez de dix-sept,0,-17
27252,descendez de trente-sept,0,-37
27253,descendez de cinquante,0,-50
27254,descendez de soixante-treize,0,-73
27255,descendez de quatre-vingt-onze,0,-91
27256,descendez de quatre-vingt-quatorze,0,-94
27257,descendez de seize,0,-16
27258,descendez de quarante et un,0,-41
27259,descendez de huit,0,-8
27260,descendez de cinquante et un,0,-51
27261,descendez de trente-six,0,-36
27262,descendez de dix,0,-10
27263,descendez de quatre-vingt-neuf,0,-89
27264,descendez de quarante-sept,0,-47
27265,descendez de quatre-vingt-huit,0,-88
27266,descendez de soixante-dix,0,-70
27267,descendez de cinquante-trois,0,-53
27268,descendez de vingt et un,0,-21
27269,descendez de soixante et un,0,-61
27270,descendez de vingt-trois,0,-23
27271,descendez de quatre-vingt-deux,0,-82
27272,descendez de quatre-vingt-six,0,-86
27273,descendez de dix-neuf,0,-19
27274,descendez de dix-neuf,0,-19
27275,descendez de soixante-quinze,0,-75
27276,descendez de cinquante-cinq,0,-55
27277,descendez de onze,0,-11
27278,descendez de cinquante-sept,0,-57
27279,descendez de cinquante-trois,0,-53
27280,descendez de soixante-deux,0,-62
27281,descendez de quatre-vingt-un,0,-81
27282,descendez de vingt-huit,0,-28
27283,descendez de quarante-trois,0,-43
27284,descendez de cinquante-huit,0,-58
27285,descendez de soixante,0,-60
27286,descendez de quarante-trois,0,-43
27287,descendez de neuf,0,-9
27288,descendez de quarante-cinq,0,-45
27289,descendez de cinquante-sept,0,-57
27290,descendez de quatre-vingt-onze,0,-91
27291,descendez de vingt-sept,0,-27
27292,descendez de soixante-sept,0,-67
27293,descendez de soixante-quatorze,0,-74
27294,descendez de cinq,0,-5
27295,descendez de quatre-vingt-quatorze,0,-94
27296,descendez de cinquante-trois,0,-53
27297,descendez de soixante-cinq,0,-65
27298,descendez de vingt-cinq,0,-25
27299,descendez de quatre-vingt-deux,0,-82
27300,descendez de cinquante-six,0,-56
27301,descendez de sept,0,-7
27302,descendez de quatre-vingt-deux,0,-82
27303,descendez de soixante,0,-60
27304,descendez de soixante-douze,0,-72
27305,descendez de quarante et un,0,-41
27306,descendez de cinquante-huit,0,-58
27307,descendez de soixante et onze,0,-71
27308,descendez de vingt,0,-20
27309,descendez de quatre-vingt-sept,0,-87
27310,descendez de cinquante-cinq,0,-55
27311,descendez de deux,0,-2
27312,descendez de soixante-douze,0,-72
27313,descendez de onze,0,-11
27314,descendez de quatre-vingt-quatre,0,-84
27315,descendez de trente-six,0,-36
27316,descendez de soixante-trois,0,-63
27317,descendez de soixante-dix-neuf,0,-79
27318,descendez de quatre-vingts,0,-80
27319,descendez de vingt-neuf,0,-29
27320,descendez de un,0,-1
27321,descendez de vingt,0,-20
27322,descendez de cinquante-deux,0,-52
27323,descendez de soixante et un,0,-61
27324,descendez de trente-trois,0,-33
27325,descendez de seize,0,-16
27326,descendez de cinquante et un,0,-51
27327,descendez de soixante-huit,0,-68
27328,descendez de six,0,-6
27329,descendez de dix,0,-10
27330,descendez de deux,0,-2
27331,descendez de soixante-quatre,0,-64
27332,descendez de quatre-vingt-quinze,0,-95
27333,descendez de quarante-cinq,0,-45
27334,descendez de soixante-neuf,0,-69
27335,descendez de quatre-vingt-dix-neuf,0,-99
27336,descendez de quatorze,0,-14
27337,descendez de soixante-douze,0,-72
27338,descendez de quarante-trois,0,-43
27339,descendez de vingt-huit,0,-28
27340,descendez de quatre-vingt-dix-sept,0,-97
27341,descendez de onze,0,-11
27342,descendez de quarante-cinq,0,-45
27343,descendez de cinquante-neuf,0,-59
27344,descendez de quatre-vingt-onze,0,-91
27345,descendez de soixante-dix-neuf,0,-79
27346,descendez de quatre-vingt-neuf,0,-89
27347,descendez de soixante-dix-neuf,0,-79
27348,descendez de dix,0,-10
27349,descendez de vingt-cinq,0,-25
27350,descendez de cinquante-sept,0,-57
27351,descendez de huit,0,-8
27352,descendez de trente-trois,0,-33
27353,descendez de cinquante,0,-50
27354,descendez de soixante-quatorze,0,-74
27355,descendez de trente-deux,0,-32
27356,descendez de quatre-vingt-cinq,0,-85
27357,descendez de cinq,0,-5
27358,descendez de quatre-vingt-quatre,0,-84
27359,descendez de quatre-vingt-six,0,-86
27360,descendez de cinquante-neuf,0,-59
27361,descendez de soixante-dix-sept,0,-77
27362,descendez de quatre-vingt-trois,0,-83
27363,descendez de dix-huit,0,-18
27364,descendez de deux,0,-2
27365,descendez de quarante-neuf,0,-49
27366,descendez de cinquante et un,0,-51
27367,descendez de soixante-seize,0,-76
27368,descendez de onze,0,-11
27369,descendez de quatre-vingt-sept,0,-87
27370,descendez de quatre-vingt-dix-sept,0,-97
27371,descendez de trente et un,0,-31
27372,descendez de cinquante-huit,0,-58
27373,descendez de trente et un,0,-31
27374,descendez de quatre-vingts,0,-80
27375,descendez de quatre-vingt-neuf,0,-89
27376,descendez de trente-six,0,-36
27377,descendez de quarante-trois,0,-43
27378,descendez de vingt-huit,0,-28
27379,descendez de quatre-vingt-dix,0,-90
27380,descendez de sept,0,-7
27381,descendez de quatre-vingt-treize,0,-93
27382,descendez de six,0,-6
27383,descendez de treize,0,-13
27384,descendez de quarante,0,-40
27385,descendez de quatre-vingt-onze,0,-91
27386,descendez de cinquante-cinq,0,-55
27387,descendez de soixante-neuf,0,-69
27388,descendez de soixante-seize,0,-76
27389,descendez de vingt-six,0,-26
27390,descendez de quatre-vingt-neuf,0,-89
27391,descendez de quatre-vingt-dix-huit,0,-98
27392,descendez de huit,0,-8
27393,descendez de cinq,0,-5
27394,descendez de trois,0,-3
27395,descendez de quatre-vingt-cinq,0,-85
27396,descendez de quarante-sept,0,-47
27397,descendez de sept,0,-7
27398,descendez de soixante et onze,0,-71
27399,descendez de cinq,0,-5
27400,descendez de quarante-quatre,0,-44
27401,descendez de trente-six,0,-36
27402,descendez de trente-deux,0,-32
27403,descendez de vingt-six,0,-26
27404,descendez de douze,0,-12
27405,descendez de soixante-deux,0,-62
27406,descendez de cinquante-huit,0,-58
27407,descendez de soixante-douze,0,-72
27408,descendez de soixante,0,-60
27409,descendez de soixante-six,0,-66
27410,descendez de soixante-sept,0,-67
27411,descendez de soixante-quinze,0,-75
27412,descendez de vingt-sept,0,-27
27413,descendez de soixante-dix-huit,0,-78
27414,descendez de quatre-vingt-neuf,0,-89
27415,descendez de treize,0,-13
27416,descendez de soixante-neuf,0,-69
27417,descendez de quarante-cinq,0,-45
27418,descendez de soixante-cinq,0,-65
27419,descendez de un,0,-1
27420,descendez de trente-neuf,0,-39
27421,descendez de cent,0,-100
27422,descendez de cinquante-sept,0,-57
27423,descendez de vingt-quatre,0,-24
27424,descendez de vingt-deux,0,-22
27425,descendez de trente-sept,0,-37
27426,descendez de dix-sept,0,-17
27427,descendez de vingt-quatre,0,-24
27428,descendez de vingt-neuf,0,-29
27429,descendez de vingt-sept,0,-27
27430,descendez de trente-neuf,0,-39
27431,descendez de quarante-huit,0,-48
27432,descendez de vingt-huit,0,-28
27433,descendez de vingt-six,0,-26
27434,descendez de quarante-six,0,-46
27435,descendez de quatre-vingt-neuf,0,-89
27436,descendez de onze,0,-11
27437,descendez de trente-trois,0,-33
27438,descendez de quatre-vingt-cinq,0,-85
27439,descendez de quatre-vingt-huit,0,-88
27440,descendez de dix-huit,0,-18
27441,descendez de quatorze,0,-14
27442,descendez de quatre-vingt-treize,0,-93
27443,descendez de vingt-quatre,0,-24
27444,descendez de quatre-vingt-sept,0,-87
27445,descendez de douze,0,-12
27446,descendez de vingt-sept,0,-27
27447,descendez de cinquante-cinq,0,-55
27448,descendez de six,0,-6
27449,descendez de soixante-neuf,0,-69
27450,descendez de soixante-neuf,0,-69
27451,descendez de trente-cinq,0,-35
27452,descendez de trente-sept,0,-37
27453,descendez de soixante-dix-neuf,0,-79
27454,descendez de vingt-sept,0,-27
27455,descendez de trente-cinq,0,-35
27456,descendez de cinquante-deux,0,-52
27457,descendez de soixante-seize,0,-76
27458,descendez de vingt,0,-20
27459,descendez de quarante-trois,0,-43
27460,descendez de six,0,-6
27461,descendez de dix-neuf,0,-19
27462,descendez de quatre-vingt-sept,0,-87
27463,descendez de cinquante-neuf,0,-59
27464,descendez de vingt-cinq,0,-25
27465,descendez de soixante-huit,0,-68
27466,descendez de quarante-neuf,0,-49
27467,descendez de soixante-dix-neuf,0,-79
27468,descendez de six,0,-6
27469,descendez de trois,0,-3
27470,descendez de cinquante et un,0,-51
27471,descendez de trente-cinq,0,-35
27472,descendez de vingt,0,-20
27473,descendez de trente-neuf,0,-39
27474,descendez de quarante,0,-40
27475,descendez de quatre-vingt-trois,0,-83
27476,descendez de quatre-vingt-dix-huit,0,-98
27477,descendez de vingt-huit,0,-28
27478,descendez de soixante-dix,0,-70
27479,descendez de soixante-douze,0,-72
27480,descendez de cinq,0,-5
27481,descendez de soixante-seize,0,-76
27482,descendez de quatre-vingt-dix-huit,0,-98
27483,descendez de quatre-vingt-six,0,-86
27484,descendez de soixante et un,0,-61
27485,descendez de cinquante-trois,0,-53
27486,descendez de cinq,0,-5
27487,descendez de vingt-six,0,-26
27488,descendez de quatre-vingt-dix-huit,0,-98
27489,descendez de cinquante-quatre,0,-54
27490,descendez de cinquante-huit,0,-58
27491,descendez de vingt-deux,0,-22
27492,descendez de neuf,0,-9
27493,descendez de quatre-vingt-quinze,0,-95
27494,descendez de soixante-quatorze,0,-74
27495,descendez de quarante-huit,0,-48
27496,descendez de trente-sept,0,-37
27497,descendez de neuf,0,-9
27498,descendez de vingt-neuf,0,-29
27499,descendez de quatre-vingt-dix-sept,0,-97
27500,descendez de cinquante-sept,0,-57
27501,descendez de quatre-vingt-seize,0,-96
27502,descendez de vingt-deux,0,-22
27503,descendez de vingt,0,-20
27504,descendez de quatre,0,-4
27505,descendez de quatre-vingt-un,0,-81
27506,descendez de soixante-dix,0,-70
27507,descendez de quatre-vingts,0,-80
27508,descendez de soixante-quinze,0,-75
27509,descendez de soixante-deux,0,-62
27510,descendez de quarante-neuf,0,-49
27511,descendez de soixante-dix-neuf,0,-79
27512,descendez de trente-neuf,0,-39
27513,descendez de huit,0,-8
27514,descendez de quarante-huit,0,-48
27515,descendez de cinquante-six,0,-56
27516,descendez de quatre-vingt-quinze,0,-95
27517,descendez de quatre-vingts,0,-80
27518,descendez de neuf,0,-9
27519,descendez de soixante-deux,0,-62
27520,descendez de quatre-vingt-quinze,0,-95
27521,descendez de soixante-huit,0,-68
27522,descendez de quarante,0,-40
27523,descendez de trente-huit,0,-38
27524,descendez de trente et un,0,-31
27525,descendez de seize,0,-16
27526,descendez de dix-sept,0,-17
27527,descendez de trois,0,-3
27528,descendez de quatre-vingt-dix-neuf,0,-99
27529,descendez de deux,0,-2
27530,descendez de vingt-trois,0,-23
27531,descendez de soixante-douze,0,-72
27532,descendez de soixante-dix-sept,0,-77
27533,descendez de quatorze,0,-14
27534,descendez de trente,0,-30
27535,descendez de soixante-dix-huit,0,-78
27536,descendez de soixante-trois,0,-63
27537,descendez de cinq,0,-5
27538,descendez de quarante-six,0,-46
27539,descendez de vingt-quatre,0,-24
27540,descendez de soixante-treize,0,-73
27541,descendez de quatre-vingt-quatorze,0,-94
27542,descendez de quatre-vingt-seize,0,-96
27543,descendez de quatre-vingt-huit,0,-88
27544,descendez de trente-quatre,0,-34
27545,descendez de cinquante-deux,0,-52
27546,descendez de soixante,0,-60
27547,descendez de cent,0,-100
27548,descendez de vingt-trois,0,-23
27549,descendez de quarante-six,0,-46
27550,descendez de quatre-vingt-dix-neuf,0,-99
27551,descendez de trente-deux,0,-32
27552,descendez de vingt-neuf,0,-29
27553,descendez de soixante-treize,0,-73
27554,descendez de soixante-dix,0,-70
27555,descendez de quatre-vingt-quinze,0,-95
27556,descendez de trente et un,0,-31
27557,descendez de trente-cinq,0,-35
27558,descendez de trente-huit,0,-38
27559,descendez de vingt,0,-20
27560,descendez de quatre-vingt-dix-neuf,0,-99
27561,descendez de quatre-vingt-seize,0,-96
27562,descendez de deux,0,-2
27563,descendez de vingt et un,0,-21
27564,descendez de cinquante-six,0,-56
27565,descendez de vingt et un,0,-21
27566,descendez de soixante-cinq,0,-65
27567,descendez de soixante-cinq,0,-65
27568,descendez de soixante-douze,0,-72
27569,descendez de soixante-quinze,0,-75
27570,descendez de quarante-neuf,0,-49
27571,descendez de dix,0,-10
27572,descendez de quatre-vingt-quatorze,0,-94
27573,descendez de cinquante-sept,0,-57
27574,descendez de douze,0,-12
27575,descendez de cinquante-trois,0,-53
27576,descendez de soixante-dix,0,-70
27577,descendez de quatre-vingt-deux,0,-82
27578,descendez de soixante-douze,0,-72
27579,descendez de quarante-neuf,0,-49
27580,descendez de trente-cinq,0,-35
27581,descendez de soixante et onze,0,-71
27582,descendez de huit,0,-8
27583,descendez de quarante-quatre,0,-44
27584,descendez de vingt-deux,0,-22
27585,descendez de quatorze,0,-14
27586,descendez de soixante et un,0,-61
27587,descendez de quatre-vingt-dix-huit,0,-98
27588,descendez de cinquante-trois,0,-53
27589,descendez de huit,0,-8
27590,descendez de quinze,0,-15
27591,descendez de soixante-quatre,0,-64
27592,descendez de quatre,0,-4
27593,descendez de vingt-six,0,-26
27594,descendez de vingt-huit,0,-28
27595,descendez de cinquante et un,0,-51
27596,descendez de quarante-trois,0,-43
27597,descendez de trente-deux,0,-32
27598,descendez de cinquante,0,-50
27599,descendez de un,0,-1
27600,descendez de quarante-neuf,0,-49
27601,descendez de soixante-neuf,0,-69
27602,descendez de soixante et onze,0,-71
27603,descendez de soixante et un,0,-61
27604,descendez de soixante et un,0,-61
27605,descendez de trente-quatre,0,-34
27606,descendez de cinquante,0,-50
27607,descendez de cinquante-deux,0,-52
27608,descendez de quarante,0,-40
27609,descendez de quatre-vingt-treize,0,-93
27610,descendez de cinquante-trois,0,-53
27611,descendez de vingt et un,0,-21
27612,descendez de vingt-six,0,-26
27613,descendez de vingt-trois,0,-23
27614,descendez de quatre-vingt-un,0,-81
27615,descendez de cinquante-sept,0,-57
27616,descendez de vingt-cinq,0,-25
27617,descendez de soixante-dix,0,-70
27618,descendez de onze,0,-11
27619,descendez de vingt-trois,0,-23
27620,descendez de quatre-vingt-cinq,0,-85
27621,descendez de vingt et un,0,-21
27622,descendez de quatorze,0,-14
27623,descendez de cinquante,0,-50
27624,descendez de quarante-neuf,0,-49
27625,descendez de cinquante-cinq,0,-55
27626,descendez de quarante,0,-40
27627,descendez de trente et un,0,-31
27628,descendez de quinze,0,-15
27629,descendez de sept,0,-7
27630,descendez de quarante-trois,0,-43
27631,descendez de quarante et un,0,-41
27632,descendez de quatre-vingt-dix,0,-90
27633,descendez de quatorze,0,-14
27634,descendez de trois,0,-3
27635,descendez de soixante-dix-huit,0,-78
27636,descendez de quatre-vingt-six,0,-86
27637,descendez de quarante-cinq,0,-45
27638,descendez de trente-trois,0,-33
27639,descendez de soixante-dix-sept,0,-77
27640,descendez de deux,0,-2
27641,descendez de cinquante et un,0,-51
27642,descendez de douze,0,-12
27643,descendez de soixante-seize,0,-76
27644,descendez de trente-quatre,0,-34
27645,descendez de quarante-huit,0,-48
27646,descendez de quatre-vingts,0,-80
27647,descendez de quarante et un,0,-41
27648,descendez de quatre-vingt-trois,0,-83
27649,descendez de quatre-vingt-neuf,0,-89
27650,descendez de soixante-huit,0,-68
27651,descendez de cinquante-neuf,0,-59
27652,descendez de vingt-sept,0,-27
27653,descendez de soixante-cinq,0,-65
27654,descendez de cinquante-quatre,0,-54
27655,descendez de soixante,0,-60
27656,descendez de soixante-quatre,0,-64
27657,descendez de cinquante-six,0,-56
27658,descendez de quarante-quatre,0,-44
27659,descendez de quatre-vingt-trois,0,-83
27660,descendez de quarante-trois,0,-43
27661,descendez de quarante,0,-40
27662,descendez de soixante-deux,0,-62
27663,descendez de cinq,0,-5
27664,descendez de vingt-trois,0,-23
27665,descendez de trente,0,-30
27666,descendez de soixante-neuf,0,-69
27667,descendez de trente-trois,0,-33
27668,descendez de soixante-seize,0,-76
27669,descendez de trente,0,-30
27670,descendez de quarante-six,0,-46
27671,descendez de trente-trois,0,-33
27672,descendez de quatre-vingt-cinq,0,-85
27673,descendez de quarante-neuf,0,-49
27674,descendez de quatre-vingt-sept,0,-87
27675,descendez de quarante-sept,0,-47
27676,descendez de trente-deux,0,-32
27677,descendez de quatre-vingt-un,0,-81
27678,descendez de quarante-cinq,0,-45
27679,descendez de quatre-vingt-dix-neuf,0,-99
27680,descendez de dix-sept,0,-17
27681,descendez de trente-deux,0,-32
27682,descendez de quatre-vingt-six,0,-86
27683,descendez de six,0,-6
27684,descendez de onze,0,-11
27685,descendez de quarante-deux,0,-42
27686,descendez de sept,0,-7
27687,descendez de quatre-vingt-quatre,0,-84
27688,descendez de trente,0,-30
27689,descendez de quatre-vingt-dix-huit,0,-98
27690,descendez de vingt-trois,0,-23
27691,descendez de quatre-vingt-quatorze,0,-94
27692,descendez de soixante-huit,0,-68
27693,descendez de dix-huit,0,-18
27694,descendez de quatre-vingt-quinze,0,-95
27695,descendez de vingt et un,0,-21
27696,descendez de seize,0,-16
27697,descendez de quatre-vingt-huit,0,-88
27698,descendez de vingt-trois,0,-23
27699,descendez de seize,0,-16
27700,descendez de quatre-vingt-seize,0,-96
27701,descendez de quarante et un,0,-41
27702,descendez de cinquante-huit,0,-58
27703,descendez de vingt-six,0,-26
27704,descendez de quarante-cinq,0,-45
27705,descendez de cinquante-trois,0,-53
27706,descendez de soixante-neuf,0,-69
27707,descendez de treize,0,-13
27708,descendez de vingt-huit,0,-28
27709,descendez de quatre-vingt-neuf,0,-89
27710,descendez de soixante-dix,0,-70
27711,descendez de quatre-vingt-onze,0,-91
27712,descendez de quarante et un,0,-41
27713,descendez de cinquante-cinq,0,-55
27714,descendez de quarante,0,-40
27715,descendez de soixante-quatre,0,-64
27716,descendez de soixante-quinze,0,-75
27717,descendez de soixante-dix-sept,0,-77
27718,descendez de dix-sept,0,-17
27719,descendez de douze,0,-12
27720,descendez de soixante-dix,0,-70
27721,descendez de vingt,0,-20
27722,descendez de soixante-dix,0,-70
27723,descendez de quatre,0,-4
27724,descendez de soixante-cinq,0,-65
27725,descendez de treize,0,-13
27726,descendez de soixante-dix-sept,0,-77
27727,descendez de soixante et onze,0,-71
27728,descendez de quarante et un,0,-41
27729,descendez de vingt-trois,0,-23
27730,descendez de cinquante-quatre,0,-54
27731,descendez de soixante et onze,0,-71
27732,descendez de sept,0,-7
27733,descendez de quatre-vingt-treize,0,-93
27734,descendez de quarante-sept,0,-47
27735,descendez de cinquante-trois,0,-53
27736,descendez de soixante-quatorze,0,-74
27737,descendez de quatre-vingt-douze,0,-92
27738,descendez de quarante-cinq,0,-45
27739,descendez de soixante-treize,0,-73
27740,descendez de un,0,-1
27741,descendez de cinquante-quatre,0,-54
27742,descendez de cinquante,0,-50
27743,descendez de cinquante-six,0,-56
27744,descendez de soixante-neuf,0,-69
27745,descendez de neuf,0,-9
27746,descendez de deux,0,-2
27747,descendez de dix-huit,0,-18
27748,descendez de quarante-six,0,-46
27749,descendez de neuf,0,-9
27750,descendez de soixante-dix-huit,0,-78
27751,descendez de quatre-vingt-dix-huit,0,-98
27752,descendez de quatorze,0,-14
27753,descendez de quatre-vingt-dix-huit,0,-98
27754,descendez de soixante-dix,0,-70
27755,descendez de quatre-vingt-dix-sept,0,-97
27756,descendez de quarante-neuf,0,-49
27757,descendez de neuf,0,-9
27758,descendez de dix-neuf,0,-19
27759,descendez de dix-neuf,0,-19
27760,descendez de quatre-vingt-sept,0,-87
27761,descendez de quatre-vingt-dix,0,-90
27762,descendez de vingt-huit,0,-28
27763,descendez de soixante,0,-60
27764,descendez de quatre-vingt-deux,0,-82
27765,descendez de quatre-vingt-cinq,0,-85
27766,descendez de trente-huit,0,-38
27767,descendez de soixante-deux,0,-62
27768,descendez de quatre-vingt-trois,0,-83
27769,descendez de cinq,0,-5
27770,descendez de soixante-dix-neuf,0,-79
27771,descendez de dix,0,-10
27772,descendez de trente et un,0,-31
27773,descendez de quatre-vingt-quatre,0,-84
27774,descendez de soixante-quinze,0,-75
27775,descendez de dix-huit,0,-18
27776,descendez de trente-huit,0,-38
27777,descendez de quarante-neuf,0,-49
27778,descendez de dix-sept,0,-17
27779,descendez de quatre-vingt-deux,0,-82
27780,descendez de soixante-quinze,0,-75
27781,descendez de cinquante-trois,0,-53
27782,descendez de quatre-vingt-dix,0,-90
27783,descendez de cinquante et un,0,-51
27784,descendez de soixante-quinze,0,-75
27785,descendez de soixante-huit,0,-68
27786,descendez de trente-sept,0,-37
27787,descendez de vingt-huit,0,-28
27788,descendez de soixante-dix-neuf,0,-79
27789,descendez de cinquante-sept,0,-57
27790,descendez de quatre-vingt-sept,0,-87
27791,descendez de quatre-vingt-six,0,-86
27792,descendez de soixante,0,-60
27793,descendez de quatre-vingt-huit,0,-88
27794,descendez de deux,0,-2
27795,descendez de trente-six,0,-36
27796,descendez de quarante-six,0,-46
27797,descendez de vingt,0,-20
27798,descendez de trente-neuf,0,-39
27799,descendez de soixante-huit,0,-68
27800,descendez de soixante et un,0,-61
27801,descendez de soixante-quatorze,0,-74
27802,descendez de soixante-douze,0,-72
27803,descendez de trente-six,0,-36
27804,descendez de vingt,0,-20
27805,descendez de vingt-quatre,0,-24
27806,descendez de soixante-huit,0,-68
27807,descendez de cinquante-trois,0,-53
27808,descendez de soixante-dix-sept,0,-77
27809,descendez de quarante et un,0,-41
27810,descendez de soixante-six,0,-66
27811,descendez de soixante et un,0,-61
27812,descendez de trente et un,0,-31
27813,descendez de vingt-neuf,0,-29
27814,descendez de quatre-vingt-cinq,0,-85
27815,descendez de soixante-huit,0,-68
27816,descendez de quatre-vingt-six,0,-86
27817,descendez de soixante-quatorze,0,-74
27818,descendez de soixante,0,-60
27819,descendez de quatre-vingt-onze,0,-91
27820,descendez de soixante-huit,0,-68
27821,descendez de soixante-cinq,0,-65
27822,descendez de quatre-vingt-six,0,-86
27823,descendez de un,0,-1
27824,descendez de soixante-dix,0,-70
27825,descendez de quarante-neuf,0,-49
27826,descendez de vingt et un,0,-21
27827,descendez de quatre-vingt-dix-neuf,0,-99
27828,descendez de quatre-vingt-quatre,0,-84
27829,descendez de trente-neuf,0,-39
27830,descendez de trois,0,-3
27831,descendez de soixante-seize,0,-76
27832,descendez de soixante-huit,0,-68
27833,descendez de vingt-deux,0,-22
27834,descendez de vingt et un,0,-21
27835,descendez de cinquante-deux,0,-52
27836,descendez de quatre-vingt-cinq,0,-85
27837,descendez de soixante-quinze,0,-75
27838,descendez de vingt-neuf,0,-29
27839,descendez de vingt,0,-20
27840,descendez de trente-six,0,-36
27841,descendez de soixante-quatre,0,-64
27842,descendez de soixante-sept,0,-67
27843,descendez de trente et un,0,-31
27844,descendez de vingt-sept,0,-27
27845,descendez de quatre-vingt-huit,0,-88
27846,descendez de seize,0,-16
27847,descendez de quarante,0,-40
27848,descendez de trois,0,-3
27849,descendez de quatre-vingt-trois,0,-83
27850,descendez de soixante-dix-huit,0,-78
27851,descendez de soixante-seize,0,-76
27852,descendez de vingt-cinq,0,-25
27853,descendez de soixante-quatre,0,-64
27854,descendez de quatre-vingt-huit,0,-88
27855,descendez de six,0,-6
27856,descendez de quatorze,0,-14
27857,descendez de quarante-deux,0,-42
27858,descendez de soixante-treize,0,-73
27859,descendez de trente-huit,0,-38
27860,descendez de un,0,-1
27861,descendez de soixante-treize,0,-73
27862,descendez de quarante,0,-40
27863,descendez de soixante-six,0,-66
27864,descendez de quarante et un,0,-41
27865,descendez de trente-quatre,0,-34
27866,descendez de cinquante-trois,0,-53
27867,descendez de quatre-vingt-quatorze,0,-94
27868,descendez de soixante-treize,0,-73
27869,descendez de quarante-deux,0,-42
27870,descendez de neuf,0,-9
27871,descendez de dix-huit,0,-18
27872,descendez de vingt-deux,0,-22
27873,descendez de dix-huit,0,-18
27874,descendez de vingt-quatre,0,-24
27875,descendez de trente-trois,0,-33
27876,descendez de vingt-cinq,0,-25
27877,descendez de quinze,0,-15
27878,descendez de dix-neuf,0,-19
27879,descendez de quatre-vingt-trois,0,-83
27880,descendez de trente-huit,0,-38
27881,descendez de soixante-sept,0,-67
27882,descendez de cinquante,0,-50
27883,descendez de cinq,0,-5
27884,descendez de dix-neuf,0,-19
27885,descendez de vingt,0,-20
27886,descendez de quatre-vingt-un,0,-81
27887,descendez de sept,0,-7
27888,descendez de quatre-vingt-huit,0,-88
27889,descendez de quatre-vingt-quatorze,0,-94
27890,descendez de quatre-vingt-un,0,-81
27891,descendez de un,0,-1
27892,descendez de quatre-vingt-sept,0,-87
27893,descendez de soixante-neuf,0,-69
27894,descendez de soixante-neuf,0,-69
27895,descendez de vingt-six,0,-26
27896,descendez de quatre-vingt-neuf,0,-89
27897,descendez de cinquante-six,0,-56
27898,descendez de quarante et un,0,-41
27899,descendez de cinquante-deux,0,-52
27900,descendez de quarante-trois,0,-43
27901,descendez de cinq,0,-5
27902,descendez de quatre-vingt-un,0,-81
27903,descendez de quarante-quatre,0,-44
27904,descendez de treize,0,-13
27905,descendez de soixante et onze,0,-71
27906,descendez de dix,0,-10
27907,descendez de quatorze,0,-14
27908,descendez de vingt-six,0,-26
27909,descendez de quarante-huit,0,-48
27910,descendez de quatre-vingt-dix-huit,0,-98
27911,descendez de quatre-vingts,0,-80
27912,descendez de trente-six,0,-36
27913,descendez de trente-deux,0,-32
27914,descendez de soixante-dix-huit,0,-78
27915,descendez de quatre-vingt-quatre,0,-84
27916,descendez de cinquante,0,-50
27917,descendez de vingt-neuf,0,-29
27918,descendez de cinquante-trois,0,-53
27919,descendez de dix-sept,0,-17
27920,descendez de trente,0,-30
27921,descendez de sept,0,-7
27922,descendez de dix-sept,0,-17
27923,descendez de quatre-vingt-deux,0,-82
27924,descendez de quarante-sept,0,-47
27925,descendez de quatre-vingt-dix-huit,0,-98
27926,descendez de soixante-quinze,0,-75
27927,descendez de soixante-quinze,0,-75
27928,descendez de quarante et un,0,-41
27929,descendez de huit,0,-8
27930,descendez de vingt-sept,0,-27
27931,descendez de cinquante-sept,0,-57
27932,descendez de quarante et un,0,-41
27933,descendez de cent,0,-100
27934,descendez de quarante-deux,0,-42
27935,descendez de deux,0,-2
27936,descendez de quarante-sept,0,-47
27937,descendez de quarante,0,-40
27938,descendez de quarante,0,-40
27939,descendez de cinquante-neuf,0,-59
27940,descendez de trente-deux,0,-32
27941,descendez de quatre-vingt-trois,0,-83
27942,descendez de quatre-vingt-huit,0,-88
27943,descendez de cinquante-huit,0,-58
27944,descendez de neuf,0,-9
27945,descendez de cinquante-cinq,0,-55
27946,descendez de dix-neuf,0,-19
27947,descendez de vingt et un,0,-21
27948,descendez de cinquante-cinq,0,-55
27949,descendez de cinq,0,-5
27950,descendez de trente-six,0,-36
27951,descendez de cinquante-huit,0,-58
27952,descendez de quatre-vingt-dix-sept,0,-97
27953,descendez de cinquante-six,0,-56
27954,descendez de soixante-quatorze,0,-74
27955,descendez de quatre-vingt-trois,0,-83
27956,descendez de quatre-vingt-dix,0,-90
27957,descendez de treize,0,-13
27958,descendez de quatre-vingt-cinq,0,-85
27959,descendez de vingt,0,-20
27960,descendez de quatre-vingt-dix-neuf,0,-99
27961,descendez de vingt,0,-20
27962,descendez de vingt-sept,0,-27
27963,descendez de cent,0,-100
27964,descendez de quatre-vingt-douze,0,-92
27965,descendez de soixante-quinze,0,-75
27966,descendez de soixante,0,-60
27967,descendez de douze,0,-12
27968,descendez de vingt et un,0,-21
27969,descendez de quatre-vingt-dix-sept,0,-97
27970,descendez de cinquante,0,-50
27971,descendez de quatre-vingt-dix-neuf,0,-99
27972,descendez de vingt et un,0,-21
27973,descendez de quatre-vingt-douze,0,-92
27974,descendez de soixante-six,0,-66
27975,descendez de six,0,-6
27976,descendez de quarante-trois,0,-43
27977,descendez de quatre-vingt-douze,0,-92
27978,descendez de quatre-vingt-dix-huit,0,-98
27979,descendez de quatre-vingt-trois,0,-83
27980,descendez de cinquante-deux,0,-52
27981,descendez de soixante-cinq,0,-65
27982,descendez de vingt-quatre,0,-24
27983,descendez de huit,0,-8
27984,descendez de quatre-vingt-treize,0,-93
27985,descendez de quatre-vingt-quinze,0,-95
27986,descendez de quatre-vingt-neuf,0,-89
27987,descendez de vingt,0,-20
27988,descendez de quatre-vingt-quatorze,0,-94
27989,descendez de cent,0,-100
27990,descendez de vingt et un,0,-21
27991,descendez de six,0,-6
27992,descendez de quatre-vingt-neuf,0,-89
27993,descendez de quatre-vingt-quatorze,0,-94
27994,descendez de onze,0,-11
27995,descendez de vingt-cinq,0,-25
27996,descendez de cinquante et un,0,-51
27997,descendez de soixante,0,-60
27998,descendez de quatre-vingt-neuf,0,-89
27999,descendez de soixante et onze,0,-71
